0,9123,163949,547,5
1,9121,162672,611,3
2,9120,162542,611,5
3,9119,162376,73,4.5
4,9118,161944,287,5
5,9117,161918,624,1.5
6,9116,161830,624,1
7,9115,161594,73,3
8,9112,161155,15,0.5
9,9111,161084,547,2.5
10,9109,160718,547,4
11,9108,160656,547,3.5
12,9107,160590,56,5
13,9106,160567,15,4
14,9105,160565,15,2
15,9104,160563,15,1
16,9104,160563,287,4
17,9103,160440,624,1.5
18,9102,160438,62,4
19,9102,160438,287,4.5
20,9101,160271,15,2.5
21,9100,160080,15,1
22,9099,159972,15,0.5
23,9098,159858,15,4
24,9098,159858,73,3.5
25,9097,159755,15,1
26,9096,159690,15,2
27,9095,159462,73,3
28,9094,159093,15,1
29,9094,159093,277,3
30,9093,158956,298,4
31,9091,158528,15,3.5
32,9090,158314,655,4.5
33,9089,158238,15,3.5
34,9089,158238,73,4
35,9088,157667,15,1.5
36,9087,157407,624,1.5
37,9086,157296,15,2
38,9086,157296,287,5
39,9086,157296,547,3
40,9085,157200,15,1.5
41,9084,156726,73,3.5
42,9083,156609,15,3.5
43,9083,156609,56,4
44,9082,156607,15,0.5
45,9082,156607,72,2
46,9081,156387,547,4
47,9080,156025,98,5
48,9079,155820,15,1
49,9078,155611,648,4
50,9077,155392,56,4
51,9075,153584,450,5
52,9074,152844,73,4
53,9073,152173,262,3
54,9072,152091,73,3
55,9071,152081,15,3
56,9071,152081,40,4
57,9071,152081,56,4
58,9071,152081,250,5
59,9071,152081,287,5
60,9071,152081,402,4.5
61,9071,152081,438,4
62,9071,152081,457,1.5
63,9071,152081,615,5
64,9070,152079,15,1.5
65,9069,152077,15,2
66,9069,152077,40,5
67,9069,152077,73,3.5
68,9069,152077,270,4.5
69,9069,152077,547,3.5
70,9068,152057,15,0.5
71,9067,152025,457,2.5
72,9066,152017,287,5
73,9065,151639,262,2.5
74,9064,151307,547,4.5
75,9063,150856,547,5
76,9062,150548,250,4.5
77,9062,150548,277,4
78,9062,150548,611,4
79,9061,150401,624,3
80,9060,149830,98,3
81,9059,149612,624,2
82,9058,149606,611,4.5
83,9057,149590,624,2.5
84,9056,149572,270,3
85,9055,149532,324,3
86,9054,149406,15,4
87,9054,149406,277,4
88,9054,149406,287,5
89,9053,149354,15,3.5
90,9053,149354,270,3.5
91,9053,149354,547,3.5
92,9052,149352,15,3
93,9052,149352,277,3
94,9051,148956,238,4
95,9050,148888,98,3
96,9049,148881,56,5
97,9048,148652,402,2.5
98,9047,148626,15,3.5
99,9047,148626,56,2
100,9047,148626,73,3.5
101,9047,148626,238,3
102,9047,148626,277,3.5
103,9047,148626,371,4
104,9047,148626,475,5
105,9047,148626,547,4.5
106,9047,148626,570,4
107,9047,148626,655,3
108,9045,148372,450,5
109,9044,148238,547,3
110,9043,148168,270,4
111,9042,147845,547,3.5
112,9041,147426,270,3.5
113,9040,147037,652,5
114,9039,147010,270,4
115,9038,147006,270,3
116,9037,146688,624,2
117,9036,146682,547,3.5
118,9035,146656,15,3.5
119,9035,146656,56,5
120,9035,146656,62,4
121,9035,146656,73,4
122,9035,146656,475,4.5
123,9035,146656,547,4
124,9034,146604,652,3
125,9033,146501,652,2.5
126,9032,146443,652,3
127,9031,146309,277,4
128,9030,145935,15,3
129,9030,145935,287,5
130,9029,145839,15,1
131,9028,145775,457,3
132,9027,145307,457,2.5
133,9026,145150,624,3
134,9025,144976,486,5
135,9024,144714,624,1.5
136,9023,144620,402,4
137,9021,143859,655,3
138,9020,143657,547,2
139,9019,143472,624,1.5
140,9018,143410,624,2
141,9017,143385,15,2.5
142,9017,143385,371,4.5
143,9017,143385,547,3.5
144,9016,143377,547,3.5
145,9015,143257,624,2.5
146,9014,143255,624,1.5
147,9013,142997,287,4.5
148,9013,142997,624,2.5
149,9012,142536,624,2
150,9011,142507,15,3
151,9010,142488,15,3.5
152,9010,142488,56,4
153,9010,142488,72,3
154,9010,142488,270,4.5
155,9010,142488,457,2
156,9010,142488,475,5
157,9010,142488,547,4
158,9010,142488,570,4
159,9010,142488,648,4.5
160,9009,142448,371,4
161,9009,142448,624,3
162,9008,142422,56,4
163,9007,142258,547,1.5
164,9006,142240,652,5
165,9005,142192,547,3.5
166,9004,142068,652,5
167,9003,141956,262,1
168,9002,141890,56,4
169,9001,141886,450,5
170,9000,141866,73,4
171,8999,141749,547,4
172,8998,141718,73,3.5
173,8997,141688,277,2.5
174,8996,141668,333,5
175,8995,141422,624,2.5
176,8994,141124,652,5
177,8993,140928,15,0.5
178,8993,140928,380,2
179,8993,140928,547,1.5
180,8992,140880,652,4
181,8991,140816,547,3.5
182,8990,140763,652,5
183,8989,140761,652,5
184,8988,140759,652,5
185,8987,140757,652,4
186,8986,140755,652,5
187,8985,140753,652,4
188,8984,140751,652,5
189,8983,140749,652,5
190,8982,140747,652,5
191,8981,140745,652,5
192,8980,140743,652,5
193,8979,140741,652,5
194,8978,140739,652,5
195,8977,140725,624,3
196,8976,140715,56,2
197,8976,140715,73,4
198,8976,140715,519,4.5
199,8975,140711,15,2.5
200,8975,140711,277,3.5
201,8975,140711,380,3.5
202,8974,140523,262,2.5
203,8973,140267,15,4
204,8973,140267,73,3
205,8973,140267,486,5
206,8972,140265,519,5
207,8971,140247,547,4
208,8970,140237,624,2
209,8969,140174,15,4
210,8969,140174,270,4.5
211,8969,140174,457,3.5
212,8969,140174,486,3.5
213,8969,140174,547,4
214,8968,140152,648,4
215,8967,140110,15,2.5
216,8967,140110,277,4
217,8967,140110,371,4.5
218,8967,140110,402,5
219,8966,139915,624,2
220,8965,139855,15,2
221,8964,139757,15,3.5
222,8964,139757,56,5
223,8963,139644,15,3
224,8963,139644,62,4.5
225,8963,139644,73,3.5
226,8963,139644,250,4
227,8963,139644,475,3
228,8963,139644,547,2.5
229,8963,139644,615,3.5
230,8962,139642,624,3
231,8962,139642,663,4
232,8961,139620,270,4
233,8960,139415,624,3
234,8959,139385,15,2.5
235,8959,139385,56,4
236,8959,139385,72,3.5
237,8959,139385,73,4
238,8959,139385,250,4
239,8959,139385,277,3
240,8959,139385,371,4
241,8959,139385,380,4
242,8959,139385,457,3.5
243,8959,139385,486,3.5
244,8959,139385,547,3.5
245,8959,139385,615,4
246,8958,139130,73,4
247,8957,139116,56,5
248,8956,138698,481,4.5
249,8955,138696,481,5
250,8953,138546,624,1.5
251,8952,138258,547,3
252,8951,138208,371,4.5
253,8951,138208,624,3.5
254,8950,138204,663,3.5
255,8949,138036,15,1
256,8949,138036,91,5
257,8949,138036,270,4
258,8949,138036,277,4
259,8949,138036,380,4
260,8949,138036,478,4
261,8949,138036,624,2
262,8948,137857,15,3
263,8948,137857,73,3.5
264,8948,137857,371,4
265,8948,137857,547,4
266,8947,137595,663,3
267,8946,137403,652,3.5
268,8945,137337,15,3.5
269,8945,137337,262,3
270,8945,137337,547,4
271,8944,136864,15,3
272,8944,136864,56,2
273,8944,136864,72,1
274,8944,136864,270,3.5
275,8944,136864,277,2.5
276,8944,136864,287,3
277,8944,136864,402,2.5
278,8944,136864,624,2
279,8943,136816,624,2.5
280,8942,136800,624,1.5
281,8941,136666,624,1
282,8940,136654,624,1.5
283,8939,136602,262,2
284,8938,136598,277,2
285,8938,136598,380,3
286,8938,136598,624,1.5
287,8938,136598,663,3.5
288,8937,136592,200,1.5
289,8936,136562,15,1.5
290,8936,136562,402,3.5
291,8935,136449,298,5
292,8934,136447,519,5
293,8933,136445,519,5
294,8932,136305,624,1
295,8931,136020,15,3
296,8931,136020,277,3.5
297,8931,136020,475,2
298,8931,136020,624,3
299,8930,136018,547,3.5
300,8929,136016,277,4
301,8929,136016,287,5
302,8928,135887,73,3
303,8928,135887,205,2
304,8928,135887,486,2
305,8928,135887,624,2.5
306,8928,135887,663,5
307,8927,135861,380,4
308,8927,135861,624,4
309,8927,135861,663,4
310,8926,135569,15,3
311,8926,135569,624,2.5
312,8925,135567,15,3
313,8925,135567,402,4.5
314,8924,135536,624,3
315,8923,135532,270,2.5
316,8922,135518,380,2.5
317,8922,135518,624,2
318,8922,135518,660,4
319,8921,135508,547,3.5
320,8920,135436,15,1
321,8920,135436,287,5
322,8919,135268,652,4
323,8918,135266,652,4
324,8917,135264,652,4
325,8916,135137,402,2.5
326,8916,135137,624,2.5
327,8915,135133,15,0.5
328,8915,135133,270,3
329,8915,135133,287,4.5
330,8915,135133,475,3
331,8914,134881,547,4
332,8914,134881,624,4
333,8913,134859,624,3.5
334,8912,134853,15,1
335,8912,134853,42,2
336,8912,134853,56,5
337,8912,134853,62,5
338,8912,134853,91,4
339,8912,134853,149,5
340,8912,134853,251,5
341,8912,134853,262,2.5
342,8912,134853,272,3.5
343,8912,134853,277,4
344,8912,134853,287,5
345,8912,134853,303,4
346,8912,134853,334,4
347,8912,134853,364,5
348,8912,134853,371,4.5
349,8912,134853,402,3.5
350,8912,134853,475,5
351,8912,134853,519,3.5
352,8912,134853,526,4.5
353,8912,134853,547,4
354,8912,134853,567,3.5
355,8912,134853,615,5
356,8912,134853,625,4.5
357,8912,134853,663,4
358,8911,134783,663,3
359,8910,134569,378,3.5
360,8909,134528,663,3.5
361,8908,134393,15,4
362,8908,134393,277,3
363,8908,134393,380,3.5
364,8908,134393,547,4
365,8908,134393,624,4
366,8907,134368,15,4.5
367,8907,134368,91,4
368,8907,134368,547,3
369,8907,134368,624,3
370,8907,134368,663,4
371,8906,134246,663,3
372,8905,134170,56,2
373,8905,134170,138,3.5
374,8905,134170,205,3.5
375,8905,134170,475,4
376,8905,134170,486,3
377,8905,134170,664,4.5
378,8904,134158,624,1.5
379,8903,134130,15,3.5
380,8903,134130,38,4.5
381,8903,134130,40,4
382,8903,134130,62,5
383,8903,134130,72,3.5
384,8903,134130,73,4.5
385,8903,134130,200,4.5
386,8903,134130,244,5
387,8903,134130,250,3.5
388,8903,134130,262,3
389,8903,134130,270,4.5
390,8903,134130,277,5
391,8903,134130,316,4
392,8903,134130,320,4
393,8903,134130,371,4.5
394,8903,134130,380,4
395,8903,134130,402,5
396,8903,134130,450,2
397,8903,134130,475,4
398,8903,134130,486,2
399,8903,134130,519,4.5
400,8903,134130,544,5
401,8903,134130,547,4.5
402,8903,134130,615,4.5
403,8903,134130,624,4
404,8902,134025,547,3
405,8901,133824,262,2
406,8900,133798,624,1.5
407,8899,133782,624,2
408,8898,133771,56,5
409,8898,133771,73,3.5
410,8897,133645,547,4
411,8896,133545,624,1
412,8895,133419,205,1.5
413,8895,133419,380,3.5
414,8895,133419,402,4.5
415,8895,133419,547,1.5
416,8895,133419,624,3
417,8895,133419,663,3.5
418,8894,133377,624,1.5
419,8893,133365,624,2
420,8892,133295,457,2.5
421,8891,133281,624,2
422,8890,133195,277,3
423,8890,133195,475,1
424,8889,132961,15,3
425,8888,132952,572,4
426,8887,132888,547,3.5
427,8885,132796,15,3
428,8885,132796,213,3
429,8885,132796,339,3.5
430,8885,132796,380,1
431,8885,132796,402,4
432,8885,132796,624,1.5
433,8884,132618,624,1.5
434,8881,132496,547,3.5
435,8880,132488,624,2
436,8879,132480,15,3
437,8878,132462,624,1
438,8876,132333,624,5
439,8875,132157,91,2.5
440,8875,132157,624,1.5
441,8874,132146,262,3
442,8873,132074,547,4
443,8872,132046,15,0.5
444,8872,132046,277,3.5
445,8872,132046,287,4
446,8872,132046,402,4.5
447,8872,132046,475,3
448,8872,132046,624,2
449,8872,132046,663,4
450,8871,131830,481,4
451,8869,131724,380,5
452,8869,131724,547,4
453,8869,131724,630,4.5
454,8868,131714,624,1.5
455,8867,131451,262,1
456,8866,131168,56,4
457,8865,131013,15,3
458,8865,131013,443,3.5
459,8865,131013,457,1.5
460,8865,131013,624,2
461,8864,130980,481,4.5
462,8863,130970,519,5
463,8862,130960,652,3.5
464,8861,130682,73,3.5
465,8860,130642,73,3.5
466,8859,130634,15,2
467,8859,130634,475,2.5
468,8858,130628,652,4
469,8857,130580,378,3.5
470,8856,130576,15,2
471,8855,130522,652,5
472,8854,130520,213,4
473,8854,130520,287,4
474,8853,130490,15,0.5
475,8853,130490,287,4.5
476,8853,130490,339,2
477,8852,130452,15,2
478,8852,130452,547,4
479,8851,130450,624,1.5
480,8850,130448,262,0.5
481,8850,130448,456,0.5
482,8849,130351,547,4
483,8848,130087,402,3.5
484,8847,130083,624,2
485,8846,130073,205,3
486,8845,129937,15,1.5
487,8845,129937,624,2
488,8844,129737,624,2
489,8843,129659,624,3.5
490,8842,129657,624,1
491,8841,129653,378,3
492,8840,129514,519,5
493,8839,129428,316,3.5
494,8839,129428,624,2.5
495,8838,129364,547,2
496,8837,129354,104,3.5
497,8837,129354,200,4
498,8837,129354,624,3
499,8836,129313,450,5
500,8835,129250,624,0.5
501,8834,129191,481,4
502,8833,129009,652,4
503,8832,128846,519,5
504,8831,128620,56,5
505,8830,128616,648,4
506,8829,128606,547,4.5
507,8828,128592,624,1
508,8827,128520,457,1
509,8827,128520,624,3
510,8826,128512,402,4
511,8826,128512,663,3
512,8825,128360,15,2.5
513,8825,128360,56,4
514,8825,128360,73,4.5
515,8825,128360,270,4
516,8825,128360,486,4
517,8825,128360,519,4.5
518,8825,128360,547,4.5
519,8825,128360,615,4.5
520,8823,127728,652,5
521,8822,127319,624,1.5
522,8820,127206,56,2
523,8819,127204,624,3
524,8818,127202,40,5
525,8818,127202,519,4
526,8818,127202,547,3
527,8817,127198,56,4
528,8817,127198,73,3.5
529,8817,127198,457,2.5
530,8817,127198,624,2.5
531,8816,127194,624,2
532,8815,127178,547,3.5
533,8814,127164,547,4.5
534,8813,127158,547,3.5
535,8812,127152,56,5
536,8812,127152,149,3.5
537,8812,127152,380,4
538,8812,127152,547,4.5
539,8810,127136,15,1
540,8810,127136,547,3
541,8810,127136,624,2.5
542,8809,127124,663,4
543,8808,127114,547,4
544,8807,127108,56,5
545,8806,127098,314,4
546,8805,127096,624,2.5
547,8804,127052,298,5
548,8803,126548,512,3
549,8802,126430,544,5
550,8801,126420,624,1.5
551,8800,126106,457,3.5
552,8799,126006,73,3.5
553,8798,125916,624,0.5
554,8797,124859,624,2
555,8796,123947,624,3
556,8793,122932,624,2
557,8792,122924,15,2.5
558,8792,122924,73,3.5
559,8792,122924,270,3
560,8791,122920,15,3
561,8791,122920,72,3
562,8791,122920,250,3.5
563,8791,122920,270,4
564,8791,122920,277,2.5
565,8791,122920,287,5
566,8791,122920,402,4
567,8790,122904,15,1
568,8790,122904,40,4.5
569,8790,122904,72,3
570,8790,122904,73,4.5
571,8790,122904,98,5
572,8790,122904,250,3
573,8790,122904,251,5
574,8790,122904,270,3.5
575,8790,122904,273,5
576,8790,122904,277,2
577,8790,122904,371,1
578,8790,122904,380,5
579,8790,122904,402,4.5
580,8790,122904,438,3.5
581,8790,122904,457,0.5
582,8790,122904,483,1.5
583,8790,122904,519,4
584,8790,122904,615,4.5
585,8789,122902,15,0.5
586,8789,122902,287,3
587,8789,122902,380,1.5
588,8789,122902,402,4.5
589,8789,122902,475,1.5
590,8789,122902,624,1
591,8788,122900,15,3
592,8788,122900,62,3.5
593,8788,122900,73,3
594,8788,122900,138,1
595,8788,122900,213,4
596,8788,122900,270,4
597,8788,122900,272,5
598,8788,122900,277,4
599,8788,122900,287,5
600,8788,122900,316,3.5
601,8788,122900,380,4
602,8788,122900,402,4
603,8788,122900,475,4
604,8788,122900,483,5
605,8788,122900,624,3.5
606,8788,122900,663,3.5
607,8788,122900,664,4.5
608,8787,122892,15,3
609,8787,122892,104,4.5
610,8787,122892,213,4
611,8787,122892,270,4
612,8787,122892,272,3.5
613,8787,122892,273,3
614,8787,122892,287,5
615,8787,122892,314,4
616,8787,122892,402,4.5
617,8787,122892,475,3.5
618,8787,122892,624,3
619,8787,122892,652,3.5
620,8787,122892,664,5
621,8786,122890,15,3
622,8786,122890,73,4
623,8786,122890,277,5
624,8785,122888,371,5
625,8784,122886,15,3.5
626,8784,122886,40,4.5
627,8784,122886,42,4.5
628,8784,122886,56,2
629,8784,122886,72,3
630,8784,122886,73,4.5
631,8784,122886,213,4
632,8784,122886,250,3.5
633,8784,122886,251,3
634,8784,122886,270,4
635,8784,122886,273,5
636,8784,122886,287,5
637,8784,122886,316,4
638,8784,122886,347,4.5
639,8784,122886,371,1
640,8784,122886,380,4
641,8784,122886,402,4
642,8784,122886,457,0.5
643,8784,122886,475,4.5
644,8784,122886,478,5
645,8784,122886,481,4
646,8784,122886,483,0.5
647,8784,122886,486,3
648,8784,122886,519,4
649,8784,122886,570,2
650,8784,122886,615,4.5
651,8784,122886,620,2.5
652,8784,122886,624,3.5
653,8784,122886,660,4
654,8783,122882,15,1
655,8783,122882,40,4.5
656,8783,122882,56,5
657,8783,122882,62,5
658,8783,122882,72,4
659,8783,122882,73,5
660,8783,122882,104,4.5
661,8783,122882,138,3.5
662,8783,122882,149,3
663,8783,122882,251,3.5
664,8783,122882,270,4
665,8783,122882,273,5
666,8783,122882,277,5
667,8783,122882,298,4
668,8783,122882,314,5
669,8783,122882,334,4.5
670,8783,122882,371,0.5
671,8783,122882,380,4
672,8783,122882,402,3
673,8783,122882,450,1
674,8783,122882,456,4
675,8783,122882,457,0.5
676,8783,122882,475,5
677,8783,122882,486,4.5
678,8783,122882,519,3
679,8783,122882,563,4.5
680,8783,122882,567,5
681,8783,122882,615,5
682,8783,122882,624,3
683,8783,122882,663,4
684,8783,122882,664,4
685,8782,122490,624,1.5
686,8781,121618,339,3
687,8780,121491,544,4.5
688,8779,121231,15,4.5
689,8779,121231,73,3.5
690,8779,121231,149,5
691,8779,121231,262,5
692,8779,121231,547,3.5
693,8779,121231,625,2.5
694,8778,121171,15,3
695,8777,121126,298,5
696,8776,121113,262,1
697,8775,120821,547,4.5
698,8774,120805,519,5
699,8773,120799,15,3
700,8773,120799,251,4
701,8773,120799,277,4
702,8773,120799,380,2
703,8773,120799,475,2
704,8773,120799,624,2
705,8773,120799,663,3.5
706,8772,120783,624,2.5
707,8771,120637,62,1.5
708,8771,120637,624,2
709,8770,120635,624,1
710,8769,120466,15,1.5
711,8769,120466,73,3.5
712,8769,120466,270,2.5
713,8769,120466,446,4.5
714,8769,120466,615,2
715,8769,120466,624,2
716,8768,120392,457,2.5
717,8767,119655,624,1
718,8766,119155,402,4
719,8766,119155,624,2.5
720,8765,119145,15,1.5
721,8765,119145,62,4.5
722,8765,119145,73,3.5
723,8765,119145,205,5
724,8765,119145,270,4
725,8765,119145,272,0.5
726,8765,119145,273,4.5
727,8765,119145,314,4
728,8765,119145,475,4.5
729,8765,119145,478,4
730,8765,119145,615,4.5
731,8765,119145,624,3.5
732,8765,119145,652,3.5
733,8764,119141,15,2
734,8764,119141,270,2
735,8764,119141,273,3.5
736,8764,119141,457,2
737,8764,119141,553,5
738,8764,119141,624,3.5
739,8763,119068,624,2
740,8762,118997,213,1
741,8762,118997,364,4.5
742,8762,118997,547,2.5
743,8762,118997,624,2.5
744,8761,118985,547,3
745,8761,118985,624,3.5
746,8760,118924,547,2.5
747,8760,118924,624,3
748,8759,118900,478,3.5
749,8759,118900,547,4
750,8759,118900,624,3
751,8758,118898,547,4
752,8757,118890,519,5
753,8756,118880,262,4
754,8755,118814,624,2
755,8754,118702,624,2.5
756,8752,118696,15,1.5
757,8752,118696,48,2.5
758,8752,118696,73,3
759,8752,118696,205,4
760,8752,118696,270,3
761,8752,118696,287,5
762,8752,118696,347,3
763,8752,118696,371,2
764,8752,118696,475,2
765,8752,118696,553,5
766,8751,118468,298,5
767,8750,118354,624,3
768,8749,118334,262,2
769,8748,118326,624,2
770,8747,118260,262,2.5
771,8746,118248,624,1.5
772,8745,118105,553,4
773,8744,118082,73,3.5
774,8743,117895,287,4.5
775,8743,117895,624,1
776,8743,117895,625,4
777,8742,117871,270,3
778,8741,117851,205,1.5
779,8740,117590,624,2
780,8739,117533,15,3.5
781,8739,117533,149,3
782,8739,117533,481,4
783,8738,117529,15,4
784,8738,117529,73,3
785,8738,117529,205,3.5
786,8738,117529,213,4
787,8738,117529,277,3
788,8738,117529,287,4
789,8738,117529,475,3
790,8738,117529,624,2.5
791,8738,117529,663,4
792,8737,117511,624,3
793,8736,117456,547,3.5
794,8735,117444,149,3.5
795,8735,117444,334,4
796,8734,117434,262,1.5
797,8733,117192,287,5
798,8733,117192,402,4.5
799,8732,117176,15,1
800,8732,117176,72,3.5
801,8732,117176,73,4
802,8732,117176,84,4
803,8732,117176,149,4
804,8732,117176,314,4
805,8732,117176,324,3.5
806,8732,117176,333,4
807,8732,117176,371,5
808,8732,117176,378,3.5
809,8732,117176,547,4
810,8732,117176,624,3.5
811,8731,117123,73,3
812,8730,117121,262,3
813,8729,117107,624,2.5
814,8728,116985,624,1.5
815,8727,116977,91,3.5
816,8727,116977,560,3
817,8727,116977,624,1.5
818,8726,116939,133,0.5
819,8725,116897,15,4.5
820,8725,116897,378,4.5
821,8725,116897,481,5
822,8724,116887,624,2
823,8723,116855,652,4
824,8722,116849,624,2.5
825,8721,116823,15,0.5
826,8721,116823,73,0.5
827,8721,116823,149,4
828,8721,116823,213,3
829,8721,116823,270,3.5
830,8721,116823,287,5
831,8721,116823,339,3
832,8721,116823,475,2
833,8721,116823,483,3
834,8721,116823,660,4.5
835,8720,116799,15,0.5
836,8720,116799,547,3.5
837,8720,116799,624,2.5
838,8719,116797,15,0.5
839,8719,116797,40,4
840,8719,116797,56,4
841,8719,116797,72,3.5
842,8719,116797,73,4
843,8719,116797,84,4.5
844,8719,116797,138,4
845,8719,116797,149,5
846,8719,116797,205,5
847,8719,116797,228,4
848,8719,116797,238,4
849,8719,116797,250,4
850,8719,116797,262,2.5
851,8719,116797,314,4
852,8719,116797,320,4.5
853,8719,116797,324,4
854,8719,116797,333,5
855,8719,116797,334,4
856,8719,116797,371,5
857,8719,116797,378,4.5
858,8719,116797,402,4
859,8719,116797,475,4
860,8719,116797,481,3.5
861,8719,116797,512,5
862,8719,116797,542,4.5
863,8719,116797,547,3.5
864,8719,116797,563,5
865,8719,116797,570,5
866,8719,116797,600,4.5
867,8719,116797,620,3.5
868,8719,116797,625,5
869,8719,116797,664,4
870,8718,116660,273,4
871,8718,116660,652,4
872,8717,116503,262,1.5
873,8716,116419,624,1.5
874,8715,116413,624,3
875,8714,116397,73,3.5
876,8714,116397,655,4
877,8713,116207,624,1.5
878,8712,116161,15,1
879,8712,116161,475,3
880,8712,116161,547,4
881,8711,116136,547,2.5
882,8710,116012,547,4
883,8709,115927,352,4
884,8708,115881,73,3
885,8708,115881,262,1
886,8707,115877,73,3.5
887,8706,115713,15,3.5
888,8706,115713,62,4
889,8706,115713,72,3.5
890,8706,115713,73,4
891,8706,115713,107,3
892,8706,115713,138,4
893,8706,115713,149,4
894,8706,115713,205,4
895,8706,115713,251,3.5
896,8706,115713,270,4.5
897,8706,115713,273,4
898,8706,115713,277,4
899,8706,115713,314,4
900,8706,115713,320,4
901,8706,115713,334,3
902,8706,115713,380,4.5
903,8706,115713,446,5
904,8706,115713,475,5
905,8706,115713,486,3
906,8706,115713,547,4.5
907,8706,115713,563,3.5
908,8706,115713,615,4.5
909,8706,115713,624,3
910,8706,115713,625,4.5
911,8706,115713,652,4
912,8706,115713,664,4
913,8705,115680,270,3.5
914,8705,115680,624,3.5
915,8704,115664,402,4.5
916,8703,115624,48,3
917,8702,115617,15,1.5
918,8702,115617,48,3
919,8702,115617,91,5
920,8702,115617,98,5
921,8702,115617,104,4.5
922,8702,115617,149,4
923,8702,115617,205,4.5
924,8702,115617,251,5
925,8702,115617,270,3
926,8702,115617,272,4
927,8702,115617,273,4
928,8702,115617,287,4
929,8702,115617,314,4
930,8702,115617,364,4.5
931,8702,115617,402,4
932,8702,115617,475,4
933,8702,115617,620,4
934,8702,115617,624,4
935,8702,115617,625,4.5
936,8702,115617,660,5
937,8702,115617,664,4.5
938,8701,115569,15,5
939,8701,115569,56,4
940,8701,115569,62,3.5
941,8701,115569,73,4.5
942,8701,115569,238,4.5
943,8701,115569,262,3
944,8701,115569,314,4
945,8701,115569,378,3
946,8701,115569,457,3
947,8701,115569,475,4
948,8701,115569,519,4
949,8701,115569,547,4.5
950,8701,115569,615,4.5
951,8700,115534,48,2
952,8699,115502,15,3.5
953,8698,115231,547,3.5
954,8698,115231,624,4
955,8697,115216,73,4
956,8697,115216,624,3
957,8696,115210,314,5
958,8696,115210,339,4
959,8696,115210,371,4
960,8696,115210,475,3.5
961,8696,115210,544,4
962,8696,115210,563,4
963,8696,115210,624,2.5
964,8696,115210,664,3
965,8695,115174,427,3.5
966,8694,115170,371,4
967,8694,115170,475,3
968,8694,115170,624,2.5
969,8693,115151,624,2
970,8692,115149,15,4
971,8692,115149,48,2.5
972,8692,115149,62,3
973,8692,115149,73,3.5
974,8692,115149,213,2.5
975,8692,115149,270,3.5
976,8692,115149,483,4
977,8692,115149,615,4.5
978,8692,115149,624,3
979,8692,115149,664,4
980,8691,115147,402,4
981,8689,115122,73,5
982,8689,115122,270,4
983,8689,115122,450,4
984,8689,115122,615,4.5
985,8688,114935,48,3
986,8688,114935,73,4.5
987,8688,114935,149,1.5
988,8688,114935,314,4
989,8688,114935,624,4
990,8687,114925,624,2
991,8686,114818,624,2.5
992,8685,114795,213,3.5
993,8684,114766,262,2
994,8683,114762,624,1.5
995,8682,114707,270,3.5
996,8681,114670,73,3
997,8681,114670,270,3.5
998,8680,114662,62,3
999,8680,114662,72,1
1000,8680,114662,73,4
1001,8680,114662,97,1
1002,8680,114662,457,0.5
1003,8680,114662,475,3.5
1004,8680,114662,547,4
1005,8680,114662,553,4
1006,8680,114662,624,4
1007,8679,114635,15,4
1008,8679,114635,56,4
1009,8678,114601,547,3.5
1010,8678,114601,624,2
1011,8677,114552,205,4.5
1012,8676,114464,547,5
1013,8674,114342,56,4
1014,8674,114342,547,4
1015,8673,114265,378,3.5
1016,8671,114180,15,1
1017,8671,114180,48,2.5
1018,8671,114180,73,3.5
1019,8671,114180,149,3.5
1020,8671,114180,287,5
1021,8671,114180,624,1
1022,8671,114180,660,3.5
1023,8670,114122,547,3.5
1024,8669,114082,547,4
1025,8668,114074,56,2
1026,8668,114074,427,3.5
1027,8668,114074,547,3.5
1028,8668,114074,624,3
1029,8667,114060,73,4
1030,8667,114060,457,3.5
1031,8667,114060,624,3
1032,8666,114044,262,2.5
1033,8665,114028,273,5
1034,8665,114028,427,4
1035,8665,114028,624,4
1036,8664,113938,547,3.5
1037,8663,113862,56,4
1038,8663,113862,339,4
1039,8663,113862,652,3.5
1040,8662,113829,56,4
1041,8662,113829,371,3.5
1042,8662,113829,547,3
1043,8661,113780,262,3
1044,8660,113741,15,1
1045,8660,113741,48,3
1046,8660,113741,270,3.5
1047,8659,113705,56,2
1048,8659,113705,547,3.5
1049,8658,113640,262,2.5
1050,8657,113573,73,3
1051,8656,113565,262,3
1052,8655,113532,624,3.5
1053,8654,113453,56,1
1054,8654,113453,553,3.5
1055,8654,113453,624,2.5
1056,8653,113416,624,1.5
1057,8652,113378,15,0.5
1058,8652,113378,624,2
1059,8652,113378,660,4
1060,8651,113348,15,2
1061,8651,113348,73,2.5
1062,8651,113348,475,2
1063,8650,113345,15,0.5
1064,8650,113345,270,2.5
1065,8649,113275,427,3.5
1066,8648,113252,73,4
1067,8648,113252,262,3
1068,8647,113225,624,3
1069,8646,113220,547,3
1070,8645,113207,547,4
1071,8644,113186,624,3
1072,8643,113064,56,4
1073,8643,113064,427,3.5
1074,8642,112940,15,1.5
1075,8642,112940,547,3
1076,8641,112921,547,4
1077,8640,112911,475,2
1078,8640,112911,563,3.5
1079,8639,112897,402,3.5
1080,8638,112852,15,4.5
1081,8638,112852,42,3.5
1082,8638,112852,48,3.5
1083,8638,112852,56,2
1084,8638,112852,72,3
1085,8638,112852,73,5
1086,8638,112852,91,5
1087,8638,112852,104,5
1088,8638,112852,149,2
1089,8638,112852,205,4
1090,8638,112852,213,5
1091,8638,112852,228,5
1092,8638,112852,250,3.5
1093,8638,112852,251,4
1094,8638,112852,270,4
1095,8638,112852,272,4
1096,8638,112852,273,4
1097,8638,112852,287,5
1098,8638,112852,314,4.5
1099,8638,112852,316,4
1100,8638,112852,352,4.5
1101,8638,112852,402,4
1102,8638,112852,427,2.5
1103,8638,112852,443,5
1104,8638,112852,473,4
1105,8638,112852,475,4.5
1106,8638,112852,483,3.5
1107,8638,112852,486,2
1108,8638,112852,503,4
1109,8638,112852,547,4
1110,8638,112852,553,5
1111,8638,112852,570,1.5
1112,8638,112852,615,4.5
1113,8638,112852,622,5
1114,8638,112852,624,3.5
1115,8638,112852,660,5
1116,8638,112852,664,4.5
1117,8637,112850,547,2.5
1118,8636,112818,73,3
1119,8636,112818,624,2
1120,8635,112804,378,4
1121,8635,112804,624,2
1122,8634,112788,15,1
1123,8634,112788,624,1.5
1124,8633,112767,402,4
1125,8632,112749,624,2
1126,8631,112735,547,4.5
1127,8630,112689,262,2.5
1128,8629,112655,262,2.5
1129,8628,112653,547,4
1130,8627,112623,15,4
1131,8627,112623,48,3.5
1132,8627,112623,73,3
1133,8627,112623,91,4.5
1134,8627,112623,178,3.5
1135,8627,112623,380,2.5
1136,8627,112623,475,4
1137,8627,112623,624,3
1138,8626,112582,547,4
1139,8625,112577,547,5
1140,8624,112556,15,4.5
1141,8624,112556,40,4
1142,8624,112556,56,2
1143,8624,112556,73,4
1144,8624,112556,104,4
1145,8624,112556,208,5
1146,8624,112556,213,1
1147,8624,112556,238,3.5
1148,8624,112556,250,4
1149,8624,112556,262,2.5
1150,8624,112556,314,5
1151,8624,112556,371,4.5
1152,8624,112556,378,2.5
1153,8624,112556,443,5
1154,8624,112556,457,3
1155,8624,112556,473,5
1156,8624,112556,475,4
1157,8624,112556,481,4
1158,8624,112556,526,4
1159,8624,112556,547,4
1160,8624,112556,600,3
1161,8624,112556,615,5
1162,8624,112556,620,3.5
1163,8624,112556,624,3
1164,8624,112556,664,3
1165,8623,112552,15,1.5
1166,8623,112552,56,5
1167,8623,112552,62,4
1168,8623,112552,72,3.5
1169,8623,112552,73,4.5
1170,8623,112552,138,3
1171,8623,112552,149,1.5
1172,8623,112552,178,4.5
1173,8623,112552,262,3
1174,8623,112552,270,4.5
1175,8623,112552,314,4.5
1176,8623,112552,334,4.5
1177,8623,112552,406,3.5
1178,8623,112552,438,4.5
1179,8623,112552,450,4
1180,8623,112552,457,3.5
1181,8623,112552,475,4.5
1182,8623,112552,503,4
1183,8623,112552,544,5
1184,8623,112552,547,4
1185,8623,112552,563,4
1186,8623,112552,583,4
1187,8623,112552,600,4
1188,8623,112552,615,4
1189,8623,112552,624,4.5
1190,8623,112552,625,5
1191,8623,112552,635,3
1192,8623,112552,664,3
1193,8621,112515,48,2.5
1194,8621,112515,56,5
1195,8621,112515,73,3.5
1196,8621,112515,149,4
1197,8621,112515,262,4
1198,8621,112515,615,3.5
1199,8620,112497,624,1
1200,8619,112460,529,1.5
1201,8619,112460,624,2.5
1202,8618,112450,547,2
1203,8617,112421,56,4
1204,8617,112421,230,5
1205,8617,112421,475,3.5
1206,8616,112399,547,4.5
1207,8615,112370,15,3.5
1208,8615,112370,48,2.5
1209,8615,112370,213,2.5
1210,8615,112370,475,0.5
1211,8615,112370,624,1.5
1212,8614,112334,547,3.5
1213,8613,112303,624,1.5
1214,8612,112290,62,4
1215,8612,112290,73,2.5
1216,8612,112290,133,2.5
1217,8612,112290,457,3
1218,8612,112290,475,3.5
1219,8612,112290,547,4.5
1220,8612,112290,624,3.5
1221,8611,112277,262,1.5
1222,8610,112183,15,2
1223,8610,112183,56,4
1224,8610,112183,62,3
1225,8610,112183,73,4.5
1226,8610,112183,208,5
1227,8610,112183,230,4
1228,8610,112183,270,4.5
1229,8610,112183,314,3.5
1230,8610,112183,457,3.5
1231,8610,112183,475,3
1232,8610,112183,519,4
1233,8610,112183,544,4.5
1234,8610,112183,547,5
1235,8610,112183,615,3
1236,8610,112183,624,3.5
1237,8609,112175,48,3.5
1238,8609,112175,91,4.5
1239,8609,112175,251,4.5
1240,8609,112175,270,4
1241,8609,112175,287,5
1242,8609,112175,352,3.5
1243,8609,112175,402,4.5
1244,8609,112175,475,3.5
1245,8608,112171,15,2.5
1246,8608,112171,104,3
1247,8608,112171,205,3
1248,8608,112171,570,2
1249,8608,112171,624,2.5
1250,8607,112138,15,3.5
1251,8607,112138,56,5
1252,8607,112138,91,4
1253,8607,112138,149,4
1254,8607,112138,475,3
1255,8607,112138,529,3.5
1256,8607,112138,553,4
1257,8607,112138,624,4
1258,8606,112112,199,2
1259,8605,112070,481,4
1260,8604,112062,481,4
1261,8603,112006,402,2
1262,8602,111931,615,2
1263,8601,111921,73,4
1264,8601,111921,149,5
1265,8601,111921,402,4
1266,8601,111921,427,3
1267,8601,111921,547,4
1268,8601,111921,600,3.5
1269,8600,111913,600,3
1270,8599,111795,547,3.5
1271,8599,111795,624,3
1272,8598,111781,15,4.5
1273,8598,111781,73,3.5
1274,8598,111781,91,4
1275,8598,111781,339,3.5
1276,8598,111781,475,4
1277,8598,111781,624,2
1278,8598,111781,663,3.5
1279,8597,111759,15,4.5
1280,8597,111759,42,3
1281,8597,111759,48,4
1282,8597,111759,62,4
1283,8597,111759,73,4
1284,8597,111759,213,3.5
1285,8597,111759,251,5
1286,8597,111759,270,3.5
1287,8597,111759,287,5
1288,8597,111759,298,5
1289,8597,111759,316,3
1290,8597,111759,352,3.5
1291,8597,111759,402,4
1292,8597,111759,446,4
1293,8597,111759,475,4
1294,8597,111759,483,5
1295,8597,111759,486,4
1296,8597,111759,544,3.5
1297,8597,111759,547,2
1298,8597,111759,553,4
1299,8597,111759,563,4
1300,8597,111759,615,4.5
1301,8597,111759,624,3.5
1302,8597,111759,652,3
1303,8597,111759,660,4.5
1304,8597,111759,664,4.5
1305,8596,111743,380,3.5
1306,8596,111743,475,1.5
1307,8596,111743,624,3.5
1308,8595,111680,624,1.5
1309,8594,111663,624,1.5
1310,8593,111659,48,2.5
1311,8593,111659,73,2.5
1312,8593,111659,200,4
1313,8593,111659,213,3.5
1314,8593,111659,624,2.5
1315,8593,111659,660,4.5
1316,8592,111624,73,3.5
1317,8591,111622,15,4.5
1318,8591,111622,378,2.5
1319,8591,111622,427,4
1320,8591,111622,475,3.5
1321,8591,111622,547,4
1322,8590,111617,56,1
1323,8590,111617,473,3.5
1324,8590,111617,624,2
1325,8589,111529,230,5
1326,8589,111529,547,2.5
1327,8589,111529,600,4
1328,8587,111486,262,2
1329,8586,111443,15,4
1330,8586,111443,270,3
1331,8586,111443,371,3
1332,8586,111443,475,3.5
1333,8586,111443,481,3.5
1334,8586,111443,547,3
1335,8585,111384,547,3.5
1336,8585,111384,615,4
1337,8584,111364,15,4
1338,8584,111364,48,2.5
1339,8584,111364,73,2.5
1340,8584,111364,287,3.5
1341,8584,111364,475,3
1342,8584,111364,615,2.5
1343,8584,111364,624,2.5
1344,8583,111362,15,3.5
1345,8583,111362,48,3.5
1346,8583,111362,56,2
1347,8583,111362,73,4
1348,8583,111362,104,4
1349,8583,111362,205,3
1350,8583,111362,208,4.5
1351,8583,111362,213,4
1352,8583,111362,228,4
1353,8583,111362,251,4.5
1354,8583,111362,270,3.5
1355,8583,111362,272,3.5
1356,8583,111362,316,4
1357,8583,111362,352,3.5
1358,8583,111362,402,3.5
1359,8583,111362,446,4.5
1360,8583,111362,475,3.5
1361,8583,111362,483,4.5
1362,8583,111362,529,3
1363,8583,111362,553,4.5
1364,8583,111362,624,3
1365,8583,111362,652,4
1366,8583,111362,660,4.5
1367,8583,111362,664,4.5
1368,8582,111360,15,1
1369,8582,111360,73,3
1370,8582,111360,213,2.5
1371,8582,111360,270,2
1372,8582,111360,339,3
1373,8582,111360,486,2
1374,8582,111360,624,2.5
1375,8579,111235,481,3.5
1376,8578,111228,15,2.5
1377,8577,111113,270,3
1378,8577,111113,475,3
1379,8577,111113,547,3
1380,8577,111113,624,3.5
1381,8576,110882,73,3
1382,8576,110882,547,3.5
1383,8575,110873,563,5
1384,8573,110858,547,1.5
1385,8572,110826,624,1.5
1386,8571,110781,652,4
1387,8570,110771,15,2
1388,8570,110771,624,2
1389,8569,110752,547,4.5
1390,8568,110748,262,2.5
1391,8567,110730,15,1
1392,8567,110730,48,3.5
1393,8567,110730,133,0.5
1394,8567,110730,213,1
1395,8567,110730,270,2.5
1396,8567,110730,287,5
1397,8567,110730,380,2
1398,8567,110730,615,2
1399,8567,110730,624,1.5
1400,8566,110655,48,2.5
1401,8566,110655,624,2.5
1402,8565,110645,378,4.5
1403,8564,110611,624,2.5
1404,8563,110591,48,2.5
1405,8563,110591,262,2
1406,8563,110591,615,4
1407,8562,110586,38,4.5
1408,8561,110553,15,0.5
1409,8561,110553,48,3
1410,8561,110553,213,2.5
1411,8561,110553,272,4
1412,8561,110553,475,2.5
1413,8561,110553,624,2.5
1414,8560,110501,48,3
1415,8560,110501,73,4.5
1416,8560,110501,615,4
1417,8559,110461,56,4
1418,8558,110453,547,3
1419,8557,110352,371,4.5
1420,8556,110348,73,4
1421,8555,110297,624,3
1422,8554,110194,547,4
1423,8553,110127,15,0.5
1424,8553,110127,48,3
1425,8553,110127,73,2
1426,8553,110127,475,2.5
1427,8553,110127,615,3.5
1428,8553,110127,624,2
1429,8552,110110,457,3
1430,8551,110102,15,4
1431,8551,110102,38,4
1432,8551,110102,48,3.5
1433,8551,110102,84,4
1434,8551,110102,91,5
1435,8551,110102,213,4
1436,8551,110102,270,4
1437,8551,110102,272,3
1438,8551,110102,273,4.5
1439,8551,110102,287,5
1440,8551,110102,316,4
1441,8551,110102,402,4
1442,8551,110102,475,4.5
1443,8551,110102,553,4.5
1444,8551,110102,624,3.5
1445,8551,110102,625,4
1446,8551,110102,664,4.5
1447,8550,110058,652,3
1448,8549,109895,73,3.5
1449,8549,109895,624,3
1450,8548,109864,213,3.5
1451,8548,109864,624,2
1452,8547,109853,624,2
1453,8546,109850,48,2.5
1454,8546,109850,73,3
1455,8546,109850,475,2
1456,8545,109848,15,3
1457,8545,109848,48,2.5
1458,8545,109848,262,4
1459,8545,109848,481,4.5
1460,8545,109848,547,2
1461,8545,109848,615,3
1462,8544,109846,48,3
1463,8543,109742,563,4.5
1464,8542,109740,547,3
1465,8541,109687,15,2.5
1466,8540,109673,15,1.5
1467,8540,109673,48,2.5
1468,8540,109673,475,2
1469,8540,109673,615,3
1470,8540,109673,624,1.5
1471,8539,109578,48,3
1472,8539,109578,213,3.5
1473,8539,109578,287,5
1474,8539,109578,475,3.5
1475,8539,109578,553,3
1476,8539,109578,563,3.5
1477,8538,109576,624,1.5
1478,8537,109487,15,3.5
1479,8537,109487,40,4.5
1480,8537,109487,42,4
1481,8537,109487,48,3.5
1482,8537,109487,62,4.5
1483,8537,109487,72,3.5
1484,8537,109487,73,4.5
1485,8537,109487,104,4.5
1486,8537,109487,107,4
1487,8537,109487,138,5
1488,8537,109487,149,4
1489,8537,109487,213,2
1490,8537,109487,250,5
1491,8537,109487,251,4
1492,8537,109487,270,3.5
1493,8537,109487,273,3.5
1494,8537,109487,277,5
1495,8537,109487,290,5
1496,8537,109487,298,5
1497,8537,109487,314,5
1498,8537,109487,320,4
1499,8537,109487,324,3.5
1500,8537,109487,333,4.5
1501,8537,109487,339,4
1502,8537,109487,371,2.5
1503,8537,109487,380,4
1504,8537,109487,433,4.5
1505,8537,109487,438,5
1506,8537,109487,475,3.5
1507,8537,109487,478,5
1508,8537,109487,481,4.5
1509,8537,109487,486,2.5
1510,8537,109487,526,5
1511,8537,109487,542,3.5
1512,8537,109487,547,3
1513,8537,109487,563,5
1514,8537,109487,572,4.5
1515,8537,109487,583,4.5
1516,8537,109487,622,5
1517,8537,109487,624,3
1518,8537,109487,625,5
1519,8537,109487,660,4.5
1520,8537,109487,664,4.5
1521,8536,109483,238,3
1522,8535,109374,15,1
1523,8535,109374,38,4
1524,8535,109374,73,4.5
1525,8535,109374,91,5
1526,8535,109374,133,2
1527,8535,109374,138,1
1528,8535,109374,149,4
1529,8535,109374,230,5
1530,8535,109374,270,4
1531,8535,109374,273,4.5
1532,8535,109374,290,4
1533,8535,109374,298,5
1534,8535,109374,303,3
1535,8535,109374,316,4.5
1536,8535,109374,352,3
1537,8535,109374,364,5
1538,8535,109374,371,4.5
1539,8535,109374,378,4.5
1540,8535,109374,427,4
1541,8535,109374,450,5
1542,8535,109374,457,2.5
1543,8535,109374,473,5
1544,8535,109374,475,4.5
1545,8535,109374,478,4.5
1546,8535,109374,481,3.5
1547,8535,109374,486,4
1548,8535,109374,519,5
1549,8535,109374,529,4.5
1550,8535,109374,542,5
1551,8535,109374,547,4.5
1552,8535,109374,563,3.5
1553,8535,109374,615,5
1554,8535,109374,620,4
1555,8535,109374,624,3.5
1556,8535,109374,625,4.5
1557,8534,109372,624,1.5
1558,8533,109359,652,4
1559,8532,109317,624,2.5
1560,8531,109295,624,2
1561,8530,109249,364,5
1562,8529,109205,547,4
1563,8528,109191,624,1.5
1564,8527,109187,15,0.5
1565,8527,109187,270,4
1566,8527,109187,615,0.5
1567,8527,109187,624,2
1568,8526,109183,652,4
1569,8525,109161,547,4
1570,8524,109074,73,4
1571,8523,109042,624,2
1572,8522,108981,73,3.5
1573,8522,108981,457,4
1574,8522,108981,481,4
1575,8522,108981,544,4.5
1576,8521,108979,213,3.5
1577,8521,108979,402,4.5
1578,8521,108979,481,5
1579,8521,108979,563,5
1580,8521,108979,622,3.5
1581,8520,108949,624,2.5
1582,8519,108945,15,1
1583,8519,108945,48,2.5
1584,8519,108945,213,2
1585,8519,108945,287,5
1586,8519,108945,475,2
1587,8519,108945,615,1.5
1588,8518,108932,15,1.5
1589,8518,108932,56,4
1590,8518,108932,73,4
1591,8518,108932,228,5
1592,8518,108932,270,4
1593,8518,108932,287,5
1594,8518,108932,352,4
1595,8518,108932,380,4
1596,8518,108932,519,4
1597,8518,108932,615,4.5
1598,8518,108932,624,4
1599,8518,108932,660,4.5
1600,8518,108932,664,4.5
1601,8517,108928,475,2
1602,8517,108928,563,2.5
1603,8517,108928,624,2.5
1604,8516,108873,481,3.5
1605,8515,108795,652,4
1606,8514,108729,15,1
1607,8514,108729,238,4
1608,8514,108729,262,2
1609,8514,108729,624,2
1610,8513,108727,457,4
1611,8513,108727,481,4
1612,8513,108727,544,4.5
1613,8512,108715,624,1.5
1614,8511,108709,544,5
1615,8510,108689,15,0.5
1616,8509,108601,624,2
1617,8508,108583,73,5
1618,8508,108583,262,2.5
1619,8508,108583,615,5
1620,8507,108551,652,3
1621,8506,108548,270,3
1622,8505,108514,611,4.5
1623,8504,108506,262,2.5
1624,8503,108447,262,1.5
1625,8502,108192,262,4
1626,8501,108190,15,0.5
1627,8501,108190,48,3
1628,8501,108190,73,3.5
1629,8501,108190,149,4
1630,8501,108190,251,2.5
1631,8501,108190,287,4.5
1632,8501,108190,316,3
1633,8501,108190,339,1.5
1634,8501,108190,475,2.5
1635,8501,108190,547,3.5
1636,8501,108190,563,1.5
1637,8500,108188,15,2
1638,8500,108188,213,2.5
1639,8500,108188,624,2.5
1640,8499,108156,56,2
1641,8499,108156,624,2
1642,8498,108090,73,3.5
1643,8497,108076,547,2
1644,8496,107999,73,3.5
1645,8495,107978,56,5
1646,8494,107953,48,2.5
1647,8494,107953,73,3.5
1648,8494,107953,475,3
1649,8493,107945,624,2
1650,8492,107910,15,4.5
1651,8491,107771,262,2.5
1652,8491,107771,481,4.5
1653,8491,107771,547,3.5
1654,8490,107769,48,2.5
1655,8489,107702,624,1.5
1656,8488,107649,450,5
1657,8486,107559,133,5
1658,8485,107555,38,5
1659,8484,107516,273,3.5
1660,8483,107447,450,5
1661,8482,107412,298,5
1662,8481,107406,15,4
1663,8481,107406,48,2.5
1664,8481,107406,73,4
1665,8481,107406,270,4
1666,8481,107406,475,4
1667,8481,107406,486,2.5
1668,8481,107406,615,4
1669,8480,107382,547,3
1670,8479,107348,15,0.5
1671,8479,107348,56,4
1672,8479,107348,73,3.5
1673,8479,107348,457,1.5
1674,8479,107348,475,3
1675,8479,107348,547,3
1676,8479,107348,553,3.5
1677,8479,107348,615,1.5
1678,8479,107348,624,4
1679,8478,107314,563,4
1680,8477,107141,56,2
1681,8477,107141,133,2
1682,8477,107141,199,3.5
1683,8477,107141,427,3.5
1684,8477,107141,512,4
1685,8477,107141,547,4.5
1686,8477,107141,615,2.5
1687,8477,107141,624,4
1688,8476,107083,273,4
1689,8476,107083,652,5
1690,8475,107081,456,4.5
1691,8474,107069,73,3.5
1692,8474,107069,475,3
1693,8474,107069,563,4
1694,8474,107069,615,3.5
1695,8473,107057,262,3
1696,8472,107042,547,4
1697,8471,106920,15,4.5
1698,8471,106920,40,5
1699,8471,106920,56,5
1700,8471,106920,62,4
1701,8471,106920,72,4
1702,8471,106920,73,4
1703,8471,106920,133,4
1704,8471,106920,149,4
1705,8471,106920,200,3.5
1706,8471,106920,208,4.5
1707,8471,106920,230,5
1708,8471,106920,262,3
1709,8471,106920,270,4.5
1710,8471,106920,352,2.5
1711,8471,106920,380,4
1712,8471,106920,402,4.5
1713,8471,106920,450,2
1714,8471,106920,457,3.5
1715,8471,106920,475,4
1716,8471,106920,519,5
1717,8471,106920,544,4.5
1718,8471,106920,547,5
1719,8471,106920,615,4.5
1720,8471,106920,624,3.5
1721,8471,106920,660,4
1722,8470,106918,73,3.5
1723,8470,106918,270,2.5
1724,8470,106918,402,4
1725,8470,106918,475,4
1726,8470,106918,478,5
1727,8470,106918,615,3
1728,8470,106918,624,3
1729,8469,106916,15,1.5
1730,8469,106916,56,2
1731,8469,106916,73,4.5
1732,8469,106916,133,1
1733,8469,106916,199,3.5
1734,8469,106916,200,4.5
1735,8469,106916,208,4
1736,8469,106916,427,4
1737,8469,106916,457,3
1738,8469,106916,475,3.5
1739,8469,106916,519,3
1740,8469,106916,522,3
1741,8469,106916,547,5
1742,8469,106916,563,4.5
1743,8469,106916,615,3
1744,8469,106916,624,4
1745,8468,106883,624,1.5
1746,8467,106873,563,3.5
1747,8466,106870,262,3
1748,8465,106839,624,3.5
1749,8464,106782,15,3.5
1750,8464,106782,38,4
1751,8464,106782,42,4.5
1752,8464,106782,62,4.5
1753,8464,106782,73,4.5
1754,8464,106782,91,4.5
1755,8464,106782,98,4.5
1756,8464,106782,133,2.5
1757,8464,106782,138,4
1758,8464,106782,163,4.5
1759,8464,106782,178,3.5
1760,8464,106782,200,3
1761,8464,106782,208,4.5
1762,8464,106782,230,4.5
1763,8464,106782,238,4.5
1764,8464,106782,250,4.5
1765,8464,106782,443,5
1766,8464,106782,457,4
1767,8464,106782,475,5
1768,8464,106782,481,4
1769,8464,106782,483,4.5
1770,8464,106782,522,5
1771,8464,106782,547,3.5
1772,8464,106782,553,4
1773,8464,106782,563,4
1774,8464,106782,600,2.5
1775,8464,106782,615,4
1776,8464,106782,624,4.5
1777,8464,106782,664,4
1778,8463,106766,438,4
1779,8463,106766,457,3.5
1780,8463,106766,475,4
1781,8463,106766,486,2
1782,8463,106766,519,4
1783,8463,106766,544,4.5
1784,8463,106766,547,4
1785,8463,106766,563,4
1786,8462,106762,456,4
1787,8461,106696,48,3.5
1788,8461,106696,199,3.5
1789,8461,106696,200,3.5
1790,8461,106696,213,4
1791,8461,106696,251,4.5
1792,8461,106696,287,4.5
1793,8461,106696,364,4.5
1794,8461,106696,382,5
1795,8461,106696,427,4
1796,8461,106696,547,4
1797,8461,106696,615,3
1798,8461,106696,660,4.5
1799,8460,106642,213,3.5
1800,8460,106642,287,5
1801,8460,106642,481,2.5
1802,8460,106642,625,4
1803,8460,106642,660,4
1804,8459,106542,624,1.5
1805,8458,106540,140,4
1806,8457,106491,73,3
1807,8457,106491,251,3
1808,8457,106491,624,2
1809,8456,106489,15,2
1810,8456,106489,42,2
1811,8456,106489,48,4
1812,8456,106489,73,3.5
1813,8456,106489,84,5
1814,8456,106489,91,4.5
1815,8456,106489,104,4
1816,8456,106489,163,4
1817,8456,106489,199,4
1818,8456,106489,205,4
1819,8456,106489,213,4
1820,8456,106489,270,3
1821,8456,106489,272,5
1822,8456,106489,287,5
1823,8456,106489,340,5
1824,8456,106489,347,3
1825,8456,106489,475,3
1826,8456,106489,553,5
1827,8456,106489,563,4
1828,8456,106489,570,4
1829,8456,106489,615,3.5
1830,8456,106489,660,4.5
1831,8455,106487,11,5
1832,8455,106487,38,4.5
1833,8455,106487,73,0.5
1834,8455,106487,84,3.5
1835,8455,106487,91,3
1836,8455,106487,98,2
1837,8455,106487,149,4
1838,8455,106487,178,2.5
1839,8455,106487,199,4
1840,8455,106487,213,3.5
1841,8455,106487,251,3.5
1842,8455,106487,270,3.5
1843,8455,106487,287,5
1844,8455,106487,324,3
1845,8455,106487,402,3
1846,8455,106487,457,0.5
1847,8455,106487,475,3
1848,8455,106487,479,4.5
1849,8455,106487,483,3
1850,8455,106487,522,3.5
1851,8455,106487,544,4
1852,8455,106487,553,4
1853,8455,106487,615,3.5
1854,8455,106487,620,1
1855,8455,106487,660,4.5
1856,8455,106487,664,3.5
1857,8454,106473,456,3.5
1858,8453,106471,456,5
1859,8452,106452,547,3.5
1860,8451,106441,133,5
1861,8451,106441,199,3.5
1862,8450,106438,56,4
1863,8450,106438,133,4.5
1864,8450,106438,378,3.5
1865,8450,106438,427,4.5
1866,8450,106438,547,3.5
1867,8450,106438,624,4.5
1868,8449,106417,652,3
1869,8448,106397,547,2.5
1870,8447,106332,15,3.5
1871,8447,106332,56,4
1872,8447,106332,547,3.5
1873,8446,106330,457,1.5
1874,8446,106330,624,2
1875,8445,106236,457,3
1876,8444,106204,48,3
1877,8443,106144,56,4
1878,8442,106111,15,1
1879,8441,106100,56,4
1880,8441,106100,72,3.5
1881,8441,106100,73,4.5
1882,8441,106100,133,4
1883,8441,106100,138,3
1884,8441,106100,149,3.5
1885,8441,106100,199,4
1886,8441,106100,230,5
1887,8441,106100,250,4
1888,8441,106100,298,5
1889,8441,106100,324,3.5
1890,8441,106100,334,4.5
1891,8441,106100,352,4
1892,8441,106100,378,3.5
1893,8441,106100,427,4
1894,8441,106100,457,3
1895,8441,106100,475,4
1896,8441,106100,483,4
1897,8441,106100,522,3.5
1898,8441,106100,547,3.5
1899,8441,106100,615,3.5
1900,8440,106072,15,2
1901,8440,106072,48,2.5
1902,8440,106072,104,3.5
1903,8440,106072,213,4.5
1904,8440,106072,287,5
1905,8440,106072,457,0.5
1906,8440,106072,475,3.5
1907,8440,106072,553,4.5
1908,8440,106072,615,3
1909,8440,106072,624,2
1910,8440,106072,660,4
1911,8439,106062,56,2
1912,8439,106062,624,4
1913,8438,106022,73,4
1914,8437,106011,287,4.5
1915,8436,106004,547,3.5
1916,8435,106002,48,2.5
1917,8435,106002,73,3.5
1918,8435,106002,213,2
1919,8435,106002,251,5
1920,8435,106002,270,3.5
1921,8435,106002,287,5
1922,8435,106002,380,3.5
1923,8435,106002,475,2.5
1924,8435,106002,553,3
1925,8435,106002,615,3
1926,8435,106002,660,4
1927,8434,105954,615,3.5
1928,8434,105954,624,3
1929,8433,105844,56,4
1930,8433,105844,72,3.5
1931,8433,105844,138,3
1932,8433,105844,163,4
1933,8433,105844,238,4
1934,8433,105844,333,3.5
1935,8433,105844,371,4
1936,8433,105844,475,4
1937,8433,105844,519,4
1938,8433,105844,544,5
1939,8433,105844,563,3.5
1940,8433,105844,615,5
1941,8432,105769,38,4.5
1942,8431,105763,262,3
1943,8430,105755,475,1
1944,8430,105755,563,1.5
1945,8430,105755,624,1.5
1946,8429,105731,547,3.5
1947,8429,105731,615,3.5
1948,8428,105715,56,2
1949,8427,105593,273,4
1950,8427,105593,378,4
1951,8426,105585,371,2
1952,8425,105504,15,3.5
1953,8425,105504,73,4
1954,8425,105504,275,5
1955,8425,105504,475,3.5
1956,8425,105504,547,5
1957,8425,105504,563,4.5
1958,8425,105504,570,4
1959,8425,105504,611,4
1960,8425,105504,615,4
1961,8425,105504,624,4.5
1962,8424,105468,287,4
1963,8423,105429,56,4
1964,8422,105355,38,4.5
1965,8422,105355,547,4.5
1966,8421,105351,624,1.5
1967,8420,105254,624,3
1968,8419,105246,238,4
1969,8419,105246,481,4.5
1970,8418,105213,73,3.5
1971,8418,105213,208,4
1972,8418,105213,547,3.5
1973,8418,105213,615,2.5
1974,8418,105213,624,2.5
1975,8417,105211,547,3.5
1976,8417,105211,624,3.5
1977,8416,105197,38,4.5
1978,8416,105197,56,4
1979,8416,105197,547,4.5
1980,8416,105197,624,4.5
1981,8415,105121,624,1
1982,8414,105037,624,2
1983,8413,104944,56,4
1984,8413,104944,73,4.5
1985,8412,104925,163,3.5
1986,8412,104925,213,3.5
1987,8412,104925,563,4
1988,8411,104913,73,4.5
1989,8411,104913,199,4.5
1990,8411,104913,333,4.5
1991,8411,104913,402,4
1992,8411,104913,475,4.5
1993,8411,104913,522,4
1994,8411,104913,544,5
1995,8411,104913,547,3
1996,8411,104913,553,5
1997,8411,104913,563,4.5
1998,8411,104913,572,4.5
1999,8410,104906,624,2.5
2000,8409,104881,615,4
2001,8408,104879,15,4
2002,8408,104879,133,3
2003,8408,104879,199,3.5
2004,8408,104879,208,4
2005,8408,104879,262,3
2006,8408,104879,380,4
2007,8408,104879,427,2
2008,8408,104879,475,4
2009,8408,104879,547,2
2010,8408,104879,615,4.5
2011,8407,104863,378,3.5
2012,8407,104863,402,4.5
2013,8406,104841,11,5
2014,8406,104841,15,3.5
2015,8406,104841,48,2.5
2016,8406,104841,62,4
2017,8406,104841,72,3.5
2018,8406,104841,73,4.5
2019,8406,104841,133,2
2020,8406,104841,138,3.5
2021,8406,104841,140,4.5
2022,8406,104841,176,3
2023,8406,104841,199,4
2024,8406,104841,230,4.5
2025,8406,104841,251,4.5
2026,8406,104841,270,4.5
2027,8406,104841,273,1
2028,8406,104841,275,4
2029,8406,104841,287,5
2030,8406,104841,320,4
2031,8406,104841,380,3.5
2032,8406,104841,443,4.5
2033,8406,104841,475,4.5
2034,8406,104841,486,2.5
2035,8406,104841,544,5
2036,8406,104841,547,3.5
2037,8406,104841,553,2.5
2038,8406,104841,563,3.5
2039,8406,104841,600,3.5
2040,8406,104841,624,4
2041,8406,104841,625,4
2042,8405,104760,624,1
2043,8404,104757,547,4
2044,8403,104726,15,3
2045,8402,104662,262,1.5
2046,8401,104597,547,3.5
2047,8400,104595,547,4
2048,8399,104590,339,4
2049,8398,104457,262,3.5
2050,8397,104441,339,3.5
2051,8396,104419,352,4.5
2052,8395,104374,62,5
2053,8395,104374,72,3.5
2054,8395,104374,91,4.5
2055,8395,104374,133,2.5
2056,8395,104374,140,4
2057,8395,104374,149,5
2058,8395,104374,200,3.5
2059,8395,104374,208,3
2060,8395,104374,238,5
2061,8395,104374,378,4
2062,8395,104374,402,5
2063,8395,104374,547,3.5
2064,8395,104374,600,3.5
2065,8395,104374,615,4.5
2066,8395,104374,652,4
2067,8394,104339,547,4
2068,8393,104337,163,4
2069,8392,104321,547,2.5
2070,8391,104312,213,3
2071,8390,104303,371,4.5
2072,8390,104303,522,1.5
2073,8389,104283,277,4
2074,8389,104283,298,5
2075,8389,104283,352,4
2076,8389,104283,406,5
2077,8388,104272,15,3
2078,8387,104245,624,2.5
2079,8386,104243,213,2
2080,8386,104243,251,4.5
2081,8386,104243,270,2.5
2082,8386,104243,475,2
2083,8386,104243,615,3.5
2084,8385,104241,15,1
2085,8385,104241,475,3
2086,8385,104241,624,3
2087,8384,104218,91,3.5
2088,8384,104218,624,1.5
2089,8383,104211,15,3.5
2090,8383,104211,624,2.5
2091,8382,104129,624,2
2092,8381,104119,547,5
2093,8380,104078,624,4
2094,8379,104076,624,1.5
2095,8378,104074,213,3
2096,8377,104069,149,4.5
2097,8377,104069,433,3.5
2098,8377,104069,544,5
2099,8376,103984,522,2
2100,8375,103980,38,4
2101,8375,103980,427,3.5
2102,8374,103883,91,4
2103,8374,103883,213,1.5
2104,8374,103883,475,2.5
2105,8373,103865,624,2
2106,8372,103819,624,3
2107,8371,103813,457,2.5
2108,8370,103810,15,1.5
2109,8370,103810,91,5
2110,8370,103810,200,2.5
2111,8370,103810,213,3.5
2112,8370,103810,475,2.5
2113,8369,103801,140,2.5
2114,8369,103801,457,2.5
2115,8368,103772,73,3
2116,8368,103772,213,2
2117,8368,103772,287,5
2118,8368,103772,475,2.5
2119,8368,103772,624,2.5
2120,8368,103772,664,3
2121,8367,103755,624,2.5
2122,8366,103731,652,5
2123,8365,103688,48,3
2124,8365,103688,56,2
2125,8365,103688,73,3.5
2126,8365,103688,262,3
2127,8364,103671,547,2.5
2128,8363,103659,352,3.5
2129,8362,103655,213,1.5
2130,8362,103655,475,0.5
2131,8362,103655,624,1.5
2132,8361,103624,56,4
2133,8361,103624,73,3
2134,8361,103624,427,4.5
2135,8361,103624,547,4
2136,8360,103596,624,1.5
2137,8359,103543,624,2
2138,8358,103539,149,4
2139,8358,103539,547,3.5
2140,8357,103502,624,1.5
2141,8355,103444,406,5
2142,8355,103444,547,4
2143,8354,103384,73,2
2144,8354,103384,213,3.5
2145,8354,103384,624,1
2146,8353,103372,15,1
2147,8353,103372,133,0.5
2148,8353,103372,547,4
2149,8352,103341,91,3.5
2150,8352,103341,213,1.5
2151,8352,103341,228,4
2152,8352,103341,262,2.5
2153,8352,103341,270,4
2154,8352,103341,316,4
2155,8352,103341,519,4
2156,8352,103341,553,4
2157,8352,103341,615,4
2158,8352,103341,624,4
2159,8351,103339,213,2.5
2160,8351,103339,475,2.5
2161,8351,103339,624,1
2162,8350,103335,48,3
2163,8350,103335,91,4.5
2164,8350,103335,213,2.5
2165,8350,103335,228,3
2166,8350,103335,250,4
2167,8350,103335,333,4.5
2168,8350,103335,475,1
2169,8350,103335,660,4.5
2170,8349,103299,48,3.5
2171,8349,103299,262,3
2172,8348,103279,56,4
2173,8348,103279,133,3
2174,8347,103253,15,1
2175,8347,103253,48,2
2176,8347,103253,73,3
2177,8347,103253,176,3
2178,8347,103253,199,4
2179,8347,103253,213,2.5
2180,8347,103253,270,3.5
2181,8347,103253,287,4
2182,8347,103253,380,2.5
2183,8347,103253,475,2
2184,8347,103253,486,3
2185,8347,103253,544,4
2186,8347,103253,615,3.5
2187,8347,103253,624,2.5
2188,8346,103249,15,0.5
2189,8346,103249,48,2.5
2190,8346,103249,72,2.5
2191,8346,103249,73,2.5
2192,8346,103249,138,2
2193,8346,103249,149,3.5
2194,8346,103249,163,3
2195,8346,103249,213,3
2196,8346,103249,262,1.5
2197,8346,103249,287,4.5
2198,8346,103249,380,4
2199,8346,103249,402,2
2200,8346,103249,475,3
2201,8346,103249,615,2.5
2202,8346,103249,624,2
2203,8346,103249,664,4
2204,8345,103235,199,4.5
2205,8345,103235,371,4.5
2206,8345,103235,522,3
2207,8345,103235,624,3.5
2208,8344,103228,15,5
2209,8344,103228,48,2
2210,8344,103228,62,4
2211,8344,103228,73,2.5
2212,8344,103228,104,4
2213,8344,103228,213,2
2214,8344,103228,270,3.5
2215,8344,103228,273,4
2216,8344,103228,287,4
2217,8344,103228,380,3.5
2218,8344,103228,475,4
2219,8344,103228,483,3
2220,8344,103228,486,2
2221,8344,103228,615,4
2222,8344,103228,624,1
2223,8344,103228,664,1.5
2224,8343,103221,624,2.5
2225,8342,103210,481,3.5
2226,8341,103141,56,4
2227,8341,103141,200,4
2228,8341,103141,287,4.5
2229,8341,103141,475,2.5
2230,8341,103141,570,1.5
2231,8341,103141,624,4
2232,8341,103141,660,4.5
2233,8340,103137,427,4.5
2234,8340,103137,522,1.5
2235,8339,103107,547,4
2236,8338,103048,73,4
2237,8338,103048,133,4
2238,8338,103048,563,3
2239,8337,103042,15,2.5
2240,8337,103042,48,3.5
2241,8337,103042,73,3
2242,8337,103042,213,1.5
2243,8337,103042,287,4
2244,8337,103042,339,2.5
2245,8337,103042,380,3.5
2246,8337,103042,402,3
2247,8337,103042,475,2.5
2248,8337,103042,624,2.5
2249,8337,103042,664,4
2250,8336,102995,648,2
2251,8335,102993,56,4
2252,8335,102993,73,4
2253,8335,102993,133,4.5
2254,8335,102993,275,3
2255,8335,102993,547,2.5
2256,8335,102993,625,4.5
2257,8334,102905,457,3
2258,8333,102903,15,1
2259,8333,102903,200,3
2260,8333,102903,213,3.5
2261,8333,102903,238,4
2262,8333,102903,287,5
2263,8333,102903,316,4
2264,8333,102903,380,2.5
2265,8333,102903,475,1
2266,8333,102903,547,3.5
2267,8333,102903,664,3.5
2268,8332,102880,15,0.5
2269,8332,102880,213,2.5
2270,8332,102880,287,0.5
2271,8332,102880,475,1
2272,8332,102880,624,1.5
2273,8331,102819,380,3.5
2274,8331,102819,547,4
2275,8331,102819,615,3.5
2276,8330,102800,15,2.5
2277,8330,102800,56,4
2278,8330,102800,519,4.5
2279,8330,102800,547,3.5
2280,8329,102792,133,1
2281,8328,102753,38,5
2282,8327,102720,402,3.5
2283,8327,102720,624,2.5
2284,8326,102716,73,3.5
2285,8326,102716,475,3
2286,8325,102686,457,1.5
2287,8325,102686,475,0.5
2288,8325,102686,522,3.5
2289,8325,102686,624,2.5
2290,8324,102684,457,4
2291,8323,102666,298,5
2292,8322,102588,547,4
2293,8321,102481,475,2.5
2294,8321,102481,486,3
2295,8321,102481,624,3
2296,8319,102445,15,3
2297,8319,102445,48,4
2298,8319,102445,72,3
2299,8319,102445,73,4
2300,8319,102445,157,4
2301,8319,102445,213,4.5
2302,8319,102445,275,5
2303,8319,102445,316,4
2304,8319,102445,380,4
2305,8319,102445,402,4
2306,8319,102445,475,3.5
2307,8319,102445,483,0.5
2308,8319,102445,486,2.5
2309,8319,102445,544,4
2310,8319,102445,553,5
2311,8319,102445,566,5
2312,8319,102445,624,3
2313,8319,102445,625,4
2314,8319,102445,660,4.5
2315,8319,102445,664,4
2316,8318,102407,73,2.5
2317,8318,102407,380,3.5
2318,8318,102407,457,2
2319,8318,102407,624,3.5
2320,8317,102396,547,3.5
2321,8316,102378,624,1.5
2322,8315,102278,624,2
2323,8314,102252,73,4.5
2324,8313,102217,519,5
2325,8312,102194,73,4
2326,8312,102194,275,5
2327,8312,102194,457,2.5
2328,8312,102194,547,4
2329,8312,102194,615,3
2330,8311,102165,624,2
2331,8310,102125,15,2
2332,8310,102125,48,2.5
2333,8310,102125,84,3.5
2334,8310,102125,157,3.5
2335,8310,102125,205,3
2336,8310,102125,213,3
2337,8310,102125,251,5
2338,8310,102125,275,3.5
2339,8310,102125,287,4.5
2340,8310,102125,340,3
2341,8310,102125,380,3.5
2342,8310,102125,402,3
2343,8310,102125,475,2.5
2344,8310,102125,483,4
2345,8310,102125,486,2.5
2346,8310,102125,553,5
2347,8310,102125,566,5
2348,8310,102125,624,3
2349,8310,102125,652,4
2350,8310,102125,660,4
2351,8310,102125,664,3.5
2352,8309,102123,15,1.5
2353,8309,102123,56,5
2354,8309,102123,73,4
2355,8309,102123,213,1.5
2356,8309,102123,270,2.5
2357,8309,102123,273,4.5
2358,8309,102123,380,4
2359,8309,102123,457,2.5
2360,8309,102123,475,3.5
2361,8309,102123,547,4.5
2362,8309,102123,553,4.5
2363,8309,102123,624,4
2364,8308,102033,73,3.5
2365,8308,102033,475,2.5
2366,8308,102033,624,3
2367,8307,101962,257,5
2368,8306,101947,62,3.5
2369,8305,101904,547,3.5
2370,8304,101895,15,1
2371,8304,101895,547,4.5
2372,8304,101895,624,4
2373,8303,101884,624,1.5
2374,8302,101864,15,3.5
2375,8302,101864,62,3.5
2376,8302,101864,73,3.5
2377,8302,101864,176,3.5
2378,8302,101864,213,1.5
2379,8302,101864,270,3.5
2380,8302,101864,287,4.5
2381,8302,101864,298,4
2382,8302,101864,380,3.5
2383,8302,101864,475,2.5
2384,8302,101864,486,2.5
2385,8302,101864,563,2
2386,8302,101864,624,2
2387,8302,101864,660,4
2388,8302,101864,664,4
2389,8301,101850,547,5
2390,8300,101741,378,4.5
2391,8300,101741,380,3.5
2392,8299,101612,380,1.5
2393,8299,101612,382,3
2394,8299,101612,624,2
2395,8298,101577,56,1
2396,8298,101577,213,3
2397,8298,101577,624,1
2398,8297,101531,522,2
2399,8297,101531,547,1.5
2400,8296,101529,624,2
2401,8295,101525,73,4
2402,8295,101525,275,4
2403,8295,101525,380,4
2404,8295,101525,457,3.5
2405,8295,101525,547,4
2406,8294,101415,624,1.5
2407,8294,101415,652,4
2408,8293,101362,15,3
2409,8293,101362,213,3.5
2410,8293,101362,339,3
2411,8293,101362,380,2
2412,8293,101362,664,4
2413,8292,101360,624,1.5
2414,8291,101285,270,3.5
2415,8291,101285,380,3
2416,8291,101285,457,3
2417,8290,101283,624,2.5
2418,8289,101142,48,3.5
2419,8289,101142,200,3.5
2420,8289,101142,213,1.5
2421,8289,101142,473,4
2422,8288,101112,15,0.5
2423,8288,101112,213,2.5
2424,8288,101112,382,3
2425,8288,101112,457,0.5
2426,8287,101106,547,3
2427,8286,101088,547,2
2428,8285,101076,15,3
2429,8285,101076,213,2
2430,8284,101070,38,3
2431,8283,101025,213,2.5
2432,8283,101025,624,2.5
2433,8282,100843,38,4.5
2434,8281,100745,15,1
2435,8281,100745,615,3.5
2436,8280,100714,15,3
2437,8280,100714,73,4.5
2438,8280,100714,133,4
2439,8279,100581,15,1.5
2440,8279,100581,457,2.5
2441,8279,100581,547,3
2442,8278,100556,15,4
2443,8278,100556,48,4
2444,8278,100556,56,5
2445,8278,100556,176,3.5
2446,8277,100553,622,5
2447,8276,100527,402,4
2448,8275,100517,15,3
2449,8274,100498,213,3
2450,8274,100498,475,1
2451,8274,100498,522,2
2452,8274,100498,624,1.5
2453,8273,100487,213,2.5
2454,8273,100487,624,2
2455,8272,100450,380,3.5
2456,8271,100390,624,1.5
2457,8270,100383,15,1
2458,8270,100383,73,4
2459,8270,100383,133,1.5
2460,8270,100383,275,4.5
2461,8270,100383,380,4
2462,8270,100383,547,4
2463,8270,100383,563,4.5
2464,8270,100383,615,4.5
2465,8269,100365,15,2.5
2466,8268,100326,624,2.5
2467,8267,100306,262,2.5
2468,8266,100304,624,3
2469,8265,100272,56,4
2470,8264,100226,624,1.5
2471,8263,100163,213,2.5
2472,8263,100163,615,2
2473,8262,100159,73,4
2474,8262,100159,262,3
2475,8261,100106,481,4.5
2476,8260,100083,15,0.5
2477,8260,100083,473,2.5
2478,8259,100034,149,4
2479,8258,100032,15,2
2480,8257,100017,652,3
2481,8256,99992,624,3
2482,8255,99917,56,2
2483,8254,99912,262,2.5
2484,8253,99846,624,3
2485,8252,99839,547,4
2486,8251,99813,402,3.5
2487,8251,99813,475,4
2488,8251,99813,522,4.5
2489,8250,99811,15,4
2490,8249,99795,423,4.5
2491,8248,99764,56,5
2492,8248,99764,519,5
2493,8247,99741,547,3.5
2494,8246,99728,73,3.5
2495,8246,99728,473,5
2496,8246,99728,475,2.5
2497,8246,99728,624,2.5
2498,8245,99675,648,4
2499,8244,99669,262,2.5
2500,8243,99615,652,4
2501,8242,99609,652,4.5
2502,8241,99574,624,3
2503,8240,99470,262,1.5
2504,8239,99468,15,2.5
2505,8238,99437,380,3.5
2506,8238,99437,423,2.5
2507,8237,99415,624,2
2508,8236,99320,176,2
2509,8235,99296,262,2
2510,8234,99276,547,2.5
2511,8233,99273,547,2.5
2512,8232,99270,547,2.5
2513,8231,99220,547,3
2514,8230,99149,15,1
2515,8230,99149,273,5
2516,8230,99149,382,3.5
2517,8230,99149,542,2.5
2518,8230,99149,547,4
2519,8230,99149,620,4
2520,8229,99145,48,4
2521,8229,99145,73,4
2522,8229,99145,522,3.5
2523,8229,99145,547,4.5
2524,8228,99117,56,2
2525,8228,99117,380,2.5
2526,8228,99117,475,2
2527,8228,99117,624,2
2528,8227,99114,15,1.5
2529,8227,99114,40,4
2530,8227,99114,48,4
2531,8227,99114,56,4
2532,8227,99114,72,3.5
2533,8227,99114,73,4.5
2534,8227,99114,84,3
2535,8227,99114,133,3.5
2536,8227,99114,134,4.5
2537,8227,99114,138,4
2538,8227,99114,149,1.5
2539,8227,99114,176,4
2540,8227,99114,178,3.5
2541,8227,99114,199,4
2542,8227,99114,238,4.5
2543,8227,99114,250,5
2544,8227,99114,270,4
2545,8227,99114,275,4.5
2546,8227,99114,324,3.5
2547,8227,99114,334,5
2548,8227,99114,339,2.5
2549,8227,99114,378,4.5
2550,8227,99114,423,4.5
2551,8227,99114,438,4.5
2552,8227,99114,473,5
2553,8227,99114,475,4
2554,8227,99114,478,4
2555,8227,99114,479,4
2556,8227,99114,481,5
2557,8227,99114,519,4.5
2558,8227,99114,522,4
2559,8227,99114,547,4
2560,8227,99114,553,4
2561,8227,99114,563,4.5
2562,8227,99114,572,4
2563,8227,99114,583,4
2564,8227,99114,612,4
2565,8227,99114,615,4.5
2566,8227,99114,622,4.5
2567,8227,99114,624,3
2568,8227,99114,625,4
2569,8227,99114,655,3
2570,8227,99114,660,5
2571,8227,99114,664,4
2572,8226,99112,15,3.5
2573,8226,99112,73,3.5
2574,8226,99112,213,2.5
2575,8226,99112,272,3
2576,8226,99112,339,3.5
2577,8226,99112,475,2
2578,8226,99112,522,3
2579,8226,99112,624,2.5
2580,8225,99106,624,2.5
2581,8224,99089,547,4
2582,8223,99085,547,2.5
2583,8222,99030,450,5
2584,8221,99007,15,1
2585,8221,99007,213,4
2586,8221,99007,270,3.5
2587,8221,99007,380,3.5
2588,8221,99007,402,4.5
2589,8221,99007,553,2.5
2590,8221,99007,615,3.5
2591,8220,99005,624,1.5
2592,8219,98963,481,5
2593,8218,98961,15,3
2594,8218,98961,73,4
2595,8218,98961,133,4
2596,8218,98961,275,4.5
2597,8218,98961,380,4
2598,8218,98961,457,0.5
2599,8218,98961,475,4
2600,8218,98961,522,2.5
2601,8218,98961,544,4.5
2602,8218,98961,547,4.5
2603,8218,98961,624,4
2604,8217,98933,652,5
2605,8216,98913,648,4
2606,8215,98908,624,1.5
2607,8214,98836,624,2
2608,8213,98829,73,4
2609,8212,98809,15,0.5
2610,8212,98809,42,3
2611,8212,98809,48,4
2612,8212,98809,73,4.5
2613,8212,98809,91,4.5
2614,8212,98809,149,3
2615,8212,98809,163,3.5
2616,8212,98809,213,4
2617,8212,98809,262,2
2618,8212,98809,270,3.5
2619,8212,98809,277,3.5
2620,8212,98809,287,5
2621,8212,98809,316,4
2622,8212,98809,324,3
2623,8212,98809,347,3
2624,8212,98809,371,2
2625,8212,98809,446,4
2626,8212,98809,475,3
2627,8212,98809,553,5
2628,8212,98809,570,4
2629,8212,98809,620,3
2630,8212,98809,624,2.5
2631,8212,98809,643,4.5
2632,8212,98809,660,4.5
2633,8212,98809,664,4.5
2634,8211,98803,547,3
2635,8210,98795,547,4
2636,8209,98615,298,5
2637,8208,98611,547,3
2638,8207,98607,73,3.5
2639,8207,98607,157,4
2640,8206,98604,352,4
2641,8205,98587,38,5
2642,8204,98585,624,3
2643,8203,98491,205,5
2644,8203,98491,251,5
2645,8203,98491,287,5
2646,8203,98491,298,5
2647,8203,98491,402,5
2648,8203,98491,563,4
2649,8203,98491,620,4.5
2650,8203,98491,625,4.5
2651,8202,98473,547,3.5
2652,8201,98458,547,2
2653,8200,98441,547,4
2654,8199,98369,380,3
2655,8198,98296,213,2.5
2656,8198,98296,624,1.5
2657,8197,98279,624,3
2658,8196,98243,48,2.5
2659,8196,98243,213,3.5
2660,8196,98243,272,4
2661,8196,98243,402,4
2662,8196,98243,624,2.5
2663,8195,98230,624,3.5
2664,8194,98175,624,1.5
2665,8193,98160,624,1.5
2666,8192,98154,15,0.5
2667,8192,98154,199,4
2668,8192,98154,275,4
2669,8192,98154,475,3
2670,8192,98154,544,4.5
2671,8192,98154,547,4.5
2672,8192,98154,624,3.5
2673,8191,98126,406,5
2674,8190,98124,46,5
2675,8190,98124,298,5
2676,8190,98124,324,3.5
2677,8190,98124,475,4
2678,8190,98124,522,4
2679,8189,98122,15,0.5
2680,8189,98122,475,4
2681,8188,98083,262,2
2682,8188,98083,522,3
2683,8187,98056,48,3
2684,8187,98056,133,3
2685,8187,98056,481,4.5
2686,8186,98000,611,4
2687,8185,97994,547,3.5
2688,8184,97957,48,4
2689,8184,97957,262,5
2690,8183,97938,11,4
2691,8183,97938,15,2.5
2692,8183,97938,48,3.5
2693,8183,97938,56,4
2694,8183,97938,72,3
2695,8183,97938,73,4.5
2696,8183,97938,133,4.5
2697,8183,97938,138,3
2698,8183,97938,163,4
2699,8183,97938,199,4
2700,8183,97938,200,2
2701,8183,97938,230,5
2702,8183,97938,270,3.5
2703,8183,97938,275,4
2704,8183,97938,364,4
2705,8183,97938,371,4.5
2706,8183,97938,380,4
2707,8183,97938,547,4.5
2708,8183,97938,553,3.5
2709,8183,97938,563,3.5
2710,8183,97938,624,3
2711,8183,97938,625,4.5
2712,8182,97936,547,3
2713,8182,97936,624,3
2714,8181,97923,15,3
2715,8181,97923,56,2
2716,8181,97923,73,3.5
2717,8181,97923,457,3
2718,8181,97923,475,3.5
2719,8181,97923,522,3
2720,8181,97923,547,4.5
2721,8181,97923,563,4
2722,8181,97923,624,3.5
2723,8180,97921,48,3.5
2724,8180,97921,56,2
2725,8180,97921,73,4
2726,8180,97921,133,2.5
2727,8180,97921,157,4
2728,8180,97921,178,2
2729,8180,97921,199,4
2730,8180,97921,208,5
2731,8180,97921,230,5
2732,8180,97921,238,4.5
2733,8180,97921,262,2.5
2734,8180,97921,275,5
2735,8180,97921,378,4
2736,8180,97921,475,3.5
2737,8180,97921,522,2.5
2738,8180,97921,529,4.5
2739,8180,97921,544,4
2740,8180,97921,547,4
2741,8180,97921,563,3.5
2742,8180,97921,620,3
2743,8180,97921,624,4
2744,8180,97921,664,4
2745,8179,97913,15,2.5
2746,8179,97913,48,3.5
2747,8179,97913,73,3.5
2748,8179,97913,91,4.5
2749,8179,97913,149,4
2750,8179,97913,228,3
2751,8179,97913,270,4
2752,8179,97913,316,3
2753,8179,97913,352,4
2754,8179,97913,380,4
2755,8179,97913,402,4
2756,8179,97913,457,1
2757,8179,97913,475,3
2758,8179,97913,486,3
2759,8179,97913,503,4
2760,8179,97913,519,4
2761,8179,97913,600,4
2762,8179,97913,624,3.5
2763,8179,97913,660,4.5
2764,8178,97895,140,3.5
2765,8177,97870,624,4
2766,8176,97866,15,3.5
2767,8176,97866,56,4
2768,8176,97866,423,4.5
2769,8176,97866,547,4
2770,8175,97860,73,3.5
2771,8175,97860,522,2
2772,8175,97860,563,4
2773,8175,97860,624,2.5
2774,8174,97858,624,2
2775,8173,97836,56,1
2776,8173,97836,624,2.5
2777,8172,97826,38,5
2778,8171,97817,547,4
2779,8170,97757,134,2
2780,8169,97752,48,4.5
2781,8169,97752,72,2.5
2782,8169,97752,73,4.5
2783,8169,97752,157,4
2784,8169,97752,213,1
2785,8169,97752,270,4.5
2786,8169,97752,298,5
2787,8169,97752,339,2
2788,8169,97752,380,2
2789,8169,97752,522,3
2790,8169,97752,529,4.5
2791,8169,97752,547,4
2792,8169,97752,563,3.5
2793,8169,97752,624,3
2794,8168,97744,423,4.5
2795,8167,97742,213,2.5
2796,8167,97742,624,1.5
2797,8166,97673,78,4.5
2798,8166,97673,547,4.5
2799,8165,97639,547,3.5
2800,8164,97593,262,3.5
2801,8163,97470,624,1.5
2802,8162,97395,547,4
2803,8161,97393,15,3.5
2804,8160,97328,624,3
2805,8159,97306,56,4
2806,8159,97306,73,4
2807,8159,97306,157,4
2808,8159,97306,380,4
2809,8159,97306,494,4.5
2810,8159,97306,519,4
2811,8159,97306,547,2.5
2812,8159,97306,563,5
2813,8159,97306,615,4
2814,8158,97304,15,2.5
2815,8158,97304,62,4
2816,8158,97304,133,3
2817,8158,97304,176,3.5
2818,8158,97304,275,5
2819,8158,97304,365,5
2820,8158,97304,380,4
2821,8158,97304,475,4
2822,8158,97304,522,4.5
2823,8158,97304,544,4.5
2824,8158,97304,547,4
2825,8158,97304,563,4
2826,8158,97304,566,4.5
2827,8158,97304,570,4
2828,8158,97304,611,4
2829,8158,97304,615,3.5
2830,8158,97304,624,4
2831,8158,97304,628,3
2832,8158,97304,664,4
2833,8157,97254,547,3.5
2834,8156,97230,481,5
2835,8155,97225,48,3.5
2836,8155,97225,200,3
2837,8155,97225,213,2
2838,8155,97225,251,5
2839,8155,97225,624,2.5
2840,8154,97188,48,2.5
2841,8154,97188,262,3
2842,8153,97168,522,2.5
2843,8152,97057,275,5
2844,8151,96911,56,4
2845,8151,96911,275,5
2846,8150,96901,547,4
2847,8149,96863,475,1.5
2848,8148,96861,11,4
2849,8148,96861,213,2
2850,8148,96861,475,2.5
2851,8148,96861,624,1
2852,8147,96849,547,3
2853,8146,96832,481,5
2854,8145,96829,38,4
2855,8145,96829,56,5
2856,8145,96829,199,4.5
2857,8145,96829,433,4
2858,8145,96829,457,3
2859,8145,96829,481,5
2860,8144,96821,48,4
2861,8144,96821,73,4.5
2862,8144,96821,133,2.5
2863,8144,96821,149,4
2864,8144,96821,273,4.5
2865,8144,96821,275,4
2866,8144,96821,378,4
2867,8144,96821,382,2
2868,8144,96821,475,4
2869,8144,96821,563,4.5
2870,8144,96821,600,4
2871,8144,96821,615,4
2872,8144,96821,620,4
2873,8144,96821,625,5
2874,8143,96815,262,3
2875,8142,96811,73,4
2876,8142,96811,547,4
2877,8142,96811,615,4
2878,8141,96792,547,3.5
2879,8140,96737,15,2.5
2880,8140,96737,48,4
2881,8140,96737,73,3.5
2882,8140,96737,176,3
2883,8140,96737,213,2
2884,8140,96737,339,3
2885,8140,96737,380,3.5
2886,8140,96737,475,4
2887,8140,96737,624,2
2888,8140,96737,664,4.5
2889,8139,96728,56,5
2890,8139,96728,380,3
2891,8139,96728,457,4
2892,8139,96728,547,4
2893,8138,96726,624,1.5
2894,8137,96691,475,2
2895,8136,96667,15,2.5
2896,8135,96655,54,5
2897,8135,96655,380,4
2898,8134,96634,262,1
2899,8133,96616,91,3
2900,8133,96616,624,1.5
2901,8132,96610,15,1.5
2902,8132,96610,48,3
2903,8132,96610,73,4
2904,8132,96610,91,5
2905,8132,96610,134,2
2906,8132,96610,157,4.5
2907,8132,96610,199,4
2908,8132,96610,213,1
2909,8132,96610,251,4.5
2910,8132,96610,262,1.5
2911,8132,96610,298,5
2912,8132,96610,320,3.5
2913,8132,96610,339,2.5
2914,8132,96610,380,4
2915,8132,96610,475,4
2916,8132,96610,483,4
2917,8132,96610,563,4.5
2918,8132,96610,615,3.5
2919,8132,96610,625,4.5
2920,8132,96610,664,3.5
2921,8131,96606,48,3
2922,8131,96606,481,5
2923,8130,96590,213,2.5
2924,8129,96588,73,3.5
2925,8129,96588,149,4
2926,8129,96588,380,4
2927,8129,96588,402,5
2928,8129,96588,547,4
2929,8129,96588,620,4
2930,8129,96588,624,3
2931,8128,96565,547,1.5
2932,8127,96563,262,3
2933,8127,96563,547,4
2934,8126,96530,624,2.5
2935,8125,96490,262,2
2936,8124,96488,15,3.5
2937,8124,96488,457,3
2938,8124,96488,547,4
2939,8124,96488,648,4.5
2940,8123,96467,56,5
2941,8123,96467,547,3.5
2942,8122,96448,522,3.5
2943,8122,96448,624,1.5
2944,8121,96432,73,3.5
2945,8121,96432,529,2.5
2946,8120,96417,213,3
2947,8120,96417,624,2
2948,8119,96373,378,4
2949,8118,96314,547,3.5
2950,8117,96281,48,3
2951,8117,96281,73,3
2952,8117,96281,624,3
2953,8116,96150,15,2
2954,8115,96114,624,2
2955,8114,96110,56,1
2956,8114,96110,73,2.5
2957,8114,96110,380,3
2958,8114,96110,457,2
2959,8114,96110,547,3.5
2960,8114,96110,624,4
2961,8113,96079,11,4
2962,8113,96079,15,3
2963,8113,96079,56,5
2964,8113,96079,73,4.5
2965,8113,96079,84,3
2966,8113,96079,134,5
2967,8113,96079,157,4
2968,8113,96079,176,3
2969,8113,96079,199,4.5
2970,8113,96079,205,3
2971,8113,96079,272,4.5
2972,8113,96079,275,4.5
2973,8113,96079,287,5
2974,8113,96079,316,4.5
2975,8113,96079,371,3
2976,8113,96079,380,4
2977,8113,96079,402,1
2978,8113,96079,475,4
2979,8113,96079,483,4
2980,8113,96079,547,4
2981,8113,96079,553,4.5
2982,8113,96079,563,4.5
2983,8113,96079,624,4
2984,8113,96079,664,4
2985,8112,96075,547,5
2986,8111,96020,481,4
2987,8110,96007,73,3.5
2988,8109,96004,73,4
2989,8108,95965,73,4.5
2990,8107,95963,73,3.5
2991,8106,95949,522,3.5
2992,8105,95875,15,1.5
2993,8105,95875,48,3
2994,8105,95875,73,3.5
2995,8105,95875,176,3.5
2996,8105,95875,213,3
2997,8105,95875,380,3.5
2998,8105,95875,475,1.5
2999,8105,95875,624,1.5
3000,8105,95875,664,3.5
3001,8104,95873,378,3.5
3002,8104,95873,547,4
3003,8104,95873,652,4
3004,8103,95858,48,4
3005,8103,95858,205,4
3006,8103,95858,287,5
3007,8103,95858,622,5
3008,8102,95782,73,3.5
3009,8101,95780,73,3.5
3010,8100,95761,615,4
3011,8099,95752,299,4.5
3012,8098,95744,624,2.5
3013,8097,95740,457,0.5
3014,8096,95720,380,3
3015,8096,95720,522,2.5
3016,8096,95720,624,2
3017,8095,95654,251,3.5
3018,8094,95583,547,3
3019,8094,95583,624,2.5
3020,8093,95567,599,4.5
3021,8092,95558,15,1
3022,8092,95558,73,3.5
3023,8092,95558,529,4.5
3024,8092,95558,547,4
3025,8092,95558,563,3.5
3026,8091,95543,48,3
3027,8090,95510,15,3.5
3028,8090,95510,48,3
3029,8090,95510,56,4
3030,8090,95510,73,4
3031,8090,95510,133,0.5
3032,8090,95510,138,0.5
3033,8090,95510,157,2.5
3034,8090,95510,200,4
3035,8090,95510,213,3.5
3036,8090,95510,270,3.5
3037,8090,95510,272,5
3038,8090,95510,287,5
3039,8090,95510,380,2.5
3040,8090,95510,475,2
3041,8090,95510,553,3.5
3042,8090,95510,563,3
3043,8090,95510,599,5
3044,8090,95510,624,3.5
3045,8090,95510,660,4
3046,8090,95510,664,4
3047,8089,95508,624,3.5
3048,8088,95499,73,4.5
3049,8087,95475,73,4.5
3050,8086,95473,73,3.5
3051,8085,95449,522,1.5
3052,8085,95449,547,4
3053,8085,95449,599,4.5
3054,8084,95443,15,0.5
3055,8083,95441,56,2
3056,8083,95441,73,4
3057,8083,95441,380,4
3058,8083,95441,457,2.5
3059,8083,95441,475,3
3060,8083,95441,547,3
3061,8083,95441,563,3.5
3062,8083,95441,615,2
3063,8083,95441,620,1.5
3064,8083,95441,624,4
3065,8082,95377,287,5
3066,8081,95375,48,3
3067,8080,95313,287,5
3068,8079,95311,15,1.5
3069,8079,95311,48,4
3070,8079,95311,205,4.5
3071,8078,95309,238,3.5
3072,8078,95309,475,3.5
3073,8078,95309,615,4
3074,8077,95307,270,3
3075,8077,95307,380,2.5
3076,8077,95307,522,2
3077,8077,95307,547,3.5
3078,8077,95307,624,2
3079,8076,95207,213,1.5
3080,8076,95207,624,2
3081,8075,95201,624,3
3082,8074,95199,15,0.5
3083,8074,95199,599,4
3084,8073,95182,73,3
3085,8072,95167,15,1
3086,8072,95167,48,5
3087,8072,95167,213,2.5
3088,8072,95167,251,4
3089,8072,95167,270,3.5
3090,8072,95167,287,5
3091,8072,95167,382,4
3092,8072,95167,570,3.5
3093,8072,95167,600,4
3094,8072,95167,620,3
3095,8072,95167,624,3
3096,8072,95167,660,4.5
3097,8072,95167,664,3.5
3098,8071,95165,73,3
3099,8070,95147,73,3.5
3100,8069,95135,275,3.5
3101,8069,95135,547,4.5
3102,8068,95115,299,4.5
3103,8067,95113,299,5
3104,8066,95105,15,1
3105,8066,95105,624,2.5
3106,8065,95088,56,4
3107,8065,95088,73,4
3108,8065,95088,238,5
3109,8065,95088,270,3.5
3110,8065,95088,275,5
3111,8065,95088,380,3.5
3112,8064,95067,624,2.5
3113,8062,94959,15,1
3114,8062,94959,56,4
3115,8062,94959,72,4
3116,8062,94959,73,4
3117,8062,94959,97,3.5
3118,8062,94959,133,4
3119,8062,94959,134,3.5
3120,8062,94959,149,3.5
3121,8062,94959,199,3.5
3122,8062,94959,208,3
3123,8062,94959,230,4
3124,8062,94959,238,3
3125,8062,94959,262,3.5
3126,8062,94959,270,4
3127,8062,94959,275,5
3128,8062,94959,380,3.5
3129,8062,94959,382,4
3130,8062,94959,486,3
3131,8062,94959,494,4.5
3132,8062,94959,547,3.5
3133,8062,94959,563,4.5
3134,8062,94959,606,4.5
3135,8062,94959,612,4
3136,8062,94959,615,4.5
3137,8062,94959,620,3.5
3138,8062,94959,624,3.5
3139,8061,94953,380,2
3140,8061,94953,624,2
3141,8060,94939,423,4.5
3142,8059,94931,547,4.5
3143,8058,94919,624,2.5
3144,8057,94896,56,4
3145,8057,94896,624,3
3146,8056,94864,15,1.5
3147,8056,94864,73,4
3148,8056,94864,134,5
3149,8056,94864,157,3.5
3150,8056,94864,176,3
3151,8056,94864,213,2.5
3152,8056,94864,262,1.5
3153,8056,94864,270,2.5
3154,8056,94864,380,3.5
3155,8056,94864,443,4.5
3156,8056,94864,475,2
3157,8056,94864,480,4
3158,8056,94864,486,2
3159,8056,94864,544,5
3160,8056,94864,624,2.5
3161,8056,94864,664,3
3162,8055,94833,15,1.5
3163,8055,94833,73,3.5
3164,8055,94833,624,3.5
3165,8054,94799,380,4
3166,8053,94780,15,1.5
3167,8053,94780,157,1.5
3168,8053,94780,213,4
3169,8053,94780,371,1
3170,8053,94780,624,2
3171,8052,94777,15,2.5
3172,8052,94777,84,4
3173,8052,94777,104,3.5
3174,8052,94777,213,3.5
3175,8052,94777,251,4
3176,8052,94777,272,1.5
3177,8052,94777,475,2.5
3178,8052,94777,480,4.5
3179,8052,94777,522,3
3180,8052,94777,553,4
3181,8052,94777,620,2
3182,8052,94777,624,2.5
3183,8052,94777,664,4
3184,8051,94677,15,4
3185,8051,94677,73,4
3186,8051,94677,270,2.5
3187,8051,94677,624,3.5
3188,8050,94672,624,2
3189,8049,94494,624,2.5
3190,8048,94480,176,1
3191,8047,94478,15,1
3192,8047,94478,176,2.5
3193,8047,94478,213,3
3194,8047,94478,380,2.5
3195,8047,94478,624,2
3196,8047,94478,664,2.5
3197,8046,94466,91,4
3198,8046,94466,244,0.5
3199,8046,94466,262,3
3200,8046,94466,270,5
3201,8046,94466,380,5
3202,8046,94466,450,5
3203,8046,94466,620,3.5
3204,8045,94325,402,4
3205,8044,94323,624,2
3206,8044,94323,652,4
3207,8043,94266,547,3
3208,8043,94266,624,2.5
3209,8042,94070,73,4
3210,8042,94070,316,4
3211,8042,94070,624,2.5
3212,8041,94024,423,4.5
3213,8040,94018,15,1
3214,8040,94018,73,2.5
3215,8040,94018,213,4.5
3216,8040,94018,475,1.5
3217,8040,94018,480,3.5
3218,8040,94018,624,1
3219,8040,94018,664,3.5
3220,8039,94015,15,1
3221,8039,94015,200,4.5
3222,8039,94015,213,1.5
3223,8038,94011,624,1.5
3224,8037,93982,624,2
3225,8036,93980,624,1.5
3226,8035,93855,73,5
3227,8035,93855,157,4
3228,8034,93840,15,3.5
3229,8034,93840,48,2.5
3230,8034,93840,73,4
3231,8034,93840,134,5
3232,8034,93840,157,4
3233,8034,93840,178,4
3234,8034,93840,262,2
3235,8034,93840,270,4
3236,8034,93840,275,3
3237,8034,93840,380,3.5
3238,8034,93840,483,3.5
3239,8034,93840,615,4.5
3240,8034,93840,664,4
3241,8033,93838,48,3
3242,8033,93838,73,4.5
3243,8033,93838,157,4
3244,8033,93838,475,4
3245,8033,93838,563,4.5
3246,8033,93838,615,4.5
3247,8032,93831,15,2.5
3248,8032,93831,73,3.5
3249,8032,93831,457,1
3250,8031,93805,176,3.5
3251,8030,93766,475,0.5
3252,8030,93766,624,1.5
3253,8029,93721,15,2
3254,8029,93721,56,4
3255,8029,93721,205,5
3256,8029,93721,620,4
3257,8028,93700,547,4
3258,8027,93693,648,4
3259,8026,93563,624,1.5
3260,8025,93512,56,4
3261,8025,93512,270,3
3262,8025,93512,380,3.5
3263,8025,93512,547,3
3264,8024,93510,15,3
3265,8024,93510,56,5
3266,8024,93510,73,4
3267,8024,93510,91,4
3268,8024,93510,134,4.5
3269,8024,93510,149,4
3270,8024,93510,270,3
3271,8024,93510,273,4
3272,8024,93510,380,3.5
3273,8024,93510,475,4
3274,8024,93510,547,4
3275,8024,93510,553,4
3276,8024,93510,599,4.5
3277,8024,93510,624,4.5
3278,8023,93498,380,4
3279,8022,93443,56,5
3280,8022,93443,73,3.5
3281,8022,93443,199,4
3282,8021,93432,547,3
3283,8020,93422,56,4
3284,8020,93422,163,4
3285,8019,93363,13,3
3286,8019,93363,15,1
3287,8019,93363,73,3
3288,8019,93363,213,4.5
3289,8019,93363,475,2.5
3290,8019,93363,480,4
3291,8019,93363,624,2
3292,8019,93363,664,3.5
3293,8018,93326,15,1
3294,8018,93326,91,4
3295,8018,93326,213,3
3296,8018,93326,599,4.5
3297,8018,93326,624,2
3298,8017,93324,275,5
3299,8016,93320,73,5
3300,8015,93287,522,3.5
3301,8015,93287,624,3
3302,8014,93272,48,2.5
3303,8014,93272,213,1.5
3304,8013,93270,56,1
3305,8013,93270,475,2.5
3306,8013,93270,624,1.5
3307,8012,93265,287,4.5
3308,8011,93242,624,1.5
3309,8010,93061,287,4.5
3310,8009,93040,304,5
3311,8009,93040,364,5
3312,8009,93040,529,4
3313,8008,92966,652,4
3314,8007,92954,563,3
3315,8006,92938,475,1
3316,8005,92756,547,2.5
3317,8004,92751,163,4
3318,8003,92694,380,3.5
3319,8002,92681,213,2.5
3320,8001,92665,624,2.5
3321,8000,92613,652,4
3322,7999,92535,149,4.5
3323,7999,92535,157,4
3324,7999,92535,275,4.5
3325,7999,92535,423,4.5
3326,7999,92535,544,5
3327,7998,92509,402,4
3328,7997,92507,15,2.5
3329,7997,92507,91,4.5
3330,7997,92507,213,3
3331,7997,92507,624,2.5
3332,7996,92498,262,2.5
3333,7995,92496,262,2.5
3334,7994,92494,262,5
3335,7993,92439,624,2
3336,7992,92424,299,4
3337,7991,92420,15,1.5
3338,7991,92420,48,2.5
3339,7991,92420,56,4
3340,7991,92420,199,3.5
3341,7991,92420,213,3
3342,7991,92420,380,3
3343,7991,92420,475,3.5
3344,7991,92420,615,4
3345,7991,92420,624,3.5
3346,7991,92420,664,3.5
3347,7990,92309,73,3
3348,7990,92309,262,2
3349,7989,92264,213,3
3350,7989,92264,624,1
3351,7988,92259,26,4.5
3352,7988,92259,62,3
3353,7988,92259,72,4
3354,7988,92259,84,4.5
3355,7988,92259,91,5
3356,7988,92259,104,4.5
3357,7988,92259,133,2.5
3358,7988,92259,157,4
3359,7988,92259,176,5
3360,7988,92259,238,3.5
3361,7988,92259,250,5
3362,7988,92259,251,5
3363,7988,92259,298,5
3364,7988,92259,303,3.5
3365,7988,92259,314,5
3366,7988,92259,324,2.5
3367,7988,92259,339,5
3368,7988,92259,371,5
3369,7988,92259,406,4
3370,7988,92259,438,4
3371,7988,92259,450,4.5
3372,7988,92259,454,3.5
3373,7988,92259,478,5
3374,7988,92259,481,4
3375,7988,92259,563,4
3376,7988,92259,578,4
3377,7988,92259,620,3
3378,7987,92234,380,2.5
3379,7986,92210,563,5
3380,7985,92206,262,2
3381,7984,92198,624,2
3382,7983,92163,481,4
3383,7982,92058,48,2
3384,7982,92058,262,2
3385,7981,92048,624,2.5
3386,7980,92008,615,3.5
3387,7980,92008,624,2.5
3388,7979,92004,648,4
3389,7978,91978,200,4.5
3390,7978,91978,287,4.5
3391,7977,91976,73,3
3392,7977,91976,624,1
3393,7976,91974,213,3
3394,7976,91974,380,3
3395,7976,91974,615,2
3396,7975,91947,423,3.5
3397,7974,91935,624,2.5
3398,7973,91890,547,3.5
3399,7972,91886,382,4
3400,7971,91873,624,1.5
3401,7970,91869,15,3
3402,7969,91842,15,3
3403,7969,91842,213,1.5
3404,7969,91842,380,3
3405,7969,91842,624,2
3406,7968,91690,371,5
3407,7967,91688,624,1.5
3408,7966,91673,427,5
3409,7965,91660,213,2.5
3410,7965,91660,475,0.5
3411,7964,91658,15,4
3412,7964,91658,73,4
3413,7964,91658,84,3.5
3414,7964,91658,178,3
3415,7964,91658,199,4
3416,7964,91658,208,4.5
3417,7964,91658,213,3
3418,7964,91658,230,4
3419,7964,91658,339,4.5
3420,7964,91658,380,4
3421,7964,91658,475,4
3422,7964,91658,526,4
3423,7964,91658,547,4.5
3424,7964,91658,553,3
3425,7964,91658,615,3
3426,7964,91658,624,4
3427,7963,91653,15,4.5
3428,7963,91653,133,1.5
3429,7963,91653,199,3.5
3430,7963,91653,382,4
3431,7963,91653,624,4
3432,7962,91630,15,2.5
3433,7962,91630,73,4
3434,7962,91630,91,4.5
3435,7962,91630,199,3.5
3436,7962,91630,316,4
3437,7962,91630,339,4
3438,7962,91630,475,3.5
3439,7962,91630,570,5
3440,7962,91630,624,2.5
3441,7961,91628,522,1.5
3442,7961,91628,624,2
3443,7960,91622,380,2.5
3444,7959,91610,547,2
3445,7958,91582,547,2.5
3446,7957,91548,11,4
3447,7956,91542,15,1
3448,7956,91542,26,3.5
3449,7956,91542,48,3.5
3450,7956,91542,91,5
3451,7956,91542,149,2.5
3452,7956,91542,199,3.5
3453,7956,91542,200,4.5
3454,7956,91542,213,4
3455,7956,91542,250,4
3456,7956,91542,270,3
3457,7956,91542,287,5
3458,7956,91542,316,4
3459,7956,91542,339,3.5
3460,7956,91542,380,3.5
3461,7956,91542,402,4
3462,7956,91542,475,3.5
3463,7956,91542,478,4
3464,7956,91542,479,4
3465,7956,91542,480,5
3466,7956,91542,522,3.5
3467,7956,91542,553,5
3468,7956,91542,600,3
3469,7956,91542,624,2.5
3470,7956,91542,625,4.5
3471,7956,91542,660,4.5
3472,7956,91542,664,4
3473,7955,91535,15,2
3474,7955,91535,62,3
3475,7955,91535,213,3.5
3476,7955,91535,287,4.5
3477,7955,91535,382,2.5
3478,7955,91535,475,2.5
3479,7955,91535,624,2
3480,7954,91529,11,4.5
3481,7954,91529,15,3
3482,7954,91529,42,3.5
3483,7954,91529,46,5
3484,7954,91529,48,3.5
3485,7954,91529,56,2
3486,7954,91529,72,3
3487,7954,91529,73,4
3488,7954,91529,84,4
3489,7954,91529,97,1
3490,7954,91529,104,4.5
3491,7954,91529,134,1
3492,7954,91529,138,5
3493,7954,91529,149,4
3494,7954,91529,157,4
3495,7954,91529,176,3.5
3496,7954,91529,179,2
3497,7954,91529,199,4.5
3498,7954,91529,205,3
3499,7954,91529,213,3.5
3500,7954,91529,250,5
3501,7954,91529,270,4
3502,7954,91529,273,4
3503,7954,91529,287,5
3504,7954,91529,324,3.5
3505,7954,91529,352,4
3506,7954,91529,380,4
3507,7954,91529,402,4
3508,7954,91529,423,4.5
3509,7954,91529,433,0.5
3510,7954,91529,456,4
3511,7954,91529,457,0.5
3512,7954,91529,473,5
3513,7954,91529,475,2.5
3514,7954,91529,478,4
3515,7954,91529,479,5
3516,7954,91529,522,4.5
3517,7954,91529,529,3.5
3518,7954,91529,542,5
3519,7954,91529,544,4.5
3520,7954,91529,553,5
3521,7954,91529,563,4
3522,7954,91529,583,4
3523,7954,91529,599,4
3524,7954,91529,615,3.5
3525,7954,91529,620,3
3526,7954,91529,624,3.5
3527,7954,91529,664,4.5
3528,7953,91505,15,1
3529,7952,91500,11,4.5
3530,7952,91500,15,0.5
3531,7952,91500,73,4
3532,7952,91500,84,3.5
3533,7952,91500,91,3.5
3534,7952,91500,133,1
3535,7952,91500,149,5
3536,7952,91500,176,2
3537,7952,91500,199,4
3538,7952,91500,213,2.5
3539,7952,91500,238,5
3540,7952,91500,250,4
3541,7952,91500,251,3.5
3542,7952,91500,270,3.5
3543,7952,91500,273,5
3544,7952,91500,275,4
3545,7952,91500,277,3
3546,7952,91500,287,5
3547,7952,91500,316,3.5
3548,7952,91500,324,3.5
3549,7952,91500,339,2
3550,7952,91500,378,1
3551,7952,91500,380,3
3552,7952,91500,475,4
3553,7952,91500,483,3
3554,7952,91500,522,4
3555,7952,91500,544,4
3556,7952,91500,547,3.5
3557,7952,91500,553,3.5
3558,7952,91500,578,3
3559,7952,91500,599,3
3560,7952,91500,600,3.5
3561,7952,91500,612,4
3562,7952,91500,620,2
3563,7952,91500,625,5
3564,7952,91500,655,2
3565,7952,91500,660,4.5
3566,7952,91500,664,3
3567,7951,91488,262,2.5
3568,7950,91485,73,3.5
3569,7950,91485,251,4
3570,7950,91485,475,2
3571,7950,91485,615,2.5
3572,7949,91483,380,2.5
3573,7949,91483,522,1.5
3574,7948,91470,624,1.5
3575,7947,91414,48,3
3576,7946,91355,54,3.5
3577,7945,91325,624,2
3578,7944,91323,624,1.5
3579,7943,91286,547,4
3580,7942,91273,624,1.5
3581,7941,91199,56,4
3582,7941,91199,652,3.5
3583,7940,91134,547,3
3584,7939,91128,624,3
3585,7938,91126,624,3.5
3586,7937,91104,579,4.5
3587,7937,91104,620,0.5
3588,7936,91094,380,4.5
3589,7936,91094,475,3
3590,7936,91094,624,3.5
3591,7935,91077,163,3.5
3592,7935,91077,380,3.5
3593,7935,91077,475,3
3594,7935,91077,547,4.5
3595,7935,91077,624,4.5
3596,7934,90947,56,4
3597,7933,90890,473,1
3598,7933,90890,624,2
3599,7932,90888,480,3
3600,7932,90888,615,2.5
3601,7931,90870,15,0.5
3602,7930,90866,15,1
3603,7930,90866,133,2.5
3604,7930,90866,138,2
3605,7930,90866,149,2
3606,7930,90866,176,4
3607,7930,90866,299,3.5
3608,7930,90866,380,3.5
3609,7930,90866,475,3.5
3610,7930,90866,481,4
3611,7930,90866,529,3.5
3612,7930,90866,547,4.5
3613,7930,90866,600,5
3614,7930,90866,615,3
3615,7930,90866,624,4
3616,7930,90866,664,3.5
3617,7929,90863,481,4.5
3618,7928,90746,15,1.5
3619,7928,90746,48,3.5
3620,7928,90746,200,4
3621,7928,90746,402,4
3622,7928,90746,475,3.5
3623,7928,90746,624,3.5
3624,7928,90746,664,3.5
3625,7927,90738,624,1.5
3626,7926,90719,380,3.5
3627,7926,90719,624,2.5
3628,7925,90717,547,3
3629,7925,90717,624,3
3630,7924,90647,15,3
3631,7924,90647,48,3.5
3632,7924,90647,200,1.5
3633,7924,90647,475,2
3634,7923,90603,15,2.5
3635,7922,90600,15,3.5
3636,7922,90600,56,4
3637,7922,90600,371,5
3638,7921,90576,238,3.5
3639,7921,90576,599,5
3640,7920,90531,15,4
3641,7920,90531,48,2.5
3642,7920,90531,73,4
3643,7920,90531,262,2.5
3644,7920,90531,542,3.5
3645,7920,90531,544,5
3646,7920,90531,547,4
3647,7919,90524,475,2
3648,7918,90522,624,2
3649,7917,90469,48,3
3650,7917,90469,157,1.5
3651,7917,90469,547,2.5
3652,7916,90439,15,0.5
3653,7916,90439,73,3.5
3654,7916,90439,371,4.5
3655,7916,90439,380,4
3656,7916,90439,547,4
3657,7916,90439,624,3
3658,7915,90430,73,3.5
3659,7915,90430,473,5
3660,7914,90428,15,4.5
3661,7914,90428,427,5
3662,7914,90428,547,3
3663,7913,90405,176,2.5
3664,7913,90405,199,3.5
3665,7913,90405,200,4
3666,7913,90405,270,3
3667,7913,90405,287,4
3668,7913,90405,380,4
3669,7913,90405,483,2.5
3670,7913,90405,522,4
3671,7913,90405,615,3
3672,7912,90403,473,3
3673,7911,90376,56,4
3674,7911,90376,73,3.5
3675,7911,90376,378,4
3676,7911,90376,547,4
3677,7911,90376,578,2
3678,7910,90374,56,4
3679,7910,90374,262,2
3680,7910,90374,299,3.5
3681,7910,90374,547,3.5
3682,7910,90374,624,3
3683,7909,90357,262,4
3684,7908,90345,199,3.5
3685,7907,90343,624,2.5
3686,7906,90266,15,2.5
3687,7906,90266,547,3
3688,7905,90249,15,3.5
3689,7905,90249,475,3
3690,7905,90249,624,2.5
3691,7904,90061,149,5
3692,7903,90057,547,4
3693,7902,89904,138,1.5
3694,7902,89904,149,5
3695,7902,89904,157,4
3696,7902,89904,519,5
3697,7902,89904,547,3.5
3698,7902,89904,624,4
3699,7901,89881,547,4
3700,7900,89870,652,4.5
3701,7899,89864,73,3
3702,7899,89864,133,2.5
3703,7899,89864,149,2
3704,7899,89864,157,4
3705,7899,89864,230,3.5
3706,7899,89864,262,2.5
3707,7899,89864,331,5
3708,7899,89864,443,5
3709,7899,89864,475,4
3710,7899,89864,479,5
3711,7899,89864,547,3.5
3712,7899,89864,599,4
3713,7899,89864,625,4
3714,7898,89840,15,1
3715,7898,89840,563,3.5
3716,7898,89840,624,1.5
3717,7897,89837,48,2.5
3718,7897,89837,262,4
3719,7896,89804,117,5
3720,7896,89804,176,3.5
3721,7896,89804,270,3.5
3722,7896,89804,275,3
3723,7896,89804,380,4
3724,7896,89804,475,3.5
3725,7896,89804,529,4
3726,7896,89804,544,4.5
3727,7896,89804,547,4.5
3728,7895,89774,73,4.5
3729,7895,89774,157,4
3730,7895,89774,522,2.5
3731,7895,89774,553,5
3732,7895,89774,664,3.5
3733,7894,89761,176,3.5
3734,7893,89759,38,5
3735,7893,89759,56,4
3736,7893,89759,359,3
3737,7893,89759,481,4.5
3738,7893,89759,567,5
3739,7892,89753,199,3.5
3740,7891,89745,15,3
3741,7891,89745,42,4
3742,7891,89745,46,5
3743,7891,89745,48,3
3744,7891,89745,72,2.5
3745,7891,89745,73,4.5
3746,7891,89745,84,4
3747,7891,89745,91,5
3748,7891,89745,104,4.5
3749,7891,89745,134,5
3750,7891,89745,149,2
3751,7891,89745,157,3
3752,7891,89745,176,3
3753,7891,89745,199,4
3754,7891,89745,205,4
3755,7891,89745,213,5
3756,7891,89745,228,3
3757,7891,89745,250,4
3758,7891,89745,251,5
3759,7891,89745,270,3.5
3760,7891,89745,272,4
3761,7891,89745,273,3.5
3762,7891,89745,275,4.5
3763,7891,89745,287,5
3764,7891,89745,316,4.5
3765,7891,89745,365,3
3766,7891,89745,380,4
3767,7891,89745,402,4.5
3768,7891,89745,433,4
3769,7891,89745,448,5
3770,7891,89745,473,5
3771,7891,89745,475,4
3772,7891,89745,480,5
3773,7891,89745,486,2.5
3774,7891,89745,503,4
3775,7891,89745,519,3
3776,7891,89745,542,3.5
3777,7891,89745,547,2
3778,7891,89745,553,5
3779,7891,89745,566,4.5
3780,7891,89745,599,5
3781,7891,89745,615,4
3782,7891,89745,624,3.5
3783,7891,89745,652,5
3784,7891,89745,660,4.5
3785,7891,89745,664,5
3786,7890,89678,547,3.5
3787,7889,89492,15,5
3788,7889,89492,56,4
3789,7889,89492,72,3.5
3790,7889,89492,133,0.5
3791,7889,89492,199,4
3792,7889,89492,275,5
3793,7889,89492,333,4
3794,7889,89492,380,4
3795,7889,89492,382,3.5
3796,7889,89492,457,2
3797,7889,89492,475,4
3798,7889,89492,478,4
3799,7889,89492,544,5
3800,7889,89492,547,4
3801,7889,89492,563,4
3802,7889,89492,624,4
3803,7888,89470,15,1.5
3804,7888,89470,73,3
3805,7888,89470,213,2.5
3806,7888,89470,380,4
3807,7888,89470,544,5
3808,7888,89470,547,4
3809,7888,89470,615,4
3810,7888,89470,624,4
3811,7887,89427,624,1.5
3812,7886,89408,547,3
3813,7885,89388,578,0.5
3814,7885,89388,624,1.5
3815,7884,89356,481,3.5
3816,7883,89343,73,3.5
3817,7883,89343,270,4
3818,7883,89343,624,3
3819,7882,89337,15,3
3820,7881,89321,547,2
3821,7880,89305,624,4
3822,7879,89300,268,3.5
3823,7878,89260,547,4
3824,7877,89203,547,4
3825,7876,89194,382,3
3826,7875,89118,262,3
3827,7875,89118,371,2
3828,7874,89102,176,2
3829,7873,89090,15,1.5
3830,7872,89087,213,2.5
3831,7872,89087,339,2.5
3832,7872,89087,624,2
3833,7871,89085,73,4.5
3834,7870,89072,380,3.5
3835,7869,89047,380,3.5
3836,7868,89045,333,4.5
3837,7867,89039,73,3.5
3838,7867,89039,380,4
3839,7867,89039,481,4
3840,7866,89030,475,2.5
3841,7866,89030,664,3
3842,7865,89000,481,3.5
3843,7864,88954,457,1.5
3844,7863,88950,15,0.5
3845,7862,88932,563,1
3846,7861,88879,213,2.5
3847,7860,88812,56,2
3848,7860,88812,199,3.5
3849,7860,88812,380,3
3850,7860,88812,475,3
3851,7860,88812,571,4.5
3852,7860,88812,624,2.5
3853,7859,88810,56,2
3854,7859,88810,98,5
3855,7859,88810,117,4.5
3856,7859,88810,133,3
3857,7859,88810,138,3
3858,7859,88810,149,2
3859,7859,88810,275,5
3860,7859,88810,378,4.5
3861,7859,88810,382,5
3862,7859,88810,473,5
3863,7859,88810,529,4
3864,7859,88810,547,4
3865,7859,88810,599,4
3866,7859,88810,620,4
3867,7859,88810,625,5
3868,7858,88785,199,3.5
3869,7858,88785,380,2.5
3870,7858,88785,624,2
3871,7857,88744,15,4.5
3872,7857,88744,48,3.5
3873,7857,88744,56,4
3874,7857,88744,72,3.5
3875,7857,88744,73,3.5
3876,7857,88744,104,4
3877,7857,88744,157,3.5
3878,7857,88744,163,4.5
3879,7857,88744,199,3.5
3880,7857,88744,250,4
3881,7857,88744,275,4.5
3882,7857,88744,324,3.5
3883,7857,88744,380,3
3884,7857,88744,475,4
3885,7857,88744,480,3.5
3886,7857,88744,483,5
3887,7857,88744,486,2.5
3888,7857,88744,526,4
3889,7857,88744,544,4.5
3890,7857,88744,563,4
3891,7857,88744,600,3.5
3892,7857,88744,624,2.5
3893,7857,88744,625,4
3894,7857,88744,664,4
3895,7856,88682,481,4
3896,7856,88682,547,4
3897,7855,88672,380,3.5
3898,7855,88672,599,4.5
3899,7855,88672,624,3
3900,7854,88405,199,3.5
3901,7854,88405,238,3.5
3902,7854,88405,268,3.5
3903,7854,88405,270,3
3904,7854,88405,380,3.5
3905,7854,88405,522,2.5
3906,7854,88405,547,3.5
3907,7854,88405,620,2.5
3908,7854,88405,624,2.5
3909,7853,88380,213,3.5
3910,7852,88356,15,1.5
3911,7852,88356,213,2.5
3912,7852,88356,624,2
3913,7851,88345,287,4
3914,7850,88272,262,2
3915,7849,88267,268,4.5
3916,7849,88267,620,2
3917,7848,88235,547,4
3918,7847,88179,599,4.5
3919,7847,88179,620,4
3920,7846,88163,15,3.5
3921,7846,88163,73,4
3922,7846,88163,98,5
3923,7846,88163,157,4
3924,7846,88163,199,3.5
3925,7846,88163,238,2.5
3926,7846,88163,262,2
3927,7846,88163,270,3.5
3928,7846,88163,275,5
3929,7846,88163,380,2
3930,7846,88163,473,5
3931,7846,88163,547,3
3932,7846,88163,599,5
3933,7846,88163,624,3.5
3934,7845,88140,15,1
3935,7845,88140,48,2.5
3936,7845,88140,72,3
3937,7845,88140,73,3.5
3938,7845,88140,104,3.5
3939,7845,88140,157,2
3940,7845,88140,199,4
3941,7845,88140,213,4
3942,7845,88140,250,4
3943,7845,88140,268,3.5
3944,7845,88140,270,4
3945,7845,88140,287,5
3946,7845,88140,316,4.5
3947,7845,88140,402,4
3948,7845,88140,475,3.5
3949,7845,88140,483,5
3950,7845,88140,553,4.5
3951,7845,88140,599,4.5
3952,7845,88140,615,3
3953,7845,88140,624,3
3954,7845,88140,625,4.5
3955,7845,88140,664,4
3956,7844,88129,11,4
3957,7844,88129,15,2.5
3958,7844,88129,73,3.5
3959,7844,88129,78,4
3960,7844,88129,157,4
3961,7844,88129,176,4
3962,7844,88129,270,4.5
3963,7844,88129,457,4
3964,7844,88129,475,4
3965,7844,88129,483,4.5
3966,7844,88129,547,4
3967,7844,88129,553,5
3968,7844,88129,563,4.5
3969,7844,88129,628,2.5
3970,7844,88129,664,3.5
3971,7843,88125,13,4.5
3972,7843,88125,15,3
3973,7843,88125,46,5
3974,7843,88125,56,4
3975,7843,88125,73,4.5
3976,7843,88125,78,4.5
3977,7843,88125,133,4
3978,7843,88125,134,4
3979,7843,88125,140,3.5
3980,7843,88125,149,4
3981,7843,88125,152,4
3982,7843,88125,157,3.5
3983,7843,88125,205,4
3984,7843,88125,213,2.5
3985,7843,88125,250,4.5
3986,7843,88125,268,5
3987,7843,88125,272,4
3988,7843,88125,273,4.5
3989,7843,88125,275,5
3990,7843,88125,303,3.5
3991,7843,88125,316,4.5
3992,7843,88125,382,4
3993,7843,88125,402,4.5
3994,7843,88125,446,5
3995,7843,88125,475,3.5
3996,7843,88125,478,4.5
3997,7843,88125,479,5
3998,7843,88125,480,4.5
3999,7843,88125,481,4
4000,7843,88125,542,5
4001,7843,88125,553,4
4002,7843,88125,599,5
4003,7843,88125,620,4
4004,7843,88125,660,4.5
4005,7842,88118,73,4
4006,7841,88106,299,3.5
4007,7840,88024,547,2.5
4008,7839,87975,200,3
4009,7838,87930,15,2
4010,7837,87884,299,3.5
4011,7836,87876,213,2
4012,7836,87876,475,0.5
4013,7836,87876,620,0.5
4014,7836,87876,624,3
4015,7835,87869,15,2.5
4016,7835,87869,56,2
4017,7835,87869,73,3.5
4018,7835,87869,268,3.5
4019,7835,87869,297,3
4020,7835,87869,380,3
4021,7835,87869,475,2.5
4022,7835,87869,522,2
4023,7835,87869,615,3.5
4024,7835,87869,624,3
4025,7835,87869,664,3.5
4026,7834,87785,624,2
4027,7833,87660,380,4.5
4028,7832,87598,547,3
4029,7831,87529,268,0.5
4030,7831,87529,475,2
4031,7831,87529,624,1.5
4032,7830,87522,56,1
4033,7830,87522,200,4.5
4034,7829,87520,15,4.5
4035,7829,87520,48,3
4036,7829,87520,213,2.5
4037,7829,87520,268,2.5
4038,7829,87520,402,3
4039,7829,87520,475,0.5
4040,7829,87520,479,4
4041,7829,87520,624,0.5
4042,7829,87520,664,4
4043,7828,87485,15,1
4044,7828,87485,163,1.5
4045,7828,87485,199,3.5
4046,7828,87485,380,2.5
4047,7828,87485,475,1.5
4048,7828,87485,620,3.5
4049,7828,87485,624,1.5
4050,7828,87485,648,3
4051,7827,87483,624,2
4052,7826,87444,624,1.5
4053,7825,87430,15,0.5
4054,7825,87430,48,3
4055,7825,87430,213,3.5
4056,7825,87430,268,2
4057,7825,87430,380,3
4058,7825,87430,402,3.5
4059,7825,87430,475,0.5
4060,7825,87430,599,4
4061,7825,87430,624,1.5
4062,7825,87430,664,2.5
4063,7824,87383,547,3
4064,7823,87306,15,1
4065,7823,87306,48,2.5
4066,7823,87306,73,4
4067,7823,87306,213,4
4068,7823,87306,268,4.5
4069,7823,87306,380,2.5
4070,7823,87306,475,3.5
4071,7823,87306,547,4
4072,7823,87306,615,3
4073,7823,87306,624,3
4074,7823,87306,660,4.5
4075,7823,87306,664,4
4076,7822,87304,15,0.5
4077,7822,87304,56,4
4078,7822,87304,547,4.5
4079,7821,87298,73,3.5
4080,7821,87298,380,3.5
4081,7821,87298,547,1.5
4082,7821,87298,624,3
4083,7820,87234,73,4
4084,7820,87234,262,3.5
4085,7819,87232,15,1.5
4086,7819,87232,42,4
4087,7819,87232,48,4
4088,7819,87232,56,2
4089,7819,87232,73,4
4090,7819,87232,91,5
4091,7819,87232,157,4.5
4092,7819,87232,199,4
4093,7819,87232,205,3.5
4094,7819,87232,213,4
4095,7819,87232,251,5
4096,7819,87232,268,4.5
4097,7819,87232,270,4
4098,7819,87232,272,4
4099,7819,87232,275,4.5
4100,7819,87232,316,3.5
4101,7819,87232,380,4
4102,7819,87232,402,4
4103,7819,87232,446,5
4104,7819,87232,475,4
4105,7819,87232,479,4
4106,7819,87232,553,3.5
4107,7819,87232,599,5
4108,7819,87232,615,3.5
4109,7819,87232,624,4
4110,7819,87232,652,4
4111,7819,87232,660,4.5
4112,7819,87232,664,4
4113,7818,87222,15,4
4114,7818,87222,48,4
4115,7818,87222,287,5
4116,7818,87222,475,3
4117,7818,87222,620,4
4118,7818,87222,624,3
4119,7817,87218,547,3.5
4120,7816,87205,262,1.5
4121,7815,87192,73,4.5
4122,7815,87192,268,3
4123,7815,87192,475,3.5
4124,7814,86982,547,2
4125,7813,86911,15,0.5
4126,7813,86911,56,2
4127,7813,86911,138,3
4128,7813,86911,380,3
4129,7813,86911,457,1.5
4130,7813,86911,475,1
4131,7813,86911,486,3
4132,7813,86911,512,3.5
4133,7813,86911,522,3.5
4134,7813,86911,547,2
4135,7813,86911,624,3
4136,7813,86911,664,4
4137,7812,86898,15,3.5
4138,7811,86892,157,3
4139,7810,86884,56,4
4140,7809,86882,15,2.5
4141,7809,86882,72,3.5
4142,7809,86882,73,4.5
4143,7809,86882,133,1.5
4144,7809,86882,149,4.5
4145,7809,86882,176,5
4146,7809,86882,179,5
4147,7809,86882,238,4
4148,7809,86882,297,5
4149,7809,86882,378,4
4150,7809,86882,382,3
4151,7809,86882,406,5
4152,7809,86882,457,3
4153,7809,86882,475,3
4154,7809,86882,481,3.5
4155,7809,86882,505,5
4156,7809,86882,519,4.5
4157,7809,86882,529,4.5
4158,7809,86882,620,4
4159,7809,86882,624,3.5
4160,7809,86882,660,4
4161,7808,86880,133,0.5
4162,7808,86880,138,2.5
4163,7808,86880,213,4
4164,7808,86880,251,4
4165,7808,86880,371,4
4166,7808,86880,426,4
4167,7808,86880,475,1.5
4168,7808,86880,611,3.5
4169,7808,86880,620,1
4170,7808,86880,624,1.5
4171,7807,86864,547,4
4172,7806,86852,268,3
4173,7805,86835,176,2
4174,7805,86835,213,3
4175,7805,86835,268,1.5
4176,7805,86835,615,1.5
4177,7804,86833,15,4
4178,7804,86833,270,3
4179,7804,86833,380,4
4180,7804,86833,475,3
4181,7804,86833,494,3.5
4182,7804,86833,547,4
4183,7804,86833,620,2
4184,7804,86833,624,4
4185,7803,86817,599,5
4186,7802,86781,15,5
4187,7802,86781,38,4.5
4188,7802,86781,634,2.5
4189,7801,86721,48,3
4190,7800,86644,15,1.5
4191,7800,86644,73,3.5
4192,7800,86644,104,4
4193,7800,86644,380,1
4194,7800,86644,475,2.5
4195,7799,86626,481,4
4196,7798,86593,624,2.5
4197,7797,86548,473,5
4198,7797,86548,624,3.5
4199,7796,86504,378,4
4200,7796,86504,450,4.5
4201,7796,86504,615,5
4202,7795,86487,547,5
4203,7794,86377,149,4.5
4204,7794,86377,157,4
4205,7794,86377,179,4
4206,7794,86377,199,4
4207,7794,86377,208,5
4208,7794,86377,275,5
4209,7794,86377,423,4
4210,7794,86377,519,5
4211,7794,86377,544,5
4212,7793,86347,48,3.5
4213,7793,86347,149,4
4214,7793,86347,199,4
4215,7793,86347,275,5
4216,7793,86347,423,4
4217,7793,86347,544,5
4218,7792,86345,157,4
4219,7792,86345,199,4
4220,7792,86345,275,5
4221,7792,86345,324,3.5
4222,7792,86345,423,4
4223,7792,86345,544,5
4224,7791,86332,15,1
4225,7791,86332,48,3.5
4226,7791,86332,199,4
4227,7791,86332,213,4
4228,7791,86332,270,3
4229,7791,86332,287,5
4230,7791,86332,324,3.5
4231,7791,86332,380,3
4232,7791,86332,402,3.5
4233,7791,86332,475,2
4234,7791,86332,553,4.5
4235,7791,86332,624,2.5
4236,7791,86332,660,4
4237,7791,86332,664,3.5
4238,7790,86320,157,3.5
4239,7790,86320,380,3
4240,7790,86320,457,3.5
4241,7790,86320,481,4.5
4242,7790,86320,544,5
4243,7790,86320,547,4.5
4244,7789,86298,48,4
4245,7789,86298,200,3.5
4246,7789,86298,475,2
4247,7789,86298,624,2
4248,7789,86298,660,4
4249,7788,86293,268,2.5
4250,7788,86293,380,2
4251,7788,86293,599,4.5
4252,7788,86293,624,2
4253,7787,86290,199,3.5
4254,7786,86190,15,1.5
4255,7786,86190,157,3
4256,7786,86190,176,2.5
4257,7786,86190,213,1.5
4258,7786,86190,380,3.5
4259,7786,86190,544,4.5
4260,7786,86190,615,4
4261,7786,86190,624,3.5
4262,7785,86142,73,4
4263,7785,86142,176,3
4264,7785,86142,199,4
4265,7785,86142,624,3
4266,7785,86142,628,2.5
4267,7784,86059,213,1
4268,7783,86028,624,2
4269,7782,86014,268,3
4270,7781,86000,56,5
4271,7781,86000,275,4.5
4272,7780,85881,73,3.5
4273,7780,85881,117,4
4274,7780,85881,262,2.5
4275,7780,85881,268,3.5
4276,7780,85881,547,3.5
4277,7780,85881,624,3.5
4278,7779,85796,48,3
4279,7779,85796,268,1.5
4280,7778,85788,48,3.5
4281,7778,85788,73,4
4282,7778,85788,262,2.5
4283,7778,85788,268,4
4284,7777,85780,352,3
4285,7776,85774,15,4
4286,7776,85774,48,4
4287,7776,85774,199,4
4288,7776,85774,475,4
4289,7776,85774,481,4
4290,7776,85774,544,4.5
4291,7776,85774,553,3
4292,7776,85774,624,4.5
4293,7776,85774,625,5
4294,7775,85736,48,4.5
4295,7775,85736,152,4
4296,7775,85736,200,3.5
4297,7775,85736,501,4
4298,7774,85612,133,3.5
4299,7773,85572,426,2.5
4300,7772,85510,48,3
4301,7772,85510,157,0.5
4302,7772,85510,268,0.5
4303,7772,85510,380,4
4304,7772,85510,475,3
4305,7772,85510,624,2
4306,7771,85438,56,5
4307,7771,85438,133,2.5
4308,7770,85414,15,4
4309,7770,85414,48,4
4310,7770,85414,56,4
4311,7770,85414,62,4
4312,7770,85414,73,4.5
4313,7770,85414,91,5
4314,7770,85414,152,4.5
4315,7770,85414,157,3.5
4316,7770,85414,199,4
4317,7770,85414,213,4
4318,7770,85414,238,3.5
4319,7770,85414,250,4
4320,7770,85414,268,5
4321,7770,85414,287,5
4322,7770,85414,320,4
4323,7770,85414,428,5
4324,7770,85414,473,3
4325,7770,85414,480,3.5
4326,7770,85414,501,4
4327,7770,85414,526,3
4328,7770,85414,547,3.5
4329,7770,85414,553,2.5
4330,7770,85414,625,4.5
4331,7770,85414,664,4.5
4332,7769,85412,48,3.5
4333,7769,85412,199,3.5
4334,7769,85412,380,3
4335,7769,85412,664,4.5
4336,7768,85401,73,4.5
4337,7768,85401,262,4
4338,7768,85401,624,2
4339,7767,85399,624,1
4340,7766,85397,268,1
4341,7766,85397,380,2
4342,7765,85394,481,4.5
4343,7764,85367,268,2
4344,7764,85367,501,4
4345,7764,85367,624,2
4346,7763,85342,73,5
4347,7763,85342,84,3.5
4348,7763,85342,157,4
4349,7763,85342,334,4
4350,7763,85342,475,4
4351,7762,85316,268,4
4352,7761,85261,213,2.5
4353,7760,85213,380,4
4354,7759,85179,157,4.5
4355,7759,85179,213,4
4356,7759,85179,257,2.5
4357,7759,85179,443,5
4358,7758,85131,199,3.5
4359,7758,85131,213,2
4360,7758,85131,268,1.5
4361,7758,85131,380,2.5
4362,7758,85131,402,2.5
4363,7758,85131,475,2.5
4364,7758,85131,624,1
4365,7758,85131,664,3
4366,7757,85056,213,3.5
4367,7757,85056,475,2
4368,7757,85056,624,2.5
4369,7756,85025,199,3.5
4370,7756,85025,624,2
4371,7755,85022,199,3.5
4372,7755,85022,268,3
4373,7755,85022,380,2.5
4374,7755,85022,475,1.5
4375,7755,85022,624,3
4376,7754,85020,199,3.5
4377,7753,85016,547,3.5
4378,7752,84954,15,1
4379,7752,84954,199,3.5
4380,7752,84954,213,3.5
4381,7752,84954,238,4
4382,7752,84954,268,3.5
4383,7752,84954,380,2.5
4384,7752,84954,382,2
4385,7752,84954,501,5
4386,7752,84954,571,4
4387,7752,84954,615,3
4388,7752,84954,624,3.5
4389,7752,84954,664,4
4390,7751,84952,48,4
4391,7751,84952,157,4.5
4392,7750,84950,624,2.5
4393,7749,84944,48,4
4394,7749,84944,73,4
4395,7749,84944,268,4
4396,7749,84944,380,3.5
4397,7749,84944,428,3
4398,7749,84944,475,3.5
4399,7749,84944,624,4
4400,7748,84847,547,4
4401,7748,84847,610,4
4402,7747,84844,104,4
4403,7747,84844,298,5
4404,7747,84844,303,2
4405,7747,84844,339,4.5
4406,7747,84844,478,5
4407,7746,84772,48,2.5
4408,7746,84772,73,3
4409,7746,84772,213,1.5
4410,7746,84772,268,3
4411,7746,84772,316,4.5
4412,7746,84772,380,3
4413,7746,84772,475,2
4414,7746,84772,624,3
4415,7745,84696,624,4
4416,7744,84637,620,1.5
4417,7743,84615,199,3
4418,7743,84615,268,3
4419,7743,84615,380,3.5
4420,7743,84615,624,2.5
4421,7742,84601,199,3.5
4422,7742,84601,213,2.5
4423,7742,84601,268,3
4424,7742,84601,287,5
4425,7742,84601,664,3.5
4426,7741,84506,303,3.5
4427,7740,84414,652,5
4428,7739,84395,199,2.5
4429,7738,84392,15,2.5
4430,7738,84392,213,2.5
4431,7738,84392,268,3.5
4432,7738,84392,371,5
4433,7738,84392,380,4
4434,7738,84392,547,3
4435,7738,84392,570,4
4436,7738,84392,615,3.5
4437,7738,84392,624,3
4438,7738,84392,664,4
4439,7737,84374,15,2.5
4440,7737,84374,98,5
4441,7737,84374,199,3.5
4442,7737,84374,213,1
4443,7737,84374,380,2.5
4444,7737,84374,599,3.5
4445,7737,84374,620,3.5
4446,7737,84374,624,2
4447,7736,84312,394,1
4448,7735,84304,93,3.5
4449,7734,84236,3,4
4450,7733,84187,48,4.5
4451,7733,84187,199,4
4452,7733,84187,213,2.5
4453,7733,84187,257,4
4454,7733,84187,481,3.5
4455,7733,84187,563,4
4456,7732,84160,380,3.5
4457,7731,84154,380,4
4458,7730,84152,15,3
4459,7730,84152,48,4
4460,7730,84152,73,4
4461,7730,84152,104,4.5
4462,7730,84152,149,4
4463,7730,84152,199,4
4464,7730,84152,213,2.5
4465,7730,84152,250,4
4466,7730,84152,268,3.5
4467,7730,84152,287,5
4468,7730,84152,380,4.5
4469,7730,84152,475,4.5
4470,7730,84152,512,4.5
4471,7730,84152,553,3.5
4472,7730,84152,615,4
4473,7730,84152,620,3
4474,7730,84152,624,3
4475,7730,84152,652,3
4476,7730,84152,664,4
4477,7729,84116,56,4
4478,7728,84098,547,3.5
4479,7727,83976,56,4
4480,7727,83976,299,4
4481,7726,83910,380,2
4482,7726,83910,624,2.5
4483,7725,83829,299,4.5
4484,7724,83827,15,4
4485,7723,83803,48,3
4486,7723,83803,287,4.5
4487,7722,83613,15,0.5
4488,7722,83613,73,3
4489,7722,83613,213,3.5
4490,7722,83613,268,2
4491,7722,83613,380,2.5
4492,7722,83613,475,1.5
4493,7722,83613,477,4
4494,7722,83613,624,1.5
4495,7721,83603,468,3.5
4496,7720,83506,199,4
4497,7719,83480,213,3
4498,7718,83411,468,5
4499,7717,83374,268,1.5
4500,7717,83374,624,3.5
4501,7716,83361,468,3.5
4502,7715,83359,468,5
4503,7714,83349,15,1
4504,7714,83349,157,1.5
4505,7714,83349,199,3.5
4506,7714,83349,213,1
4507,7714,83349,473,2.5
4508,7714,83349,475,2
4509,7714,83349,599,4
4510,7714,83349,624,2
4511,7713,83332,547,4
4512,7712,83322,468,4
4513,7711,83318,468,5
4514,7710,83293,15,3.5
4515,7709,83270,15,1
4516,7708,83177,624,2
4517,7707,83134,48,3.5
4518,7707,83134,73,4
4519,7707,83134,134,4.5
4520,7707,83134,199,4.5
4521,7707,83134,380,3.5
4522,7707,83134,615,4
4523,7707,83134,655,4
4524,7707,83134,664,3
4525,7706,83132,48,3.5
4526,7706,83132,205,4
4527,7706,83132,213,2.5
4528,7706,83132,298,5
4529,7706,83132,352,3.5
4530,7706,83132,660,4
4531,7705,83096,468,3.5
4532,7704,83086,56,1
4533,7703,82934,468,3
4534,7702,82931,378,3.5
4535,7701,82854,15,0.5
4536,7701,82854,199,3
4537,7701,82854,213,2
4538,7701,82854,624,1.5
4539,7700,82852,91,3.5
4540,7700,82852,380,1.5
4541,7700,82852,457,1.5
4542,7700,82852,501,3
4543,7700,82852,522,2.5
4544,7700,82852,624,2
4545,7699,82667,48,3.5
4546,7699,82667,73,4.5
4547,7699,82667,157,4
4548,7699,82667,262,3.5
4549,7698,82608,652,5
4550,7697,82534,380,3
4551,7696,82527,73,4
4552,7696,82527,117,4.5
4553,7696,82527,624,4
4554,7695,82499,599,4
4555,7695,82499,624,2.5
4556,7694,82463,176,3
4557,7694,82463,547,4
4558,7693,82461,15,3
4559,7693,82461,48,3.5
4560,7693,82461,104,3
4561,7693,82461,199,3.5
4562,7693,82461,213,1
4563,7693,82461,277,2
4564,7693,82461,287,4.5
4565,7693,82461,380,3.5
4566,7693,82461,402,3
4567,7693,82461,475,3
4568,7693,82461,486,2
4569,7693,82461,615,3.5
4570,7693,82461,624,2
4571,7692,82459,26,4
4572,7692,82459,72,3.5
4573,7692,82459,73,4
4574,7692,82459,81,3.5
4575,7692,82459,93,4
4576,7692,82459,133,0.5
4577,7692,82459,199,3.5
4578,7692,82459,257,3.5
4579,7692,82459,268,5
4580,7692,82459,275,4.5
4581,7692,82459,380,5
4582,7692,82459,423,3.5
4583,7692,82459,468,4
4584,7692,82459,475,4
4585,7692,82459,483,4
4586,7692,82459,522,3.5
4587,7692,82459,544,4
4588,7692,82459,547,4.5
4589,7692,82459,553,3
4590,7692,82459,615,4.5
4591,7692,82459,624,4
4592,7692,82459,664,4.5
4593,7691,82378,547,3
4594,7691,82378,624,2.5
4595,7689,82242,157,4
4596,7688,82202,163,2.5
4597,7688,82202,176,2.5
4598,7688,82202,213,4
4599,7688,82202,380,2.5
4600,7688,82202,475,1
4601,7688,82202,620,3
4602,7688,82202,624,1.5
4603,7687,82173,287,2.5
4604,7686,82169,382,4.5
4605,7686,82169,475,2
4606,7686,82169,542,4
4607,7686,82169,620,4
4608,7685,82167,176,2.5
4609,7685,82167,426,3
4610,7685,82167,599,3
4611,7684,82152,599,3.5
4612,7683,82150,299,3.5
4613,7682,82095,213,2.5
4614,7682,82095,380,2
4615,7682,82095,475,0.5
4616,7682,82095,624,0.5
4617,7681,82093,624,1.5
4618,7680,82041,73,3.5
4619,7680,82041,262,3.5
4620,7679,82037,501,3
4621,7678,82035,457,2.5
4622,7677,81949,624,3
4623,7676,81932,15,3
4624,7676,81932,73,4
4625,7676,81932,199,4
4626,7676,81932,275,4.5
4627,7676,81932,426,4
4628,7676,81932,475,4
4629,7676,81932,501,5
4630,7676,81932,522,4.5
4631,7676,81932,547,5
4632,7676,81932,624,4
4633,7676,81932,664,3.5
4634,7675,81910,468,3
4635,7674,81898,547,0.5
4636,7673,81847,15,1
4637,7673,81847,48,3.5
4638,7673,81847,140,3
4639,7673,81847,149,4.5
4640,7673,81847,176,3
4641,7673,81847,200,4.5
4642,7673,81847,213,4
4643,7673,81847,251,4.5
4644,7673,81847,262,2.5
4645,7673,81847,268,4
4646,7673,81847,272,2
4647,7673,81847,275,5
4648,7673,81847,380,4
4649,7673,81847,382,5
4650,7673,81847,402,4.5
4651,7673,81847,501,2.5
4652,7673,81847,503,1
4653,7673,81847,599,5
4654,7673,81847,600,5
4655,7673,81847,620,4
4656,7673,81847,660,4.5
4657,7672,81845,15,3
4658,7672,81845,48,3.5
4659,7672,81845,93,4
4660,7672,81845,117,4
4661,7672,81845,138,3.5
4662,7672,81845,140,3
4663,7672,81845,149,3
4664,7672,81845,152,2.5
4665,7672,81845,176,5
4666,7672,81845,199,4
4667,7672,81845,238,3
4668,7672,81845,250,5
4669,7672,81845,251,5
4670,7672,81845,257,2
4671,7672,81845,268,4
4672,7672,81845,275,4.5
4673,7672,81845,303,4
4674,7672,81845,316,3
4675,7672,81845,320,4
4676,7672,81845,333,4
4677,7672,81845,359,4.5
4678,7672,81845,371,4.5
4679,7672,81845,382,5
4680,7672,81845,406,3.5
4681,7672,81845,426,4
4682,7672,81845,433,3.5
4683,7672,81845,468,3
4684,7672,81845,475,4
4685,7672,81845,479,4.5
4686,7672,81845,480,5
4687,7672,81845,501,4.5
4688,7672,81845,503,4
4689,7672,81845,522,3.5
4690,7672,81845,529,4
4691,7672,81845,547,4
4692,7672,81845,572,3.5
4693,7672,81845,599,5
4694,7672,81845,600,4.5
4695,7672,81845,615,4
4696,7672,81845,624,4.5
4697,7671,81834,13,4.5
4698,7671,81834,15,2
4699,7671,81834,46,5
4700,7671,81834,56,4
4701,7671,81834,73,4
4702,7671,81834,78,4.5
4703,7671,81834,98,5
4704,7671,81834,133,4
4705,7671,81834,149,4
4706,7671,81834,152,4
4707,7671,81834,157,3.5
4708,7671,81834,205,4
4709,7671,81834,213,2.5
4710,7671,81834,273,4.5
4711,7671,81834,275,4.5
4712,7671,81834,303,3
4713,7671,81834,316,4
4714,7671,81834,334,2
4715,7671,81834,371,2
4716,7671,81834,382,4
4717,7671,81834,402,4.5
4718,7671,81834,426,3.5
4719,7671,81834,475,4
4720,7671,81834,479,5
4721,7671,81834,480,4.5
4722,7671,81834,481,3
4723,7671,81834,501,3
4724,7671,81834,542,5
4725,7671,81834,553,4
4726,7671,81834,570,4.5
4727,7671,81834,599,5
4728,7671,81834,620,4
4729,7671,81834,660,4.5
4730,7670,81831,522,4
4731,7669,81819,648,4
4732,7668,81788,73,4
4733,7668,81788,199,3.5
4734,7668,81788,371,5
4735,7667,81786,81,4
4736,7667,81786,481,4.5
4737,7666,81784,213,2.5
4738,7666,81784,380,1.5
4739,7666,81784,402,4
4740,7666,81784,547,3
4741,7666,81784,624,2.5
4742,7665,81782,15,3
4743,7665,81782,213,3.5
4744,7665,81782,380,3.5
4745,7665,81782,475,2
4746,7665,81782,553,3
4747,7665,81782,624,3
4748,7664,81660,73,2.5
4749,7663,81641,547,3.5
4750,7662,81591,15,1
4751,7662,81591,48,4
4752,7662,81591,56,5
4753,7662,81591,62,4
4754,7662,81591,72,3.5
4755,7662,81591,73,4
4756,7662,81591,81,2.5
4757,7662,81591,133,3
4758,7662,81591,149,4
4759,7662,81591,176,4
4760,7662,81591,178,1.5
4761,7662,81591,179,5
4762,7662,81591,230,3.5
4763,7662,81591,250,4
4764,7662,81591,270,4
4765,7662,81591,299,5
4766,7662,81591,371,3.5
4767,7662,81591,378,3.5
4768,7662,81591,380,4
4769,7662,81591,402,2
4770,7662,81591,423,4
4771,7662,81591,428,5
4772,7662,81591,433,5
4773,7662,81591,457,4.5
4774,7662,81591,475,3
4775,7662,81591,481,4
4776,7662,81591,488,4
4777,7662,81591,501,3
4778,7662,81591,544,4.5
4779,7662,81591,547,4
4780,7662,81591,599,4
4781,7662,81591,620,4
4782,7662,81591,624,3.5
4783,7662,81591,625,5
4784,7661,81564,48,3.5
4785,7661,81564,73,5
4786,7661,81564,91,4.5
4787,7661,81564,213,3.5
4788,7661,81564,287,5
4789,7661,81564,380,4
4790,7661,81564,475,3.5
4791,7661,81564,501,4
4792,7661,81564,615,3
4793,7661,81564,624,3.5
4794,7661,81564,660,4.5
4795,7660,81562,11,3.5
4796,7660,81562,48,3.5
4797,7660,81562,56,4
4798,7660,81562,72,3.5
4799,7660,81562,73,3.5
4800,7660,81562,133,4
4801,7660,81562,199,4
4802,7660,81562,205,2
4803,7660,81562,262,1.5
4804,7660,81562,268,5
4805,7660,81562,333,4
4806,7660,81562,468,3
4807,7660,81562,475,2.5
4808,7660,81562,478,3
4809,7660,81562,479,5
4810,7660,81562,480,3
4811,7660,81562,501,4
4812,7660,81562,544,5
4813,7660,81562,547,4
4814,7660,81562,599,4.5
4815,7660,81562,615,3.5
4816,7660,81562,625,4
4817,7660,81562,664,3.5
4818,7659,81537,380,3
4819,7659,81537,475,2
4820,7659,81537,478,3.5
4821,7659,81537,599,4
4822,7659,81537,624,1.5
4823,7658,81535,199,3
4824,7658,81535,501,2.5
4825,7657,81516,380,4
4826,7656,81512,213,2.5
4827,7656,81512,547,3.5
4828,7655,81417,157,3.5
4829,7654,81229,15,3.5
4830,7654,81229,84,3.5
4831,7654,81229,91,5
4832,7654,81229,199,3.5
4833,7654,81229,200,3.5
4834,7654,81229,205,4.5
4835,7654,81229,213,5
4836,7654,81229,270,3
4837,7654,81229,290,4.5
4838,7654,81229,298,5
4839,7654,81229,339,4.5
4840,7654,81229,380,4
4841,7654,81229,394,5
4842,7654,81229,475,3
4843,7654,81229,570,4.5
4844,7654,81229,615,3
4845,7654,81229,652,4
4846,7654,81229,664,3.5
4847,7653,81191,15,3
4848,7652,81158,11,4
4849,7652,81158,15,3
4850,7652,81158,501,3
4851,7651,81156,56,5
4852,7651,81156,475,3
4853,7651,81156,501,3
4854,7651,81156,624,4
4855,7650,81138,262,2.5
4856,7649,81132,270,4
4857,7648,81083,73,3.5
4858,7648,81083,299,4
4859,7647,81054,81,4
4860,7646,81018,48,3.5
4861,7645,80969,133,4
4862,7645,80969,149,3
4863,7645,80969,547,3.5
4864,7644,80917,380,3
4865,7643,80906,11,3
4866,7643,80906,15,4
4867,7643,80906,48,4
4868,7643,80906,138,4
4869,7643,80906,199,4
4870,7643,80906,275,5
4871,7643,80906,290,5
4872,7643,80906,380,4
4873,7643,80906,563,4
4874,7643,80906,599,2.5
4875,7642,80864,176,3
4876,7642,80864,624,3.5
4877,7641,80862,15,2.5
4878,7641,80862,48,3.5
4879,7641,80862,262,3
4880,7641,80862,468,3
4881,7641,80862,547,3.5
4882,7640,80860,599,4
4883,7639,80858,599,2
4884,7638,80846,73,2.5
4885,7638,80846,664,4
4886,7637,80844,262,1
4887,7636,80839,382,5
4888,7635,80831,48,2.5
4889,7635,80831,73,3
4890,7635,80831,268,4
4891,7635,80831,380,3.5
4892,7634,80748,557,4.5
4893,7633,80736,262,1.5
4894,7632,80727,380,4
4895,7632,80727,624,2.5
4896,7631,80717,450,5
4897,7630,80693,73,4
4898,7630,80693,179,4
4899,7630,80693,380,3.5
4900,7630,80693,478,3.5
4901,7630,80693,501,4.5
4902,7630,80693,624,4.5
4903,7629,80615,213,2
4904,7628,80599,468,4.5
4905,7627,80590,624,2
4906,7626,80586,48,3.5
4907,7626,80586,402,4
4908,7625,80584,652,4.5
4909,7624,80572,468,2.5
4910,7623,80553,299,5
4911,7622,80551,382,1
4912,7622,80551,620,4
4913,7621,80549,56,4
4914,7621,80549,91,3.5
4915,7621,80549,149,3
4916,7621,80549,238,5
4917,7621,80549,270,3.5
4918,7621,80549,380,4
4919,7621,80549,382,3
4920,7621,80549,402,3.5
4921,7621,80549,473,4.5
4922,7621,80549,475,3
4923,7621,80549,501,3.5
4924,7621,80549,599,5
4925,7621,80549,620,4
4926,7621,80549,624,2
4927,7620,80489,11,4.5
4928,7620,80489,15,4
4929,7620,80489,26,2
4930,7620,80489,73,4
4931,7620,80489,157,4
4932,7620,80489,199,3.5
4933,7620,80489,213,2
4934,7620,80489,275,4.5
4935,7620,80489,365,3.5
4936,7620,80489,380,4
4937,7620,80489,457,3
4938,7620,80489,475,4
4939,7620,80489,479,4
4940,7620,80489,501,4
4941,7620,80489,547,4.5
4942,7620,80489,624,4
4943,7620,80489,664,4.5
4944,7619,80463,15,2
4945,7619,80463,46,5
4946,7619,80463,48,4.5
4947,7619,80463,56,4
4948,7619,80463,73,4.5
4949,7619,80463,81,3
4950,7619,80463,138,3.5
4951,7619,80463,149,4
4952,7619,80463,152,3.5
4953,7619,80463,157,4.5
4954,7619,80463,176,2.5
4955,7619,80463,179,4
4956,7619,80463,199,4
4957,7619,80463,208,4.5
4958,7619,80463,230,4.5
4959,7619,80463,268,4.5
4960,7619,80463,273,4
4961,7619,80463,275,5
4962,7619,80463,287,4.5
4963,7619,80463,331,5
4964,7619,80463,333,3
4965,7619,80463,365,4
4966,7619,80463,378,3
4967,7619,80463,380,4
4968,7619,80463,428,5
4969,7619,80463,433,5
4970,7619,80463,445,3.5
4971,7619,80463,468,3.5
4972,7619,80463,475,3.5
4973,7619,80463,478,3.5
4974,7619,80463,479,4.5
4975,7619,80463,480,4.5
4976,7619,80463,501,4
4977,7619,80463,515,5
4978,7619,80463,522,4
4979,7619,80463,544,4
4980,7619,80463,547,4
4981,7619,80463,563,3.5
4982,7619,80463,599,4
4983,7619,80463,612,4
4984,7619,80463,620,2.5
4985,7619,80463,624,4
4986,7619,80463,664,4
4987,7618,80363,199,3
4988,7618,80363,380,3.5
4989,7618,80363,475,2
4990,7618,80363,570,4
4991,7617,80350,157,0.5
4992,7617,80350,501,0.5
4993,7616,80346,547,3.5
4994,7615,80241,270,3.5
4995,7615,80241,624,2.5
4996,7614,80219,73,4
4997,7614,80219,104,4
4998,7614,80219,299,4.5
4999,7614,80219,380,3.5
5000,7614,80219,624,4
5001,7614,80219,664,4
5002,7613,80217,299,4.5
5003,7612,80185,15,3
5004,7611,80166,380,2.5
5005,7611,80166,599,3
5006,7610,80126,15,1
5007,7610,80126,380,4
5008,7610,80126,544,4.5
5009,7610,80126,624,2.5
5010,7609,80083,73,3.5
5011,7608,80026,501,4.5
5012,7607,79946,624,3.5
5013,7606,79879,73,2.5
5014,7606,79879,624,3
5015,7605,79868,48,3.5
5016,7604,79824,382,5
5017,7604,79824,468,3
5018,7603,79796,199,3.5
5019,7602,79720,73,3.5
5020,7602,79720,547,3
5021,7601,79702,15,1.5
5022,7601,79702,40,4.5
5023,7601,79702,48,4
5024,7601,79702,56,5
5025,7601,79702,72,3
5026,7601,79702,73,4
5027,7601,79702,132,4.5
5028,7601,79702,149,4
5029,7601,79702,157,4.5
5030,7601,79702,176,4
5031,7601,79702,262,5
5032,7601,79702,380,5
5033,7601,79702,394,4.5
5034,7601,79702,402,4
5035,7601,79702,423,3.5
5036,7601,79702,433,4.5
5037,7601,79702,475,4
5038,7601,79702,480,3
5039,7601,79702,481,4.5
5040,7601,79702,519,4
5041,7601,79702,547,2.5
5042,7601,79702,563,4
5043,7601,79702,599,4
5044,7601,79702,615,4.5
5045,7601,79702,624,3
5046,7601,79702,664,4
5047,7600,79695,15,0.5
5048,7600,79695,73,3.5
5049,7600,79695,199,3.5
5050,7600,79695,200,4
5051,7600,79695,270,1.5
5052,7600,79695,402,3.5
5053,7600,79695,475,1
5054,7600,79695,522,2
5055,7600,79695,615,3
5056,7599,79686,299,4.5
5057,7598,79677,56,5
5058,7597,79592,56,4
5059,7597,79592,199,4
5060,7597,79592,475,2.5
5061,7597,79592,494,3.5
5062,7597,79592,547,4
5063,7597,79592,624,2
5064,7597,79592,664,4
5065,7596,79590,624,2.5
5066,7595,79588,599,3.5
5067,7594,79553,73,3.5
5068,7594,79553,157,4
5069,7594,79553,426,3.5
5070,7594,79553,553,4
5071,7593,79469,450,5
5072,7592,79428,15,1
5073,7592,79428,91,3
5074,7592,79428,380,2
5075,7592,79428,394,5
5076,7592,79428,624,1.5
5077,7591,79357,48,3.5
5078,7591,79357,73,5
5079,7591,79357,660,4
5080,7590,79318,275,4
5081,7589,79299,380,2.5
5082,7588,79293,15,1.5
5083,7588,79293,91,4
5084,7588,79293,176,2.5
5085,7588,79293,200,1.5
5086,7588,79293,213,3
5087,7588,79293,380,3.5
5088,7588,79293,426,2
5089,7588,79293,475,1.5
5090,7588,79293,501,3.5
5091,7588,79293,570,5
5092,7588,79293,615,3
5093,7588,79293,624,1.5
5094,7587,79274,73,4
5095,7587,79274,297,4
5096,7587,79274,352,4
5097,7587,79274,394,0.5
5098,7586,79259,624,2.5
5099,7585,79251,73,3.5
5100,7585,79251,262,2
5101,7584,79242,15,2.5
5102,7584,79242,73,3.5
5103,7584,79242,394,3
5104,7584,79242,475,3
5105,7584,79242,547,4.5
5106,7584,79242,624,3
5107,7583,79224,213,2.5
5108,7583,79224,402,2.5
5109,7583,79224,475,3
5110,7583,79224,624,1
5111,7582,79203,299,4.5
5112,7581,79185,15,2.5
5113,7581,79185,91,4
5114,7581,79185,213,3.5
5115,7581,79185,380,2
5116,7581,79185,402,3
5117,7581,79185,475,2
5118,7581,79185,570,4.5
5119,7581,79185,624,1
5120,7580,79163,652,4
5121,7579,79139,213,4
5122,7579,79139,402,4
5123,7578,79136,423,4.5
5124,7577,79134,199,3.5
5125,7577,79134,212,3
5126,7577,79134,426,3.5
5127,7577,79134,547,1.5
5128,7577,79134,624,3.5
5129,7576,79132,11,4
5130,7576,79132,15,5
5131,7576,79132,26,3.5
5132,7576,79132,38,4
5133,7576,79132,40,4.5
5134,7576,79132,42,4.5
5135,7576,79132,46,5
5136,7576,79132,48,4
5137,7576,79132,54,2.5
5138,7576,79132,56,5
5139,7576,79132,62,5
5140,7576,79132,72,3.5
5141,7576,79132,73,4
5142,7576,79132,78,4.5
5143,7576,79132,81,3
5144,7576,79132,91,5
5145,7576,79132,93,4
5146,7576,79132,94,4
5147,7576,79132,98,3.5
5148,7576,79132,101,5
5149,7576,79132,104,4.5
5150,7576,79132,132,3.5
5151,7576,79132,133,1
5152,7576,79132,134,4.5
5153,7576,79132,138,5
5154,7576,79132,149,5
5155,7576,79132,150,5
5156,7576,79132,152,4.5
5157,7576,79132,157,4.5
5158,7576,79132,163,2.5
5159,7576,79132,176,4
5160,7576,79132,186,5
5161,7576,79132,199,4
5162,7576,79132,200,3.5
5163,7576,79132,205,2
5164,7576,79132,212,5
5165,7576,79132,213,2.5
5166,7576,79132,228,3
5167,7576,79132,230,5
5168,7576,79132,238,2
5169,7576,79132,244,1
5170,7576,79132,250,5
5171,7576,79132,257,2.5
5172,7576,79132,268,4.5
5173,7576,79132,270,5
5174,7576,79132,273,4.5
5175,7576,79132,275,4
5176,7576,79132,287,5
5177,7576,79132,290,4.5
5178,7576,79132,296,5
5179,7576,79132,297,4
5180,7576,79132,298,5
5181,7576,79132,303,4
5182,7576,79132,304,4
5183,7576,79132,314,4.5
5184,7576,79132,316,3.5
5185,7576,79132,324,3.5
5186,7576,79132,333,5
5187,7576,79132,334,4
5188,7576,79132,339,5
5189,7576,79132,352,4
5190,7576,79132,371,4
5191,7576,79132,378,4
5192,7576,79132,380,5
5193,7576,79132,394,5
5194,7576,79132,402,4
5195,7576,79132,423,5
5196,7576,79132,426,3
5197,7576,79132,428,4.5
5198,7576,79132,433,2.5
5199,7576,79132,438,5
5200,7576,79132,448,5
5201,7576,79132,450,4
5202,7576,79132,454,5
5203,7576,79132,456,3
5204,7576,79132,457,3
5205,7576,79132,468,3
5206,7576,79132,473,5
5207,7576,79132,475,3
5208,7576,79132,478,5
5209,7576,79132,479,5
5210,7576,79132,480,5
5211,7576,79132,481,4
5212,7576,79132,483,3.5
5213,7576,79132,486,3.5
5214,7576,79132,501,5
5215,7576,79132,512,5
5216,7576,79132,521,4
5217,7576,79132,522,3.5
5218,7576,79132,526,4
5219,7576,79132,529,3.5
5220,7576,79132,544,4
5221,7576,79132,546,5
5222,7576,79132,547,4
5223,7576,79132,553,4
5224,7576,79132,563,4
5225,7576,79132,578,2
5226,7576,79132,580,3.5
5227,7576,79132,583,4.5
5228,7576,79132,599,3.5
5229,7576,79132,600,5
5230,7576,79132,606,4
5231,7576,79132,611,3.5
5232,7576,79132,615,4
5233,7576,79132,624,4
5234,7576,79132,625,5
5235,7576,79132,628,3.5
5236,7576,79132,630,3.5
5237,7576,79132,655,2
5238,7576,79132,660,4.5
5239,7576,79132,664,5
5240,7575,79091,48,4
5241,7575,79091,56,4
5242,7575,79091,73,4
5243,7575,79091,149,3
5244,7575,79091,200,3
5245,7575,79091,212,4.5
5246,7575,79091,213,3.5
5247,7575,79091,275,4.5
5248,7575,79091,287,5
5249,7575,79091,380,3.5
5250,7575,79091,382,4
5251,7575,79091,473,4.5
5252,7575,79091,475,2
5253,7575,79091,503,5
5254,7575,79091,620,0.5
5255,7575,79091,660,4.5
5256,7574,79057,15,2.5
5257,7574,79057,73,3.5
5258,7574,79057,199,3.5
5259,7574,79057,213,3
5260,7574,79057,380,3.5
5261,7574,79057,664,3
5262,7573,79029,48,4
5263,7572,79008,73,4.5
5264,7572,79008,297,3.5
5265,7572,79008,546,5
5266,7572,79008,648,4
5267,7571,79006,199,4
5268,7570,78967,547,4
5269,7569,78903,406,5
5270,7568,78893,213,2
5271,7568,78893,624,1
5272,7567,78836,81,4
5273,7567,78836,519,5
5274,7566,78829,468,3
5275,7565,78772,73,2
5276,7565,78772,501,1.5
5277,7564,78729,501,2
5278,7564,78729,547,2.5
5279,7563,78703,380,3.5
5280,7562,78653,547,3.5
5281,7561,78637,200,3.5
5282,7561,78637,251,3.5
5283,7561,78637,272,3.5
5284,7561,78637,475,0.5
5285,7561,78637,620,3
5286,7560,78574,15,4.5
5287,7560,78574,73,3.5
5288,7560,78574,178,3
5289,7560,78574,468,3.5
5290,7560,78574,547,4
5291,7560,78574,620,3
5292,7559,78544,199,4
5293,7558,78517,468,3
5294,7558,78517,547,3
5295,7557,78499,13,4
5296,7557,78499,15,2
5297,7557,78499,48,4
5298,7557,78499,54,4.5
5299,7557,78499,56,5
5300,7557,78499,73,4.5
5301,7557,78499,91,5
5302,7557,78499,93,5
5303,7557,78499,94,4
5304,7557,78499,134,3
5305,7557,78499,149,4
5306,7557,78499,152,3.5
5307,7557,78499,163,2.5
5308,7557,78499,179,5
5309,7557,78499,205,3
5310,7557,78499,213,3
5311,7557,78499,268,4.5
5312,7557,78499,273,4.5
5313,7557,78499,275,5
5314,7557,78499,287,5
5315,7557,78499,316,3.5
5316,7557,78499,333,4
5317,7557,78499,364,0.5
5318,7557,78499,380,4
5319,7557,78499,382,4
5320,7557,78499,402,2.5
5321,7557,78499,426,4.5
5322,7557,78499,433,4.5
5323,7557,78499,468,4
5324,7557,78499,475,4.5
5325,7557,78499,481,4.5
5326,7557,78499,486,5
5327,7557,78499,501,5
5328,7557,78499,503,4
5329,7557,78499,529,4
5330,7557,78499,542,5
5331,7557,78499,547,4.5
5332,7557,78499,599,5
5333,7557,78499,615,4.5
5334,7557,78499,620,3.5
5335,7557,78499,624,5
5336,7557,78499,664,4
5337,7556,78469,15,3
5338,7556,78469,73,3
5339,7556,78469,251,3.5
5340,7556,78469,268,3.5
5341,7556,78469,380,2.5
5342,7556,78469,475,2.5
5343,7556,78469,494,3.5
5344,7556,78469,522,2.5
5345,7556,78469,553,3
5346,7556,78469,570,2
5347,7556,78469,624,2.5
5348,7556,78469,664,2.5
5349,7555,78467,380,3
5350,7555,78467,475,0.5
5351,7555,78467,624,2
5352,7554,78349,73,3.5
5353,7554,78349,480,4
5354,7554,78349,501,2
5355,7553,78321,297,1
5356,7552,78316,382,4
5357,7552,78316,620,3
5358,7551,78266,73,2.5
5359,7551,78266,213,1.5
5360,7550,78264,213,2
5361,7549,78218,199,3.5
5362,7548,78209,15,3
5363,7548,78209,73,3
5364,7548,78209,199,3.5
5365,7548,78209,297,2
5366,7548,78209,380,4.5
5367,7548,78209,457,2.5
5368,7548,78209,475,1.5
5369,7548,78209,599,4.5
5370,7547,78174,620,3
5371,7546,78160,199,4
5372,7545,78122,394,0.5
5373,7544,78116,547,3.5
5374,7544,78116,624,3.5
5375,7543,78111,547,2
5376,7542,78105,213,4
5377,7542,78105,402,4
5378,7542,78105,475,2
5379,7542,78105,624,1
5380,7541,78101,382,2
5381,7540,78088,475,3
5382,7540,78088,480,4
5383,7540,78088,501,3.5
5384,7540,78088,664,3.5
5385,7539,78041,91,3.5
5386,7539,78041,213,3
5387,7539,78041,599,3
5388,7539,78041,624,1.5
5389,7538,78039,457,3
5390,7538,78039,547,4.5
5391,7537,78034,199,3
5392,7537,78034,316,3.5
5393,7537,78034,624,3.5
5394,7536,77907,423,4.5
5395,7535,77866,73,2.5
5396,7535,77866,468,2.5
5397,7535,77866,553,4
5398,7535,77866,624,2
5399,7534,77846,54,5
5400,7534,77846,268,3.5
5401,7534,77846,324,4
5402,7534,77846,628,4
5403,7533,77837,48,4.5
5404,7533,77837,73,3.5
5405,7532,77810,648,4
5406,7531,77808,547,2.5
5407,7530,77800,73,3.5
5408,7530,77800,178,2
5409,7530,77800,262,3
5410,7530,77800,544,5
5411,7530,77800,648,4.5
5412,7529,77798,501,2.5
5413,7528,77658,138,4.5
5414,7528,77658,303,4.5
5415,7528,77658,394,3
5416,7528,77658,402,5
5417,7528,77658,481,5
5418,7528,77658,544,4.5
5419,7527,77561,15,1
5420,7527,77561,48,3.5
5421,7527,77561,73,2.5
5422,7527,77561,93,4
5423,7527,77561,104,4
5424,7527,77561,156,0.5
5425,7527,77561,157,2.5
5426,7527,77561,213,3.5
5427,7527,77561,251,5
5428,7527,77561,270,3.5
5429,7527,77561,275,4
5430,7527,77561,277,4
5431,7527,77561,287,4.5
5432,7527,77561,316,4
5433,7527,77561,324,3.5
5434,7527,77561,340,3
5435,7527,77561,380,3.5
5436,7527,77561,402,3.5
5437,7527,77561,428,3.5
5438,7527,77561,433,3
5439,7527,77561,475,3.5
5440,7527,77561,483,4
5441,7527,77561,547,3
5442,7527,77561,553,5
5443,7527,77561,563,3.5
5444,7527,77561,584,4
5445,7527,77561,624,3
5446,7527,77561,660,4
5447,7527,77561,664,4
5448,7526,77455,11,4.5
5449,7526,77455,15,4
5450,7526,77455,178,2
5451,7526,77455,228,4
5452,7526,77455,275,4
5453,7526,77455,423,4
5454,7526,77455,428,4.5
5455,7526,77455,457,3
5456,7526,77455,468,4
5457,7526,77455,501,5
5458,7526,77455,544,4.5
5459,7526,77455,615,3.5
5460,7525,77435,287,5
5461,7524,77427,48,1.5
5462,7524,77427,262,1
5463,7523,77421,547,3.5
5464,7523,77421,624,2.5
5465,7522,77414,599,4
5466,7521,77364,15,2.5
5467,7521,77364,380,3.5
5468,7521,77364,475,2.5
5469,7521,77364,599,5
5470,7520,77359,468,3
5471,7519,77307,48,4
5472,7519,77307,299,4.5
5473,7519,77307,468,2.5
5474,7518,77291,299,5
5475,7517,77206,475,2.5
5476,7516,77201,176,2
5477,7515,77191,624,2.5
5478,7514,76763,547,3
5479,7513,76738,15,2.5
5480,7512,76303,262,3
5481,7511,76293,15,3
5482,7511,76293,380,2
5483,7511,76293,394,4.5
5484,7511,76293,426,2.5
5485,7511,76293,475,2.5
5486,7511,76293,547,3.5
5487,7510,76272,73,3.5
5488,7509,76251,15,3
5489,7509,76251,31,5
5490,7509,76251,48,3.5
5491,7509,76251,56,4
5492,7509,76251,73,4.5
5493,7509,76251,94,3
5494,7509,76251,134,4
5495,7509,76251,149,3.5
5496,7509,76251,157,4
5497,7509,76251,199,4.5
5498,7509,76251,213,1
5499,7509,76251,250,4
5500,7509,76251,262,3
5501,7509,76251,270,4
5502,7509,76251,297,4
5503,7509,76251,316,3.5
5504,7509,76251,378,3
5505,7509,76251,380,4.5
5506,7509,76251,423,2.5
5507,7509,76251,428,5
5508,7509,76251,433,3.5
5509,7509,76251,457,1.5
5510,7509,76251,475,3.5
5511,7509,76251,553,4.5
5512,7509,76251,584,4
5513,7509,76251,599,4
5514,7509,76251,615,3
5515,7509,76251,624,4
5516,7509,76251,660,5
5517,7509,76251,664,3.5
5518,7508,76210,199,3
5519,7508,76210,380,4
5520,7507,76175,475,0.5
5521,7507,76175,580,3.5
5522,7507,76175,624,1
5523,7506,76173,48,5
5524,7506,76173,299,4
5525,7505,76111,38,5
5526,7505,76111,56,4
5527,7505,76111,426,4
5528,7504,76093,15,4
5529,7504,76093,31,3.5
5530,7504,76093,42,4.5
5531,7504,76093,48,4
5532,7504,76093,73,4
5533,7504,76093,84,4
5534,7504,76093,91,5
5535,7504,76093,104,4.5
5536,7504,76093,134,4
5537,7504,76093,149,3
5538,7504,76093,152,3.5
5539,7504,76093,200,3.5
5540,7504,76093,205,4
5541,7504,76093,212,4.5
5542,7504,76093,213,4
5543,7504,76093,250,4.5
5544,7504,76093,251,4.5
5545,7504,76093,262,3
5546,7504,76093,270,3
5547,7504,76093,287,5
5548,7504,76093,380,3.5
5549,7504,76093,382,5
5550,7504,76093,402,4.5
5551,7504,76093,468,2.5
5552,7504,76093,473,5
5553,7504,76093,475,4
5554,7504,76093,501,4
5555,7504,76093,503,4.5
5556,7504,76093,542,5
5557,7504,76093,546,4
5558,7504,76093,584,5
5559,7504,76093,599,5
5560,7504,76093,600,5
5561,7503,76091,157,4
5562,7502,76077,15,2
5563,7502,76077,73,3.5
5564,7502,76077,297,2
5565,7502,76077,380,3.5
5566,7502,76077,402,3.5
5567,7502,76077,457,2.5
5568,7502,76077,486,4.5
5569,7502,76077,580,3.5
5570,7502,76077,584,3
5571,7502,76077,624,2
5572,7501,76060,73,2
5573,7500,76054,212,3.5
5574,7499,76030,262,2
5575,7499,76030,501,3.5
5576,7498,75990,547,4.5
5577,7497,75985,199,4
5578,7497,75985,213,2
5579,7497,75985,380,3
5580,7496,75983,544,4
5581,7495,75823,299,4.5
5582,7494,75816,624,2
5583,7493,75813,73,3.5
5584,7493,75813,199,3.5
5585,7493,75813,547,2.5
5586,7492,75805,213,2.5
5587,7492,75805,475,1
5588,7492,75805,584,3
5589,7492,75805,624,2
5590,7491,75803,624,1.5
5591,7490,75440,380,4.5
5592,7489,75349,299,2.5
5593,7488,75341,426,4
5594,7488,75341,620,0.5
5595,7487,74948,73,4
5596,7487,74948,178,4
5597,7487,74948,199,3
5598,7486,74946,200,2
5599,7486,74946,238,2
5600,7486,74946,402,4.5
5601,7486,74946,584,5
5602,7485,74944,73,3.5
5603,7485,74944,426,2.5
5604,7484,74916,56,4
5605,7484,74916,132,4.5
5606,7484,74916,547,2
5607,7484,74916,624,2
5608,7483,74868,426,3
5609,7482,74851,15,0.5
5610,7482,74851,73,3.5
5611,7482,74851,91,4.5
5612,7482,74851,213,3.5
5613,7481,74795,15,1.5
5614,7481,74795,84,4
5615,7481,74795,380,3.5
5616,7481,74795,475,3.5
5617,7481,74795,547,3.5
5618,7481,74795,580,3.5
5619,7481,74795,624,3
5620,7480,74789,31,4.5
5621,7480,74789,48,3.5
5622,7480,74789,93,3.5
5623,7480,74789,157,3
5624,7480,74789,213,3.5
5625,7480,74789,250,4
5626,7480,74789,299,1.5
5627,7480,74789,333,4
5628,7480,74789,380,3.5
5629,7480,74789,475,1
5630,7480,74789,481,2.5
5631,7480,74789,542,2.5
5632,7480,74789,553,2
5633,7480,74789,557,2
5634,7480,74789,571,4
5635,7480,74789,580,3.5
5636,7480,74789,599,4
5637,7480,74789,620,4
5638,7480,74789,624,3
5639,7480,74789,664,3
5640,7479,74787,333,3
5641,7478,74754,56,5
5642,7477,74740,480,3.5
5643,7477,74740,648,3.5
5644,7476,74727,298,5
5645,7476,74727,339,5
5646,7475,74698,213,2
5647,7474,74688,163,2.5
5648,7474,74688,620,1.5
5649,7473,74685,199,3.5
5650,7473,74685,380,4
5651,7473,74685,664,2
5652,7472,74677,48,4
5653,7472,74677,648,4
5654,7471,74668,380,3
5655,7470,74649,15,4
5656,7469,74630,547,3
5657,7468,74624,501,3.5
5658,7467,74580,213,3
5659,7467,74580,426,3.5
5660,7466,74545,73,4
5661,7466,74545,199,3
5662,7466,74545,213,2.5
5663,7466,74545,426,1.5
5664,7466,74545,468,3
5665,7466,74545,501,4
5666,7466,74545,547,4
5667,7466,74545,664,4
5668,7465,74532,199,3.5
5669,7465,74532,426,2.5
5670,7465,74532,475,2
5671,7465,74532,584,3.5
5672,7465,74532,624,1.5
5673,7465,74532,664,3
5674,7464,74530,213,3
5675,7464,74530,426,3.5
5676,7464,74530,542,4
5677,7463,74510,339,4.5
5678,7463,74510,547,3.5
5679,7463,74510,624,3.5
5680,7462,74508,212,4
5681,7461,74486,132,4.5
5682,7461,74486,468,2.5
5683,7461,74486,488,4.5
5684,7460,74458,15,0.5
5685,7460,74458,40,3.5
5686,7460,74458,42,3.5
5687,7460,74458,72,3
5688,7460,74458,73,4.5
5689,7460,74458,84,4
5690,7460,74458,94,2.5
5691,7460,74458,104,4.5
5692,7460,74458,134,5
5693,7460,74458,140,3.5
5694,7460,74458,149,3.5
5695,7460,74458,150,4
5696,7460,74458,152,3.5
5697,7460,74458,156,4.5
5698,7460,74458,157,3.5
5699,7460,74458,176,4
5700,7460,74458,178,2.5
5701,7460,74458,199,4
5702,7460,74458,238,5
5703,7460,74458,250,4.5
5704,7460,74458,262,3
5705,7460,74458,273,3.5
5706,7460,74458,298,5
5707,7460,74458,299,3.5
5708,7460,74458,339,5
5709,7460,74458,371,4
5710,7460,74458,378,3.5
5711,7460,74458,380,4
5712,7460,74458,423,4
5713,7460,74458,457,2.5
5714,7460,74458,468,3
5715,7460,74458,475,4.5
5716,7460,74458,478,4.5
5717,7460,74458,480,4
5718,7460,74458,481,4
5719,7460,74458,501,5
5720,7460,74458,512,5
5721,7460,74458,522,3.5
5722,7460,74458,547,4
5723,7460,74458,553,3.5
5724,7460,74458,563,4
5725,7460,74458,578,5
5726,7460,74458,580,4
5727,7460,74458,584,5
5728,7460,74458,599,3
5729,7460,74458,612,3.5
5730,7460,74458,615,3
5731,7460,74458,620,0.5
5732,7460,74458,624,4
5733,7460,74458,625,4.5
5734,7460,74458,664,4.5
5735,7459,74452,199,3.5
5736,7459,74452,426,2.5
5737,7459,74452,580,2.5
5738,7458,74450,584,4
5739,7458,74450,599,3.5
5740,7457,74438,580,2
5741,7456,74416,56,4
5742,7456,74416,73,4.5
5743,7455,74370,262,3
5744,7454,74327,394,0.5
5745,7453,74324,134,4
5746,7453,74324,275,4.5
5747,7453,74324,380,4
5748,7452,74282,287,4.5
5749,7452,74282,547,4
5750,7451,74275,56,4
5751,7451,74275,380,4
5752,7451,74275,501,3.5
5753,7451,74275,648,4
5754,7450,74228,48,3.5
5755,7450,74228,394,1
5756,7450,74228,426,3.5
5757,7450,74228,480,4
5758,7450,74228,664,4
5759,7449,74156,426,2
5760,7448,74154,213,3
5761,7448,74154,238,3.5
5762,7448,74154,599,4
5763,7447,74152,275,5
5764,7447,74152,423,4
5765,7446,74115,426,2
5766,7445,74089,547,5
5767,7444,73929,199,3
5768,7444,73929,426,4
5769,7444,73929,475,1
5770,7444,73929,580,1.5
5771,7443,73881,48,4
5772,7443,73881,270,3
5773,7443,73881,333,5
5774,7443,73881,572,3.5
5775,7442,73860,606,3
5776,7441,73854,547,3.5
5777,7440,73808,157,4.5
5778,7439,73759,73,4
5779,7438,73741,580,2
5780,7437,73664,48,3
5781,7436,73587,26,4.5
5782,7436,73587,132,5
5783,7435,73572,468,3
5784,7434,73531,299,4
5785,7433,73488,580,2.5
5786,7432,73469,547,3
5787,7431,73392,48,3.5
5788,7430,73386,624,1.5
5789,7429,73344,15,3.5
5790,7429,73344,38,4.5
5791,7429,73344,81,4
5792,7429,73344,132,5
5793,7429,73344,303,5
5794,7429,73344,628,4.5
5795,7428,73323,547,3.5
5796,7428,73323,624,3.5
5797,7427,73321,48,3
5798,7427,73321,73,3
5799,7427,73321,133,1.5
5800,7427,73321,152,4
5801,7427,73321,199,3.5
5802,7427,73321,251,5
5803,7427,73321,262,2.5
5804,7427,73321,380,3.5
5805,7427,73321,426,3
5806,7427,73321,475,4
5807,7427,73321,483,4
5808,7427,73321,580,4
5809,7427,73321,584,5
5810,7427,73321,612,4
5811,7427,73321,615,3.5
5812,7427,73321,624,3.5
5813,7427,73321,664,4
5814,7426,73319,176,3
5815,7426,73319,213,3
5816,7425,73290,133,5
5817,7425,73290,163,4.5
5818,7425,73290,382,3
5819,7425,73290,600,5
5820,7425,73290,611,5
5821,7424,73276,468,3
5822,7423,73268,29,3
5823,7423,73268,48,3
5824,7423,73268,73,3
5825,7423,73268,199,3.5
5826,7423,73268,213,3.5
5827,7423,73268,380,3
5828,7423,73268,580,3.5
5829,7423,73268,615,3
5830,7423,73268,664,4.5
5831,7422,73266,270,3
5832,7422,73266,275,5
5833,7422,73266,380,4
5834,7422,73266,580,3
5835,7422,73266,624,3
5836,7421,73211,199,3.5
5837,7421,73211,480,4
5838,7420,73168,426,2.5
5839,7419,73106,426,2
5840,7419,73106,557,4
5841,7419,73106,620,0.5
5842,7418,73101,648,4
5843,7417,73042,213,1.5
5844,7417,73042,557,3
5845,7416,73023,56,4
5846,7416,73023,73,4
5847,7416,73023,117,4
5848,7416,73023,275,4
5849,7416,73023,380,3
5850,7416,73023,475,3.5
5851,7416,73023,547,4
5852,7415,73017,15,1
5853,7415,73017,26,3.5
5854,7415,73017,42,4
5855,7415,73017,48,4
5856,7415,73017,91,4.5
5857,7415,73017,104,4
5858,7415,73017,176,2.5
5859,7415,73017,199,4
5860,7415,73017,200,4.5
5861,7415,73017,205,3.5
5862,7415,73017,213,4
5863,7415,73017,250,4
5864,7415,73017,273,4
5865,7415,73017,287,5
5866,7415,73017,298,5
5867,7415,73017,316,4
5868,7415,73017,339,4
5869,7415,73017,371,4
5870,7415,73017,380,4
5871,7415,73017,402,4
5872,7415,73017,426,3.5
5873,7415,73017,456,4
5874,7415,73017,457,1.5
5875,7415,73017,468,1.5
5876,7415,73017,475,3
5877,7415,73017,478,4
5878,7415,73017,479,4
5879,7415,73017,480,5
5880,7415,73017,481,3
5881,7415,73017,486,4
5882,7415,73017,553,5
5883,7415,73017,563,4
5884,7415,73017,570,5
5885,7415,73017,580,4
5886,7415,73017,584,5
5887,7415,73017,620,4
5888,7415,73017,624,4
5889,7415,73017,625,4.5
5890,7415,73017,660,4.5
5891,7415,73017,664,4
5892,7414,73015,213,2
5893,7414,73015,380,2.5
5894,7414,73015,426,3
5895,7414,73015,624,2
5896,7413,72998,15,4
5897,7413,72998,26,3.5
5898,7413,72998,31,4
5899,7413,72998,48,4.5
5900,7413,72998,72,2
5901,7413,72998,73,4
5902,7413,72998,78,5
5903,7413,72998,81,3
5904,7413,72998,84,4
5905,7413,72998,93,4
5906,7413,72998,94,4
5907,7413,72998,104,4.5
5908,7413,72998,149,3.5
5909,7413,72998,152,4.5
5910,7413,72998,157,3.5
5911,7413,72998,186,5
5912,7413,72998,199,3
5913,7413,72998,205,3
5914,7413,72998,212,4
5915,7413,72998,213,5
5916,7413,72998,230,2
5917,7413,72998,238,2.5
5918,7413,72998,250,5
5919,7413,72998,251,3.5
5920,7413,72998,268,4.5
5921,7413,72998,270,3.5
5922,7413,72998,273,3
5923,7413,72998,287,5
5924,7413,72998,303,3
5925,7413,72998,324,3.5
5926,7413,72998,333,4.5
5927,7413,72998,352,3.5
5928,7413,72998,364,0.5
5929,7413,72998,365,5
5930,7413,72998,371,3
5931,7413,72998,380,4
5932,7413,72998,402,3
5933,7413,72998,427,2.5
5934,7413,72998,428,2.5
5935,7413,72998,446,4.5
5936,7413,72998,456,4
5937,7413,72998,457,0.5
5938,7413,72998,473,5
5939,7413,72998,475,3
5940,7413,72998,478,4
5941,7413,72998,479,5
5942,7413,72998,480,5
5943,7413,72998,481,3
5944,7413,72998,486,2.5
5945,7413,72998,501,4.5
5946,7413,72998,503,3.5
5947,7413,72998,512,4
5948,7413,72998,515,5
5949,7413,72998,547,4
5950,7413,72998,553,4
5951,7413,72998,563,3
5952,7413,72998,580,2.5
5953,7413,72998,584,5
5954,7413,72998,600,2.5
5955,7413,72998,601,2.5
5956,7413,72998,615,4
5957,7413,72998,620,2
5958,7413,72998,624,3
5959,7413,72998,625,4
5960,7413,72998,655,4
5961,7413,72998,660,4
5962,7413,72998,664,4
5963,7412,72947,652,4
5964,7411,72919,213,2.5
5965,7410,72880,299,4
5966,7409,72781,423,4.5
5967,7408,72762,426,2.5
5968,7407,72741,48,3.5
5969,7406,72737,176,3.5
5970,7406,72737,213,3
5971,7406,72737,382,3
5972,7406,72737,457,1
5973,7406,72737,600,4
5974,7405,72733,73,4.5
5975,7405,72733,475,3
5976,7404,72731,48,3
5977,7404,72731,262,3
5978,7404,72731,380,2
5979,7404,72731,584,4
5980,7403,72720,56,2
5981,7403,72720,427,4
5982,7403,72720,547,4.5
5983,7402,72701,213,2.5
5984,7402,72701,397,3
5985,7401,72696,212,1.5
5986,7400,72694,624,2
5987,7399,72683,481,4
5988,7398,72647,468,4.5
5989,7397,72641,73,4
5990,7397,72641,94,4.5
5991,7397,72641,133,4
5992,7397,72641,140,3
5993,7397,72641,250,4
5994,7397,72641,251,5
5995,7397,72641,272,3.5
5996,7397,72641,275,4.5
5997,7397,72641,333,4.5
5998,7397,72641,380,3.5
5999,7397,72641,382,5
6000,7397,72641,402,3.5
6001,7397,72641,426,4
6002,7397,72641,475,3
6003,7397,72641,483,0.5
6004,7397,72641,515,5
6005,7397,72641,547,4
6006,7397,72641,570,4
6007,7397,72641,625,4.5
6008,7396,72630,580,3.5
6009,7395,72626,468,3
6010,7394,72612,469,2.5
6011,7393,72605,212,3
6012,7392,72603,73,3
6013,7391,72489,380,4
6014,7391,72489,397,2.5
6015,7391,72489,426,2.5
6016,7391,72489,580,2
6017,7391,72489,664,3
6018,7390,72479,426,3.5
6019,7389,72407,212,2.5
6020,7389,72407,501,1.5
6021,7388,72405,426,1
6022,7388,72405,468,3.5
6023,7388,72405,624,2
6024,7387,72395,133,0.5
6025,7387,72395,426,2.5
6026,7387,72395,427,3
6027,7387,72395,475,2.5
6028,7387,72395,501,5
6029,7387,72395,547,4
6030,7386,72393,48,3.5
6031,7386,72393,501,4.5
6032,7385,72386,427,3.5
6033,7385,72386,648,4
6034,7384,72380,664,3.5
6035,7383,72378,15,1
6036,7383,72378,157,3
6037,7383,72378,163,0.5
6038,7383,72378,205,3
6039,7383,72378,213,4
6040,7383,72378,268,2
6041,7383,72378,380,1.5
6042,7383,72378,397,3
6043,7383,72378,402,3
6044,7383,72378,423,0.5
6045,7383,72378,478,2.5
6046,7383,72378,480,3.5
6047,7383,72378,571,4
6048,7383,72378,580,2.5
6049,7383,72378,584,4
6050,7383,72378,620,1.5
6051,7383,72378,624,1.5
6052,7382,72367,547,4.5
6053,7381,72356,251,5
6054,7381,72356,287,4.5
6055,7380,72308,380,4
6056,7379,72294,620,4
6057,7378,72226,15,1.5
6058,7378,72226,31,4
6059,7378,72226,56,5
6060,7378,72226,73,4
6061,7378,72226,97,4
6062,7378,72226,132,5
6063,7378,72226,156,5
6064,7378,72226,262,4
6065,7378,72226,275,5
6066,7378,72226,378,3.5
6067,7378,72226,468,4
6068,7378,72226,475,3.5
6069,7378,72226,480,2
6070,7378,72226,486,4.5
6071,7378,72226,488,4
6072,7378,72226,501,5
6073,7378,72226,519,3.5
6074,7378,72226,547,4
6075,7378,72226,563,4.5
6076,7378,72226,580,3
6077,7378,72226,606,5
6078,7378,72226,615,4
6079,7378,72226,620,4.5
6080,7377,72224,580,4
6081,7377,72224,624,1
6082,7376,72209,48,3
6083,7376,72209,207,0.5
6084,7376,72209,213,4
6085,7376,72209,402,3.5
6086,7375,72176,468,3
6087,7374,72171,56,5
6088,7374,72171,73,3.5
6089,7374,72171,157,4
6090,7374,72171,397,4
6091,7374,72171,519,4.5
6092,7374,72171,580,3.5
6093,7373,72169,547,3
6094,7373,72169,580,3.5
6095,7372,72165,213,3.5
6096,7372,72165,580,2.5
6097,7371,72131,547,4
6098,7370,72129,199,3.5
6099,7370,72129,501,3
6100,7369,72109,299,4
6101,7368,72104,48,3
6102,7367,72043,426,2.5
6103,7367,72043,475,2.5
6104,7366,72011,15,2.5
6105,7366,72011,56,4
6106,7366,72011,73,4
6107,7366,72011,93,4
6108,7366,72011,117,4.5
6109,7366,72011,133,0.5
6110,7366,72011,238,2.5
6111,7366,72011,270,2.5
6112,7366,72011,275,4.5
6113,7366,72011,297,4
6114,7366,72011,303,3
6115,7366,72011,380,4
6116,7366,72011,397,3.5
6117,7366,72011,402,4
6118,7366,72011,426,3
6119,7366,72011,427,5
6120,7366,72011,468,3
6121,7366,72011,475,3.5
6122,7366,72011,479,4.5
6123,7366,72011,547,4
6124,7366,72011,610,3
6125,7366,72011,612,3.5
6126,7366,72011,615,4
6127,7366,72011,624,3
6128,7366,72011,648,3
6129,7366,72011,664,3.5
6130,7365,71899,48,5
6131,7365,71899,54,4
6132,7365,71899,132,5
6133,7365,71899,133,3
6134,7365,71899,149,1
6135,7365,71899,378,3
6136,7365,71899,468,3.5
6137,7365,71899,488,5
6138,7365,71899,501,4.5
6139,7365,71899,519,5
6140,7364,71876,207,0.5
6141,7363,71838,15,2
6142,7363,71838,73,2
6143,7363,71838,371,5
6144,7363,71838,397,3
6145,7363,71838,584,5
6146,7363,71838,664,4.5
6147,7362,71823,624,2.5
6148,7361,71810,524,2
6149,7360,71804,547,2.5
6150,7359,71755,481,5
6151,7358,71745,73,3.5
6152,7358,71745,98,1.5
6153,7358,71745,299,4
6154,7358,71745,380,2
6155,7358,71745,475,3.5
6156,7358,71745,615,3.5
6157,7357,71732,380,4
6158,7357,71732,580,3
6159,7357,71732,624,1.5
6160,7356,71700,262,1.5
6161,7355,71668,380,2
6162,7354,71650,468,4
6163,7353,71640,648,4.5
6164,7352,71579,48,3.5
6165,7352,71579,56,4
6166,7352,71579,262,1
6167,7352,71579,275,5
6168,7352,71579,427,4.5
6169,7352,71579,547,3.5
6170,7351,71573,426,1.5
6171,7350,71535,15,1
6172,7350,71535,48,3.5
6173,7350,71535,56,4
6174,7350,71535,73,4
6175,7350,71535,91,4.5
6176,7350,71535,94,4
6177,7350,71535,98,5
6178,7350,71535,104,4.5
6179,7350,71535,134,5
6180,7350,71535,149,2
6181,7350,71535,157,3.5
6182,7350,71535,199,4
6183,7350,71535,205,2.5
6184,7350,71535,262,2
6185,7350,71535,270,3.5
6186,7350,71535,275,4
6187,7350,71535,352,3.5
6188,7350,71535,380,4.5
6189,7350,71535,397,3.5
6190,7350,71535,402,3.5
6191,7350,71535,423,3
6192,7350,71535,433,3
6193,7350,71535,468,3
6194,7350,71535,475,3.5
6195,7350,71535,480,4
6196,7350,71535,481,1
6197,7350,71535,483,3.5
6198,7350,71535,519,4
6199,7350,71535,547,3
6200,7350,71535,553,5
6201,7350,71535,563,4.5
6202,7350,71535,580,4
6203,7350,71535,610,3.5
6204,7350,71535,615,4.5
6205,7350,71535,624,4
6206,7350,71535,655,4.5
6207,7350,71535,664,4.5
6208,7349,71533,73,3
6209,7348,71530,213,2.5
6210,7348,71530,339,4.5
6211,7348,71530,380,3
6212,7348,71530,397,3
6213,7348,71530,580,3
6214,7348,71530,624,1.5
6215,7348,71530,664,4
6216,7347,71525,468,3
6217,7346,71520,48,3.5
6218,7346,71520,73,4
6219,7346,71520,213,2
6220,7346,71520,380,2.5
6221,7346,71520,397,3
6222,7346,71520,468,2.5
6223,7346,71520,624,3
6224,7345,71518,262,3
6225,7345,71518,397,3.5
6226,7345,71518,624,3
6227,7344,71494,299,4
6228,7343,71490,426,2.5
6229,7342,71468,48,3
6230,7342,71468,664,2
6231,7341,71466,56,4
6232,7341,71466,73,4
6233,7341,71466,380,3.5
6234,7341,71466,624,4
6235,7340,71464,15,2
6236,7340,71464,26,2
6237,7340,71464,132,4.5
6238,7340,71464,362,4.5
6239,7340,71464,380,2.5
6240,7340,71464,423,4
6241,7340,71464,457,2.5
6242,7340,71464,468,4
6243,7340,71464,522,2.5
6244,7340,71464,547,3.5
6245,7340,71464,615,4
6246,7340,71464,620,3
6247,7340,71464,624,3
6248,7339,71462,15,3
6249,7339,71462,48,4
6250,7339,71462,427,4.5
6251,7339,71462,587,4.5
6252,7339,71462,625,4.5
6253,7338,71460,146,1
6254,7337,71438,81,3.5
6255,7336,71433,481,4.5
6256,7335,71429,73,4.5
6257,7335,71429,584,4.5
6258,7335,71429,648,4
6259,7334,71404,547,4
6260,7333,71390,299,5
6261,7332,71379,48,4
6262,7332,71379,73,3.5
6263,7332,71379,205,0.5
6264,7332,71379,427,3
6265,7332,71379,468,2.5
6266,7332,71379,501,3.5
6267,7332,71379,572,3.5
6268,7331,71318,213,2.5
6269,7330,71304,157,2.5
6270,7330,71304,262,2
6271,7329,71282,15,2.5
6272,7329,71282,48,3
6273,7329,71282,176,4
6274,7328,71264,15,1.5
6275,7328,71264,48,3.5
6276,7328,71264,56,5
6277,7328,71264,287,4.5
6278,7328,71264,380,4
6279,7328,71264,397,4
6280,7328,71264,468,2.5
6281,7328,71264,480,3.5
6282,7328,71264,620,4.5
6283,7327,71254,213,3
6284,7327,71254,380,2
6285,7327,71254,397,3.5
6286,7327,71254,426,3
6287,7326,71252,213,3
6288,7326,71252,397,1.5
6289,7326,71252,426,2
6290,7325,71248,73,3.5
6291,7325,71248,397,2.5
6292,7325,71248,426,1.5
6293,7325,71248,624,3
6294,7324,71211,11,3.5
6295,7324,71211,15,3.5
6296,7324,71211,397,3.5
6297,7324,71211,426,1.5
6298,7324,71211,468,3
6299,7324,71211,547,3
6300,7324,71211,580,3.5
6301,7324,71211,615,3
6302,7324,71211,624,3
6303,7323,71205,380,3.5
6304,7323,71205,426,3.5
6305,7322,71180,38,5
6306,7321,71156,199,3.5
6307,7321,71156,380,5
6308,7321,71156,468,2.5
6309,7321,71156,475,3
6310,7321,71156,544,4
6311,7321,71156,547,2.5
6312,7321,71156,580,4
6313,7321,71156,648,4.5
6314,7320,71135,73,4.5
6315,7320,71135,104,3.5
6316,7320,71135,157,4
6317,7320,71135,199,4
6318,7320,71135,426,2
6319,7320,71135,480,4.5
6320,7320,71135,664,4.5
6321,7319,71131,501,3.5
6322,7318,71108,81,4
6323,7318,71108,481,5
6324,7318,71108,547,4
6325,7317,71106,73,4
6326,7317,71106,157,3.5
6327,7317,71106,480,3.5
6328,7317,71106,664,4
6329,7316,71102,146,4
6330,7315,71057,48,3.5
6331,7315,71057,73,3
6332,7315,71057,134,4
6333,7315,71057,212,3.5
6334,7315,71057,380,3.5
6335,7315,71057,615,3
6336,7314,71033,48,4
6337,7314,71033,481,4
6338,7314,71033,501,5
6339,7314,71033,599,0.5
6340,7314,71033,624,4
6341,7314,71033,628,4
6342,7314,71033,664,4.5
6343,7313,70994,299,3.5
6344,7312,70984,624,3.5
6345,7311,70946,73,0.5
6346,7310,70927,468,3
6347,7309,70898,599,4.5
6348,7308,70862,15,2.5
6349,7308,70862,62,4
6350,7308,70862,397,3
6351,7307,70846,394,0.5
6352,7307,70846,587,3.5
6353,7306,70762,652,5
6354,7305,70751,547,2.5
6355,7304,70728,56,4
6356,7304,70728,457,3
6357,7303,70697,15,2.5
6358,7303,70697,213,1
6359,7302,70678,78,4.5
6360,7301,70663,402,3.5
6361,7300,70599,212,3
6362,7300,70599,213,1.5
6363,7300,70599,380,3
6364,7299,70597,380,2.5
6365,7298,70567,48,4
6366,7298,70567,501,3
6367,7297,70565,380,2
6368,7297,70565,522,4.5
6369,7297,70565,624,2.5
6370,7296,70545,624,2
6371,7295,70533,26,0.5
6372,7295,70533,48,4
6373,7295,70533,257,4
6374,7295,70533,481,4
6375,7295,70533,563,4
6376,7294,70488,468,3.5
6377,7293,70465,73,4
6378,7292,70418,547,3
6379,7291,70344,397,3.5
6380,7290,70336,15,4.5
6381,7290,70336,213,3
6382,7290,70336,380,2.5
6383,7290,70336,475,0.5
6384,7290,70336,615,1
6385,7290,70336,664,3
6386,7289,70305,213,2.5
6387,7288,70293,15,3.5
6388,7288,70293,56,4
6389,7288,70293,88,4.5
6390,7288,70293,382,4
6391,7288,70293,426,2.5
6392,7288,70293,500,4
6393,7288,70293,547,4
6394,7287,70286,15,5
6395,7287,70286,40,4.5
6396,7287,70286,42,4.5
6397,7287,70286,48,4.5
6398,7287,70286,56,4
6399,7287,70286,62,4
6400,7287,70286,73,3.5
6401,7287,70286,94,4
6402,7287,70286,101,4.5
6403,7287,70286,104,4
6404,7287,70286,149,3.5
6405,7287,70286,152,3.5
6406,7287,70286,156,4
6407,7287,70286,157,4.5
6408,7287,70286,199,4.5
6409,7287,70286,212,4
6410,7287,70286,213,2.5
6411,7287,70286,230,4
6412,7287,70286,257,3.5
6413,7287,70286,270,5
6414,7287,70286,304,5
6415,7287,70286,324,3.5
6416,7287,70286,339,4
6417,7287,70286,365,2
6418,7287,70286,380,3.5
6419,7287,70286,397,4
6420,7287,70286,423,4.5
6421,7287,70286,426,4
6422,7287,70286,427,4
6423,7287,70286,428,4
6424,7287,70286,446,4
6425,7287,70286,450,4.5
6426,7287,70286,456,1.5
6427,7287,70286,468,2.5
6428,7287,70286,475,3.5
6429,7287,70286,480,4.5
6430,7287,70286,483,5
6431,7287,70286,486,4
6432,7287,70286,488,5
6433,7287,70286,501,4.5
6434,7287,70286,515,5
6435,7287,70286,544,4.5
6436,7287,70286,547,4.5
6437,7287,70286,553,3.5
6438,7287,70286,563,4
6439,7287,70286,580,3
6440,7287,70286,584,5
6441,7287,70286,601,3.5
6442,7287,70286,615,4
6443,7287,70286,624,3.5
6444,7287,70286,628,3.5
6445,7287,70286,660,5
6446,7287,70286,664,4.5
6447,7286,70282,213,3.5
6448,7285,70201,547,3.5
6449,7284,70188,547,2.5
6450,7283,70183,176,4
6451,7283,70183,213,2.5
6452,7283,70183,500,4
6453,7283,70183,599,4
6454,7282,70159,48,4
6455,7281,70121,207,0.5
6456,7280,69974,394,0.5
6457,7279,69951,213,2
6458,7279,69951,299,4.5
6459,7279,69951,380,3
6460,7279,69951,426,3
6461,7279,69951,468,3.5
6462,7279,69951,580,4.5
6463,7279,69951,624,3.5
6464,7278,69945,500,2.5
6465,7277,69908,547,4
6466,7276,69849,303,4.5
6467,7275,69844,42,4.5
6468,7275,69844,56,4
6469,7275,69844,73,3.5
6470,7275,69844,84,3.5
6471,7275,69844,88,4
6472,7275,69844,133,4
6473,7275,69844,152,4
6474,7275,69844,199,3.5
6475,7275,69844,205,4
6476,7275,69844,212,3
6477,7275,69844,213,3.5
6478,7275,69844,273,4.5
6479,7275,69844,275,5
6480,7275,69844,316,4
6481,7275,69844,382,4
6482,7275,69844,402,4
6483,7275,69844,475,3.5
6484,7275,69844,479,4.5
6485,7275,69844,480,5
6486,7275,69844,500,3.5
6487,7275,69844,501,3.5
6488,7275,69844,524,4.5
6489,7275,69844,542,4.5
6490,7275,69844,553,4.5
6491,7275,69844,580,4
6492,7275,69844,599,5
6493,7275,69844,620,4
6494,7275,69844,625,4
6495,7275,69844,660,4.5
6496,7274,69821,547,1.5
6497,7273,69805,213,2.5
6498,7273,69805,652,4
6499,7272,69784,457,2.5
6500,7272,69784,475,1
6501,7272,69784,624,3
6502,7272,69784,648,3
6503,7271,69761,38,5
6504,7270,69757,13,4
6505,7270,69757,48,4.5
6506,7270,69757,69,5
6507,7270,69757,73,4.5
6508,7270,69757,78,4
6509,7270,69757,81,2
6510,7270,69757,132,4.5
6511,7270,69757,133,4.5
6512,7270,69757,149,3
6513,7270,69757,176,3
6514,7270,69757,179,4
6515,7270,69757,207,0.5
6516,7270,69757,208,4
6517,7270,69757,212,3.5
6518,7270,69757,230,4
6519,7270,69757,238,4
6520,7270,69757,262,1.5
6521,7270,69757,268,4.5
6522,7270,69757,270,3.5
6523,7270,69757,275,4.5
6524,7270,69757,289,4.5
6525,7270,69757,303,3.5
6526,7270,69757,380,5
6527,7270,69757,382,3
6528,7270,69757,402,4.5
6529,7270,69757,427,4
6530,7270,69757,428,4
6531,7270,69757,433,4
6532,7270,69757,457,3.5
6533,7270,69757,468,3
6534,7270,69757,475,3.5
6535,7270,69757,479,5
6536,7270,69757,480,4
6537,7270,69757,494,3.5
6538,7270,69757,500,4
6539,7270,69757,515,4
6540,7270,69757,547,3.5
6541,7270,69757,584,5
6542,7270,69757,599,4.5
6543,7270,69757,601,4
6544,7270,69757,610,4
6545,7270,69757,615,4.5
6546,7270,69757,624,2.5
6547,7270,69757,628,2
6548,7270,69757,664,3
6549,7269,69746,73,2.5
6550,7268,69720,262,1.5
6551,7267,69712,48,3.5
6552,7267,69712,212,3.5
6553,7267,69712,547,2
6554,7267,69712,620,2.5
6555,7266,69685,73,3
6556,7265,69654,547,4
6557,7264,69644,48,3.5
6558,7264,69644,200,4
6559,7264,69644,333,4
6560,7264,69644,426,3
6561,7264,69644,471,4.5
6562,7264,69644,475,1
6563,7263,69640,54,3.5
6564,7263,69640,73,3.5
6565,7263,69640,176,3.5
6566,7263,69640,275,4
6567,7263,69640,371,5
6568,7263,69640,624,3
6569,7263,69640,632,3
6570,7262,69606,213,2
6571,7262,69606,380,1.5
6572,7262,69606,402,4
6573,7262,69606,500,4
6574,7262,69606,599,4
6575,7261,69604,468,2.5
6576,7261,69604,624,3
6577,7260,69559,547,4
6578,7259,69529,625,4
6579,7258,69526,15,3
6580,7258,69526,48,3
6581,7258,69526,199,3.5
6582,7258,69526,212,2.5
6583,7258,69526,213,3
6584,7258,69526,270,2
6585,7258,69526,380,1
6586,7258,69526,402,3
6587,7258,69526,475,0.5
6588,7258,69526,584,5
6589,7258,69526,624,1
6590,7258,69526,664,4
6591,7257,69524,15,4
6592,7257,69524,213,3
6593,7257,69524,228,3.5
6594,7257,69524,664,4.5
6595,7256,69516,81,4
6596,7256,69516,299,4.5
6597,7255,69495,652,3
6598,7254,69481,15,4.5
6599,7254,69481,62,3.5
6600,7254,69481,73,4
6601,7254,69481,94,3.5
6602,7254,69481,152,4
6603,7254,69481,156,4.5
6604,7254,69481,157,3.5
6605,7254,69481,178,5
6606,7254,69481,212,3.5
6607,7254,69481,275,4.5
6608,7254,69481,298,5
6609,7254,69481,303,4
6610,7254,69481,397,4.5
6611,7254,69481,427,4
6612,7254,69481,433,4
6613,7254,69481,468,3.5
6614,7254,69481,475,3.5
6615,7254,69481,479,4.5
6616,7254,69481,483,5
6617,7254,69481,544,5
6618,7254,69481,547,4.5
6619,7254,69481,553,4
6620,7254,69481,584,4
6621,7254,69481,615,4
6622,7254,69481,624,4
6623,7254,69481,664,3.5
6624,7253,69458,427,4.5
6625,7253,69458,547,2.5
6626,7252,69436,15,0.5
6627,7252,69436,380,1.5
6628,7251,69406,15,1
6629,7251,69406,213,2.5
6630,7251,69406,382,2
6631,7251,69406,402,4
6632,7251,69406,500,4
6633,7251,69406,599,4.5
6634,7250,69306,15,2
6635,7250,69306,56,2
6636,7250,69306,73,3
6637,7250,69306,213,2.5
6638,7250,69306,457,1.5
6639,7250,69306,468,1.5
6640,7250,69306,480,3.5
6641,7250,69306,624,2.5
6642,7250,69306,664,3
6643,7249,69280,515,4
6644,7248,69278,199,3.5
6645,7248,69278,380,2
6646,7247,69275,176,1.5
6647,7247,69275,397,3
6648,7246,69253,213,3
6649,7245,69241,468,2.5
6650,7244,69134,262,2.5
6651,7244,69134,299,3
6652,7244,69134,457,3.5
6653,7244,69134,481,4
6654,7244,69134,544,5
6655,7243,69122,15,1
6656,7243,69122,26,3.5
6657,7243,69122,48,4.5
6658,7243,69122,56,4
6659,7243,69122,72,2
6660,7243,69122,73,3.5
6661,7243,69122,84,4
6662,7243,69122,91,4.5
6663,7243,69122,94,4.5
6664,7243,69122,156,4.5
6665,7243,69122,157,4
6666,7243,69122,199,3.5
6667,7243,69122,200,1
6668,7243,69122,207,4
6669,7243,69122,212,3.5
6670,7243,69122,230,2.5
6671,7243,69122,270,2.5
6672,7243,69122,297,3.5
6673,7243,69122,331,4
6674,7243,69122,380,4.5
6675,7243,69122,402,3
6676,7243,69122,423,2.5
6677,7243,69122,427,5
6678,7243,69122,428,4.5
6679,7243,69122,433,3.5
6680,7243,69122,457,3.5
6681,7243,69122,468,2.5
6682,7243,69122,475,3
6683,7243,69122,479,5
6684,7243,69122,480,4
6685,7243,69122,481,3.5
6686,7243,69122,501,3
6687,7243,69122,512,4
6688,7243,69122,522,4.5
6689,7243,69122,547,3.5
6690,7243,69122,553,4.5
6691,7243,69122,563,4
6692,7243,69122,584,4.5
6693,7243,69122,599,4
6694,7243,69122,612,4.5
6695,7243,69122,615,3
6696,7243,69122,624,3
6697,7243,69122,655,3
6698,7243,69122,664,4.5
6699,7242,69118,624,1.5
6700,7241,69069,402,4
6701,7241,69069,599,4
6702,7241,69069,624,3
6703,7240,68967,81,4
6704,7239,68965,73,0.5
6705,7238,68959,73,2.5
6706,7237,68954,15,2
6707,7237,68954,26,3.5
6708,7237,68954,40,4.5
6709,7237,68954,48,4
6710,7237,68954,56,4
6711,7237,68954,72,4
6712,7237,68954,73,4
6713,7237,68954,88,4.5
6714,7237,68954,91,4
6715,7237,68954,93,5
6716,7237,68954,94,5
6717,7237,68954,98,3.5
6718,7237,68954,125,4.5
6719,7237,68954,132,4
6720,7237,68954,134,4.5
6721,7237,68954,149,3.5
6722,7237,68954,152,4.5
6723,7237,68954,157,4
6724,7237,68954,200,4
6725,7237,68954,205,4
6726,7237,68954,251,4.5
6727,7237,68954,262,4
6728,7237,68954,268,2
6729,7237,68954,275,5
6730,7237,68954,287,4
6731,7237,68954,303,4
6732,7237,68954,316,4
6733,7237,68954,320,3.5
6734,7237,68954,333,3.5
6735,7237,68954,334,3.5
6736,7237,68954,380,4.5
6737,7237,68954,382,4
6738,7237,68954,397,4
6739,7237,68954,402,3
6740,7237,68954,406,3.5
6741,7237,68954,427,3.5
6742,7237,68954,428,4.5
6743,7237,68954,433,3
6744,7237,68954,446,4
6745,7237,68954,468,3.5
6746,7237,68954,475,3
6747,7237,68954,480,2.5
6748,7237,68954,481,4
6749,7237,68954,486,5
6750,7237,68954,501,4.5
6751,7237,68954,522,2.5
6752,7237,68954,542,5
6753,7237,68954,553,3.5
6754,7237,68954,563,4
6755,7237,68954,572,4.5
6756,7237,68954,580,4
6757,7237,68954,584,5
6758,7237,68954,600,5
6759,7237,68954,610,3.5
6760,7237,68954,615,4.5
6761,7237,68954,620,4.5
6762,7237,68954,624,3
6763,7237,68954,625,4
6764,7237,68954,655,3.5
6765,7237,68954,660,4.5
6766,7237,68954,664,4
6767,7236,68952,73,3.5
6768,7236,68952,380,3.5
6769,7236,68952,580,3.5
6770,7235,68945,48,3.5
6771,7234,68932,199,2
6772,7233,68901,73,3.5
6773,7233,68901,547,3.5
6774,7232,68884,394,0.5
6775,7231,68872,481,4
6776,7230,68848,213,1.5
6777,7230,68848,301,5
6778,7230,68848,380,4
6779,7230,68848,426,3.5
6780,7230,68848,547,3.5
6781,7230,68848,580,3.5
6782,7229,68838,382,4
6783,7229,68838,427,4
6784,7229,68838,547,4.5
6785,7229,68838,587,4.5
6786,7228,68835,652,4.5
6787,7227,68793,15,3
6788,7227,68793,213,3
6789,7227,68793,402,4
6790,7227,68793,475,1
6791,7227,68793,624,3
6792,7226,68791,15,4
6793,7226,68791,199,3.5
6794,7226,68791,212,3
6795,7226,68791,213,3.5
6796,7226,68791,287,5
6797,7226,68791,380,4
6798,7226,68791,426,3
6799,7226,68791,475,2
6800,7226,68791,480,4
6801,7226,68791,553,3
6802,7226,68791,580,2.5
6803,7226,68791,615,3
6804,7226,68791,664,3.5
6805,7225,68659,270,3.5
6806,7225,68659,475,3
6807,7225,68659,599,4
6808,7225,68659,624,3
6809,7224,68614,547,2.5
6810,7223,68554,69,4.5
6811,7223,68554,73,2.5
6812,7223,68554,213,3.5
6813,7223,68554,301,5
6814,7223,68554,339,4
6815,7223,68554,365,3
6816,7223,68554,371,3
6817,7223,68554,402,3
6818,7223,68554,475,2.5
6819,7223,68554,522,3
6820,7223,68554,571,4
6821,7223,68554,599,3.5
6822,7223,68554,615,1.5
6823,7223,68554,624,2
6824,7223,68554,664,3
6825,7222,68536,547,4
6826,7221,68486,580,4
6827,7220,68444,73,3
6828,7219,68358,15,4.5
6829,7219,68358,26,2
6830,7219,68358,42,3.5
6831,7219,68358,48,3
6832,7219,68358,72,3
6833,7219,68358,73,3.5
6834,7219,68358,78,4
6835,7219,68358,84,3.5
6836,7219,68358,91,4.5
6837,7219,68358,94,3.5
6838,7219,68358,101,4.5
6839,7219,68358,104,4
6840,7219,68358,125,4.5
6841,7219,68358,134,4
6842,7219,68358,157,4
6843,7219,68358,199,4
6844,7219,68358,212,4.5
6845,7219,68358,213,5
6846,7219,68358,228,3.5
6847,7219,68358,250,4
6848,7219,68358,251,4.5
6849,7219,68358,268,4.5
6850,7219,68358,270,3.5
6851,7219,68358,273,4
6852,7219,68358,275,4.5
6853,7219,68358,287,4.5
6854,7219,68358,316,4
6855,7219,68358,320,4
6856,7219,68358,364,0.5
6857,7219,68358,366,5
6858,7219,68358,380,4
6859,7219,68358,397,4
6860,7219,68358,402,4
6861,7219,68358,426,2.5
6862,7219,68358,433,3.5
6863,7219,68358,448,5
6864,7219,68358,475,4
6865,7219,68358,481,3.5
6866,7219,68358,483,1
6867,7219,68358,527,4
6868,7219,68358,553,5
6869,7219,68358,570,1.5
6870,7219,68358,574,4
6871,7219,68358,580,4.5
6872,7219,68358,584,5
6873,7219,68358,601,4
6874,7219,68358,615,3.5
6875,7219,68358,624,3.5
6876,7219,68358,625,4.5
6877,7219,68358,660,4.5
6878,7219,68358,664,4
6879,7218,68347,427,4.5
6880,7218,68347,648,4.5
6881,7217,68324,15,1
6882,7216,68319,15,2
6883,7216,68319,72,2
6884,7216,68319,73,3
6885,7216,68319,125,0.5
6886,7216,68319,199,3.5
6887,7216,68319,212,3.5
6888,7216,68319,213,3
6889,7216,68319,250,3.5
6890,7216,68319,270,2
6891,7216,68319,287,5
6892,7216,68319,324,3
6893,7216,68319,475,0.5
6894,7216,68319,553,4.5
6895,7216,68319,580,3.5
6896,7216,68319,599,4
6897,7216,68319,624,2.5
6898,7216,68319,664,3.5
6899,7215,68269,382,5
6900,7215,68269,426,3.5
6901,7215,68269,620,4
6902,7214,68237,15,3.5
6903,7214,68237,40,4.5
6904,7214,68237,48,4
6905,7214,68237,62,4.5
6906,7214,68237,73,4
6907,7214,68237,101,4
6908,7214,68237,134,4.5
6909,7214,68237,152,4
6910,7214,68237,157,4.5
6911,7214,68237,186,4.5
6912,7214,68237,199,3.5
6913,7214,68237,262,2.5
6914,7214,68237,270,4.5
6915,7214,68237,299,4
6916,7214,68237,304,5
6917,7214,68237,320,4
6918,7214,68237,380,4
6919,7214,68237,423,4.5
6920,7214,68237,468,3
6921,7214,68237,475,4
6922,7214,68237,480,5
6923,7214,68237,483,3.5
6924,7214,68237,486,5
6925,7214,68237,544,5
6926,7214,68237,601,4
6927,7214,68237,615,5
6928,7214,68237,628,3
6929,7214,68237,664,4
6930,7213,68205,199,3.5
6931,7213,68205,380,3.5
6932,7213,68205,475,1
6933,7213,68205,501,3
6934,7212,68194,199,3.5
6935,7212,68194,587,4
6936,7211,68159,15,4
6937,7211,68159,73,4
6938,7211,68159,199,3.5
6939,7211,68159,339,4.5
6940,7211,68159,380,3.5
6941,7211,68159,580,3.5
6942,7211,68159,664,4
6943,7210,68157,15,3
6944,7210,68157,26,3.5
6945,7210,68157,40,4
6946,7210,68157,48,4
6947,7210,68157,54,4.5
6948,7210,68157,56,4
6949,7210,68157,62,4.5
6950,7210,68157,72,3.5
6951,7210,68157,73,4
6952,7210,68157,84,3.5
6953,7210,68157,125,5
6954,7210,68157,133,5
6955,7210,68157,134,5
6956,7210,68157,138,4.5
6957,7210,68157,149,3.5
6958,7210,68157,152,3
6959,7210,68157,157,4
6960,7210,68157,176,4
6961,7210,68157,199,4
6962,7210,68157,200,4.5
6963,7210,68157,205,3.5
6964,7210,68157,212,4
6965,7210,68157,250,5
6966,7210,68157,262,2.5
6967,7210,68157,268,4.5
6968,7210,68157,270,4.5
6969,7210,68157,273,4
6970,7210,68157,290,4.5
6971,7210,68157,297,4.5
6972,7210,68157,299,4.5
6973,7210,68157,316,4
6974,7210,68157,352,4
6975,7210,68157,378,4.5
6976,7210,68157,423,4
6977,7210,68157,426,3.5
6978,7210,68157,427,4
6979,7210,68157,428,5
6980,7210,68157,432,5
6981,7210,68157,433,4.5
6982,7210,68157,457,3
6983,7210,68157,468,3
6984,7210,68157,473,5
6985,7210,68157,475,4.5
6986,7210,68157,478,4.5
6987,7210,68157,481,5
6988,7210,68157,494,4
6989,7210,68157,501,5
6990,7210,68157,519,4.5
6991,7210,68157,522,4.5
6992,7210,68157,544,4
6993,7210,68157,547,4
6994,7210,68157,563,4.5
6995,7210,68157,584,3.5
6996,7210,68157,615,4.5
6997,7210,68157,620,3
6998,7210,68157,624,3.5
6999,7210,68157,632,4.5
7000,7210,68157,660,4.5
7001,7210,68157,664,4
7002,7209,68137,81,2
7003,7208,68135,134,1
7004,7208,68135,149,4
7005,7208,68135,187,4.5
7006,7208,68135,199,4
7007,7208,68135,213,2.5
7008,7208,68135,268,3
7009,7208,68135,289,4.5
7010,7208,68135,382,4
7011,7208,68135,402,4.5
7012,7208,68135,480,3.5
7013,7208,68135,599,5
7014,7207,68099,324,4.5
7015,7206,68073,73,4
7016,7206,68073,176,3
7017,7206,68073,212,4
7018,7206,68073,378,4.5
7019,7206,68073,380,2.5
7020,7206,68073,397,4
7021,7206,68073,406,4.5
7022,7206,68073,480,4.5
7023,7206,68073,531,5
7024,7206,68073,606,3
7025,7205,67997,15,4
7026,7205,67997,26,3.5
7027,7205,67997,56,4
7028,7205,67997,270,4
7029,7205,67997,380,3.5
7030,7205,67997,423,5
7031,7205,67997,427,4.5
7032,7205,67997,480,4.5
7033,7205,67997,519,4
7034,7205,67997,610,4
7035,7204,67957,299,4.5
7036,7204,67957,547,3
7037,7203,67923,73,3.5
7038,7203,67923,200,3.5
7039,7203,67923,380,2
7040,7203,67923,402,4.5
7041,7203,67923,475,2.5
7042,7202,67867,199,2
7043,7201,67799,88,2.5
7044,7200,67788,238,2.5
7045,7200,67788,547,0.5
7046,7200,67788,599,4.5
7047,7200,67788,620,4.5
7048,7199,67734,15,1.5
7049,7199,67734,48,3
7050,7199,67734,56,4
7051,7199,67734,73,3.5
7052,7199,67734,179,3.5
7053,7199,67734,207,3
7054,7199,67734,270,3.5
7055,7199,67734,380,4
7056,7199,67734,457,2.5
7057,7199,67734,475,3
7058,7199,67734,547,4
7059,7199,67734,557,0.5
7060,7199,67734,599,4.5
7061,7199,67734,624,3.5
7062,7198,67695,73,3
7063,7198,67695,624,2
7064,7197,67665,15,3.5
7065,7197,67665,73,3
7066,7197,67665,199,2
7067,7197,67665,580,4
7068,7196,67508,304,5
7069,7196,67508,544,4.5
7070,7195,67504,468,5
7071,7194,67429,547,4
7072,7193,67408,48,3
7073,7193,67408,213,4
7074,7193,67408,380,3.5
7075,7193,67408,475,2.5
7076,7193,67408,624,3.5
7077,7192,67361,624,2
7078,7191,67295,287,4.5
7079,7190,67267,132,3.5
7080,7190,67267,178,3.5
7081,7190,67267,380,3.5
7082,7190,67267,648,4
7083,7189,67255,48,4
7084,7189,67255,73,4
7085,7189,67255,152,3.5
7086,7189,67255,157,4
7087,7189,67255,205,4.5
7088,7189,67255,275,0.5
7089,7189,67255,339,4.5
7090,7189,67255,352,4
7091,7189,67255,426,2
7092,7189,67255,468,2.5
7093,7189,67255,479,4.5
7094,7189,67255,480,4
7095,7189,67255,547,4
7096,7189,67255,624,4
7097,7188,67252,73,3.5
7098,7188,67252,397,3
7099,7188,67252,580,3.5
7100,7187,67197,48,3.5
7101,7187,67197,213,1.5
7102,7187,67197,402,2
7103,7187,67197,426,2.5
7104,7187,67197,480,3.5
7105,7187,67197,547,2.5
7106,7187,67197,664,3.5
7107,7186,67193,15,1.5
7108,7186,67193,88,3
7109,7186,67193,547,3.5
7110,7185,67087,15,1.5
7111,7185,67087,56,5
7112,7185,67087,187,4
7113,7185,67087,380,4
7114,7185,67087,547,4
7115,7185,67087,553,4
7116,7185,67087,584,5
7117,7185,67087,599,4
7118,7185,67087,664,3.5
7119,7184,66934,15,0.5
7120,7184,66934,73,4
7121,7184,66934,134,2
7122,7184,66934,212,4
7123,7184,66934,270,5
7124,7184,66934,324,3.5
7125,7184,66934,352,4
7126,7184,66934,364,4
7127,7184,66934,380,4
7128,7184,66934,468,3
7129,7184,66934,494,4.5
7130,7184,66934,521,4.5
7131,7184,66934,547,3
7132,7184,66934,580,4
7133,7184,66934,599,4
7134,7184,66934,615,4
7135,7183,66915,146,3
7136,7182,66808,176,1
7137,7181,66798,91,4
7138,7180,66785,624,4
7139,7179,66744,522,4
7140,7178,66686,547,3.5
7141,7177,66665,15,3
7142,7177,66665,132,5
7143,7177,66665,156,4
7144,7177,66665,301,5
7145,7177,66665,547,4
7146,7176,66659,125,0.5
7147,7175,66596,15,1.5
7148,7174,66544,163,3
7149,7173,66509,199,3.5
7150,7173,66509,270,3.5
7151,7173,66509,427,0.5
7152,7173,66509,500,2.5
7153,7173,66509,547,2.5
7154,7172,66427,580,3.5
7155,7171,66371,48,3.5
7156,7171,66371,117,4.5
7157,7171,66371,132,4.5
7158,7171,66371,406,4
7159,7171,66371,529,4.5
7160,7170,66335,73,3.5
7161,7170,66335,426,1
7162,7169,66317,176,3
7163,7169,66317,471,4
7164,7168,66310,262,2
7165,7167,66297,73,3.5
7166,7167,66297,298,5
7167,7167,66297,480,4.5
7168,7167,66297,546,5
7169,7167,66297,620,0.5
7170,7167,66297,624,3
7171,7166,66246,471,4.5
7172,7166,66246,581,0.5
7173,7165,66203,15,1
7174,7165,66203,176,2.5
7175,7165,66203,238,3
7176,7165,66203,255,4
7177,7165,66203,382,2
7178,7165,66203,480,4
7179,7165,66203,584,3.5
7180,7165,66203,599,5
7181,7164,66200,547,2.5
7182,7163,66198,88,3
7183,7163,66198,176,2.5
7184,7163,66198,213,2
7185,7162,66171,213,3.5
7186,7162,66171,475,2
7187,7162,66171,553,3.5
7188,7162,66171,615,3
7189,7161,66130,15,1.5
7190,7161,66130,157,3.5
7191,7160,66097,15,3
7192,7160,66097,48,3.5
7193,7160,66097,88,4
7194,7160,66097,132,5
7195,7160,66097,149,4
7196,7160,66097,157,3.5
7197,7160,66097,212,4
7198,7160,66097,251,2
7199,7160,66097,481,4
7200,7160,66097,488,4
7201,7160,66097,580,4
7202,7160,66097,625,4.5
7203,7159,66090,73,4
7204,7159,66090,199,3.5
7205,7158,66066,73,0.5
7206,7157,66019,394,1
7207,7157,66019,468,4
7208,7156,65982,73,3.5
7209,7156,65982,477,3.5
7210,7156,65982,580,2.5
7211,7155,65802,15,0.5
7212,7155,65802,581,0.5
7213,7154,65685,213,3
7214,7153,65682,104,3.5
7215,7153,65682,199,3
7216,7153,65682,212,3
7217,7153,65682,213,3
7218,7153,65682,380,3
7219,7153,65682,580,3
7220,7153,65682,615,3.5
7221,7152,65665,303,4
7222,7151,65642,15,4.5
7223,7151,65642,157,4.5
7224,7151,65642,380,3
7225,7151,65642,664,4.5
7226,7150,65638,468,4
7227,7149,65601,426,2.5
7228,7148,65585,213,2
7229,7148,65585,500,3.5
7230,7148,65585,547,0.5
7231,7148,65585,599,3
7232,7148,65585,620,1.5
7233,7147,65577,213,1.5
7234,7146,65567,213,2.5
7235,7145,65552,213,3.5
7236,7144,65514,26,5
7237,7144,65514,48,4
7238,7144,65514,73,4.5
7239,7144,65514,84,2.5
7240,7144,65514,157,4.5
7241,7144,65514,205,4.5
7242,7144,65514,339,3.5
7243,7144,65514,426,3.5
7244,7144,65514,446,4.5
7245,7144,65514,553,4
7246,7144,65514,572,3
7247,7144,65514,584,4
7248,7143,65465,226,4
7249,7143,65465,547,2
7250,7142,65418,547,2.5
7251,7141,65310,73,3
7252,7140,65261,48,3.5
7253,7140,65261,88,4
7254,7140,65261,132,5
7255,7140,65261,149,3.5
7256,7140,65261,205,5
7257,7140,65261,257,4
7258,7140,65261,298,5
7259,7140,65261,352,4
7260,7140,65261,397,4.5
7261,7140,65261,402,3
7262,7140,65261,406,5
7263,7140,65261,423,4
7264,7140,65261,426,3
7265,7140,65261,443,5
7266,7139,65259,648,4
7267,7138,65230,250,4
7268,7138,65230,380,2.5
7269,7138,65230,382,3
7270,7138,65230,500,3
7271,7138,65230,547,1.5
7272,7137,65216,480,5
7273,7136,65193,149,4
7274,7135,65188,56,5
7275,7135,65188,133,4
7276,7135,65188,262,0.5
7277,7135,65188,433,4.5
7278,7135,65188,547,4
7279,7134,65135,268,3.5
7280,7134,65135,624,3
7281,7133,65133,199,4.5
7282,7133,65133,624,3
7283,7132,65130,78,5
7284,7132,65130,81,4
7285,7132,65130,250,3
7286,7132,65130,468,2.5
7287,7132,65130,522,3
7288,7132,65130,547,3.5
7289,7131,65126,73,4
7290,7131,65126,580,3.5
7291,7130,65088,480,4
7292,7129,65037,48,5
7293,7128,64997,664,2.5
7294,7127,64993,48,4
7295,7127,64993,257,3.5
7296,7126,64990,547,3
7297,7125,64983,48,3.5
7298,7125,64983,56,2
7299,7125,64983,73,3.5
7300,7125,64983,84,4
7301,7125,64983,475,3
7302,7125,64983,480,4
7303,7125,64983,624,3.5
7304,7124,64969,48,3
7305,7124,64969,56,4
7306,7124,64969,200,3.5
7307,7124,64969,238,3
7308,7124,64969,250,4
7309,7124,64969,262,0.5
7310,7124,64969,402,4
7311,7124,64969,475,2.5
7312,7124,64969,480,3.5
7313,7124,64969,522,4
7314,7124,64969,531,3.5
7315,7124,64969,615,2
7316,7124,64969,624,3.5
7317,7123,64957,15,1.5
7318,7123,64957,48,3.5
7319,7123,64957,72,3.5
7320,7123,64957,73,4.5
7321,7123,64957,94,4.5
7322,7123,64957,104,4
7323,7123,64957,133,2
7324,7123,64957,169,3.5
7325,7123,64957,179,5
7326,7123,64957,199,3.5
7327,7123,64957,212,3.5
7328,7123,64957,213,2
7329,7123,64957,250,4
7330,7123,64957,255,4
7331,7123,64957,301,4.5
7332,7123,64957,303,3.5
7333,7123,64957,364,4.5
7334,7123,64957,371,4.5
7335,7123,64957,378,3
7336,7123,64957,380,4
7337,7123,64957,468,3
7338,7123,64957,475,3
7339,7123,64957,478,5
7340,7123,64957,481,3.5
7341,7123,64957,524,3.5
7342,7123,64957,531,4
7343,7123,64957,546,3
7344,7123,64957,570,4.5
7345,7123,64957,572,3.5
7346,7123,64957,615,3
7347,7122,64900,73,4
7348,7121,64839,15,1
7349,7121,64839,73,5
7350,7121,64839,255,4.5
7351,7121,64839,275,4.5
7352,7121,64839,299,5
7353,7121,64839,380,3.5
7354,7121,64839,428,3.5
7355,7121,64839,457,4.5
7356,7121,64839,468,3
7357,7121,64839,475,4.5
7358,7121,64839,480,3
7359,7121,64839,488,4.5
7360,7121,64839,522,4.5
7361,7121,64839,544,4
7362,7121,64839,547,4.5
7363,7121,64839,615,4
7364,7121,64839,624,4
7365,7120,64716,48,4
7366,7120,64716,73,4
7367,7120,64716,117,3.5
7368,7120,64716,133,4.5
7369,7120,64716,200,4.5
7370,7120,64716,226,4.5
7371,7120,64716,339,4.5
7372,7120,64716,480,3.5
7373,7120,64716,501,3.5
7374,7120,64716,570,4
7375,7120,64716,572,4
7376,7119,64701,81,4
7377,7119,64701,133,2
7378,7119,64701,468,3
7379,7118,64695,257,3
7380,7117,64660,450,5
7381,7116,64622,94,3.5
7382,7116,64622,505,3
7383,7116,64622,522,2.5
7384,7116,64622,547,4
7385,7115,64620,15,2
7386,7115,64620,94,3.5
7387,7115,64620,275,4
7388,7115,64620,304,4.5
7389,7115,64620,339,4.5
7390,7115,64620,423,3
7391,7115,64620,475,4.5
7392,7115,64620,544,5
7393,7115,64620,547,3.5
7394,7115,64620,664,4
7395,7114,64614,13,4.5
7396,7114,64614,31,4.5
7397,7114,64614,38,4.5
7398,7114,64614,73,4.5
7399,7114,64614,94,4
7400,7114,64614,104,4
7401,7114,64614,117,3.5
7402,7114,64614,125,4.5
7403,7114,64614,133,2
7404,7114,64614,149,3
7405,7114,64614,157,4.5
7406,7114,64614,257,3.5
7407,7114,64614,275,4
7408,7114,64614,303,4
7409,7114,64614,320,4
7410,7114,64614,324,3.5
7411,7114,64614,352,4
7412,7114,64614,380,4
7413,7114,64614,402,4
7414,7114,64614,423,3
7415,7114,64614,426,4.5
7416,7114,64614,427,1.5
7417,7114,64614,433,2.5
7418,7114,64614,457,2.5
7419,7114,64614,475,3
7420,7114,64614,479,4
7421,7114,64614,481,4.5
7422,7114,64614,486,3.5
7423,7114,64614,501,4.5
7424,7114,64614,522,4
7425,7114,64614,547,4
7426,7114,64614,574,4
7427,7114,64614,584,5
7428,7114,64614,615,3.5
7429,7114,64614,622,5
7430,7114,64614,664,4.5
7431,7113,64575,48,4
7432,7113,64575,429,1.5
7433,7113,64575,468,3
7434,7113,64575,547,3
7435,7113,64575,580,4
7436,7112,64508,73,1
7437,7111,64501,544,5
7438,7111,64501,648,4
7439,7110,64499,544,5
7440,7110,64499,648,4
7441,7109,64497,213,4
7442,7109,64497,380,2.5
7443,7109,64497,475,1
7444,7109,64497,580,2
7445,7109,64497,584,2.5
7446,7109,64497,664,3
7447,7108,64338,547,2.5
7448,7107,64321,544,4.5
7449,7106,64285,20,5
7450,7106,64285,468,3
7451,7106,64285,531,3.5
7452,7106,64285,624,3.5
7453,7105,64278,481,5
7454,7104,64249,169,3.5
7455,7104,64249,531,3
7456,7103,64229,547,3.5
7457,7102,64197,73,4
7458,7102,64197,544,5
7459,7102,64197,648,3.5
7460,7101,64153,262,1
7461,7100,64116,213,1
7462,7099,64114,442,4.5
7463,7098,64034,98,5
7464,7098,64034,163,4.5
7465,7098,64034,212,4
7466,7098,64034,250,4
7467,7098,64034,262,2.5
7468,7098,64034,378,3.5
7469,7098,64034,500,4.5
7470,7098,64034,501,4.5
7471,7097,64032,426,1.5
7472,7096,64030,213,3
7473,7096,64030,475,1
7474,7095,63992,73,2
7475,7095,63992,149,3
7476,7095,63992,176,1
7477,7095,63992,205,1
7478,7095,63992,212,2
7479,7095,63992,213,1.5
7480,7095,63992,262,2
7481,7095,63992,423,0.5
7482,7095,63992,446,4.5
7483,7095,63992,531,4.5
7484,7095,63992,547,3.5
7485,7095,63992,572,3.5
7486,7095,63992,652,4
7487,7094,63876,73,4
7488,7094,63876,88,4.5
7489,7094,63876,133,2
7490,7094,63876,270,4
7491,7094,63876,299,5
7492,7094,63876,468,3
7493,7094,63876,475,3
7494,7094,63876,529,4
7495,7094,63876,547,4
7496,7094,63876,578,2.5
7497,7094,63876,652,4
7498,7093,63859,15,3
7499,7093,63859,48,3.5
7500,7093,63859,169,5
7501,7093,63859,205,4
7502,7093,63859,213,2.5
7503,7093,63859,380,4
7504,7093,63859,397,3.5
7505,7093,63859,402,3.5
7506,7093,63859,468,2.5
7507,7093,63859,475,2.5
7508,7093,63859,615,3.5
7509,7092,63853,133,4.5
7510,7092,63853,176,3
7511,7092,63853,213,2.5
7512,7092,63853,255,2.5
7513,7091,63836,299,5
7514,7090,63826,73,3
7515,7089,63808,48,3.5
7516,7089,63808,547,3.5
7517,7089,63808,648,4
7518,7088,63629,547,4
7519,7087,63540,73,0.5
7520,7087,63540,212,0.5
7521,7086,63515,88,2.5
7522,7086,63515,169,4.5
7523,7085,63481,199,2
7524,7084,63479,187,3.5
7525,7083,63436,199,3.5
7526,7083,63436,212,3.5
7527,7083,63436,501,3
7528,7082,63393,500,2.5
7529,7082,63393,624,1
7530,7081,63276,176,3.5
7531,7081,63276,299,4
7532,7080,63239,500,1.5
7533,7080,63239,547,3.5
7534,7079,63179,481,4.5
7535,7078,63131,15,2
7536,7078,63131,48,2.5
7537,7078,63131,56,5
7538,7078,63131,73,3
7539,7078,63131,178,2.5
7540,7078,63131,187,5
7541,7078,63131,297,3.5
7542,7078,63131,380,4
7543,7078,63131,457,1.5
7544,7078,63131,480,4.5
7545,7078,63131,531,3.5
7546,7078,63131,574,3.5
7547,7078,63131,624,3
7548,7078,63131,664,4.5
7549,7077,63113,15,3.5
7550,7077,63113,56,2
7551,7077,63113,73,2
7552,7077,63113,200,3.5
7553,7077,63113,205,3
7554,7077,63113,226,4
7555,7077,63113,380,3.5
7556,7077,63113,475,2
7557,7077,63113,480,3
7558,7077,63113,483,4
7559,7077,63113,544,3.5
7560,7077,63113,547,3
7561,7077,63113,553,3.5
7562,7077,63113,574,3
7563,7077,63113,580,3
7564,7077,63113,612,3.5
7565,7077,63113,624,3.5
7566,7076,63082,15,0.5
7567,7076,63082,26,3
7568,7076,63082,42,3
7569,7076,63082,48,3.5
7570,7076,63082,56,4
7571,7076,63082,73,5
7572,7076,63082,94,3.5
7573,7076,63082,149,3
7574,7076,63082,152,4
7575,7076,63082,176,4
7576,7076,63082,200,3
7577,7076,63082,212,3
7578,7076,63082,229,4.5
7579,7076,63082,238,4
7580,7076,63082,275,4.5
7581,7076,63082,303,4
7582,7076,63082,316,3.5
7583,7076,63082,320,4
7584,7076,63082,333,4
7585,7076,63082,335,4
7586,7076,63082,365,3.5
7587,7076,63082,371,4.5
7588,7076,63082,378,4
7589,7076,63082,379,3
7590,7076,63082,380,4
7591,7076,63082,426,4
7592,7076,63082,428,3
7593,7076,63082,433,1
7594,7076,63082,446,5
7595,7076,63082,450,4.5
7596,7076,63082,457,3.5
7597,7076,63082,468,2.5
7598,7076,63082,475,3
7599,7076,63082,479,5
7600,7076,63082,481,4
7601,7076,63082,501,4
7602,7076,63082,503,3.5
7603,7076,63082,512,4.5
7604,7076,63082,522,3
7605,7076,63082,531,4
7606,7076,63082,547,4.5
7607,7076,63082,553,3.5
7608,7076,63082,574,4
7609,7076,63082,578,5
7610,7076,63082,584,5
7611,7076,63082,599,3.5
7612,7076,63082,601,4
7613,7076,63082,610,4
7614,7076,63082,612,4.5
7615,7076,63082,625,4
7616,7076,63082,648,4
7617,7076,63082,664,4
7618,7075,63072,73,3.5
7619,7075,63072,380,4
7620,7075,63072,468,3
7621,7075,63072,480,3
7622,7074,63062,94,4
7623,7074,63062,199,4
7624,7074,63062,255,3.5
7625,7074,63062,501,3.5
7626,7074,63062,584,2.5
7627,7074,63062,664,4.5
7628,7073,62999,48,3.5
7629,7073,62999,205,2
7630,7073,62999,250,4.5
7631,7073,62999,471,3.5
7632,7073,62999,475,1
7633,7073,62999,572,4
7634,7073,62999,574,3.5
7635,7073,62999,624,3.5
7636,7072,62956,48,3.5
7637,7072,62956,73,3.5
7638,7072,62956,158,4
7639,7072,62956,480,4.5
7640,7072,62956,546,5
7641,7072,62956,624,3
7642,7071,62912,73,0.5
7643,7071,62912,382,4
7644,7071,62912,599,4.5
7645,7070,62849,26,4.5
7646,7070,62849,176,3.5
7647,7070,62849,199,4
7648,7070,62849,200,1.5
7649,7070,62849,212,3.5
7650,7070,62849,353,3.5
7651,7070,62849,378,4
7652,7070,62849,501,5
7653,7070,62849,624,3
7654,7070,62849,664,3
7655,7069,62801,73,4
7656,7068,62792,199,3.5
7657,7067,62764,299,4.5
7658,7066,62733,213,2
7659,7066,62733,380,1.5
7660,7066,62733,580,1
7661,7065,62718,500,4.5
7662,7064,62644,480,3
7663,7064,62644,501,3.5
7664,7063,62511,15,4.5
7665,7063,62511,299,4.5
7666,7063,62511,547,2.5
7667,7062,62437,187,4
7668,7062,62437,299,4
7669,7062,62437,380,3.5
7670,7061,62434,15,3.5
7671,7061,62434,73,3.5
7672,7061,62434,187,4
7673,7061,62434,250,3
7674,7061,62434,297,3
7675,7061,62434,299,3.5
7676,7061,62434,380,3.5
7677,7061,62434,457,2.5
7678,7061,62434,486,3
7679,7061,62434,574,4
7680,7061,62434,612,2.5
7681,7061,62434,615,2
7682,7061,62434,624,4.5
7683,7060,62394,73,1
7684,7060,62394,157,0.5
7685,7060,62394,213,2.5
7686,7060,62394,475,1
7687,7060,62394,580,2
7688,7060,62394,615,1
7689,7059,62383,468,3.5
7690,7058,62378,423,3
7691,7057,62376,213,3
7692,7057,62376,542,4.5
7693,7056,62374,15,3.5
7694,7056,62374,371,4.5
7695,7056,62374,480,3
7696,7056,62374,584,5
7697,7056,62374,664,3.5
7698,7055,62344,88,4.5
7699,7055,62344,429,2.5
7700,7055,62344,547,3
7701,7055,62344,574,4
7702,7054,62336,352,4
7703,7054,62336,423,4
7704,7054,62336,443,5
7705,7054,62336,606,4
7706,7053,62331,563,4.5
7707,7052,62250,48,3
7708,7052,62250,522,3
7709,7052,62250,648,3
7710,7051,62203,48,4.5
7711,7051,62203,262,3.5
7712,7050,62155,380,3.5
7713,7050,62155,382,2
7714,7050,62155,423,2.5
7715,7050,62155,475,3
7716,7050,62155,480,3.5
7717,7050,62155,500,4.5
7718,7050,62155,599,4
7719,7049,62115,298,5
7720,7048,62113,212,3
7721,7048,62113,531,3.5
7722,7047,62081,205,3
7723,7047,62081,213,4
7724,7047,62081,226,2
7725,7047,62081,584,4.5
7726,7046,62049,134,4.5
7727,7045,61729,169,4
7728,7045,61729,213,2
7729,7045,61729,380,4
7730,7045,61729,547,3
7731,7044,61705,213,1.5
7732,7043,61646,648,4
7733,7042,61634,547,3.5
7734,7041,61465,581,0.5
7735,7040,61401,187,3
7736,7039,61394,15,2
7737,7039,61394,73,3.5
7738,7038,61361,531,3
7739,7037,61357,427,4
7740,7037,61357,547,4.5
7741,7036,61352,380,3.5
7742,7036,61352,480,4.5
7743,7036,61352,624,3.5
7744,7035,61350,213,2.5
7745,7035,61350,380,2
7746,7034,61348,73,0.5
7747,7034,61348,366,0.5
7748,7034,61348,428,0.5
7749,7033,61323,15,1
7750,7033,61323,26,3.5
7751,7033,61323,48,3.5
7752,7033,61323,72,3.5
7753,7033,61323,73,3.5
7754,7033,61323,125,5
7755,7033,61323,132,4.5
7756,7033,61323,158,3.5
7757,7033,61323,178,4
7758,7033,61323,199,3.5
7759,7033,61323,205,3.5
7760,7033,61323,213,0.5
7761,7033,61323,230,5
7762,7033,61323,250,4.5
7763,7033,61323,255,5
7764,7033,61323,270,4
7765,7033,61323,299,4
7766,7033,61323,384,3
7767,7033,61323,394,3.5
7768,7033,61323,433,4.5
7769,7033,61323,450,5
7770,7033,61323,457,3
7771,7033,61323,468,3.5
7772,7033,61323,481,4
7773,7033,61323,544,5
7774,7033,61323,547,3.5
7775,7033,61323,574,3.5
7776,7033,61323,580,4
7777,7033,61323,620,4
7778,7033,61323,648,5
7779,7032,61289,624,2.5
7780,7031,61250,599,5
7781,7030,61248,73,3
7782,7030,61248,199,3.5
7783,7030,61248,212,3.5
7784,7030,61248,664,3.5
7785,7029,61240,48,4.5
7786,7029,61240,157,4.5
7787,7029,61240,262,3.5
7788,7029,61240,352,3.5
7789,7029,61240,378,3
7790,7029,61240,457,3.5
7791,7029,61240,468,3.5
7792,7029,61240,610,4
7793,7029,61240,628,4
7794,7028,61236,427,4
7795,7028,61236,488,4
7796,7028,61236,544,5
7797,7028,61236,620,4
7798,7027,61210,580,2.5
7799,7026,61206,81,4.5
7800,7025,61167,426,4.5
7801,7024,61160,157,2.5
7802,7024,61160,475,2.5
7803,7024,61160,553,3
7804,7023,61132,15,2
7805,7023,61132,56,4
7806,7023,61132,73,3.5
7807,7023,61132,125,4
7808,7023,61132,199,3.5
7809,7023,61132,205,3.5
7810,7023,61132,250,4
7811,7023,61132,270,3
7812,7023,61132,380,4
7813,7023,61132,457,1.5
7814,7023,61132,475,4.5
7815,7023,61132,519,4.5
7816,7023,61132,522,2.5
7817,7023,61132,531,3
7818,7023,61132,547,3.5
7819,7023,61132,563,4
7820,7023,61132,574,3.5
7821,7023,61132,580,3
7822,7023,61132,624,3.5
7823,7022,61123,382,3
7824,7022,61123,599,4
7825,7022,61123,624,2
7826,7021,61075,187,3
7827,7020,61071,149,3
7828,7020,61071,382,4
7829,7020,61071,599,4.5
7830,7019,61026,580,4
7831,7018,61024,15,1
7832,7018,61024,26,3
7833,7018,61024,56,4
7834,7018,61024,73,3.5
7835,7018,61024,97,4
7836,7018,61024,178,3.5
7837,7018,61024,187,4
7838,7018,61024,262,2
7839,7018,61024,273,3.5
7840,7018,61024,297,4
7841,7018,61024,380,3.5
7842,7018,61024,457,3
7843,7018,61024,475,3
7844,7018,61024,519,4
7845,7018,61024,547,4
7846,7018,61024,553,5
7847,7018,61024,566,4
7848,7018,61024,572,4
7849,7018,61024,574,4
7850,7018,61024,580,4
7851,7018,61024,612,2
7852,7018,61024,664,4.5
7853,7017,61013,544,5
7854,7016,60990,394,0.5
7855,7015,60950,52,2
7856,7015,60950,56,4
7857,7015,60950,81,3
7858,7015,60950,133,0.5
7859,7015,60950,149,4.5
7860,7015,60950,238,4
7861,7015,60950,250,3.5
7862,7015,60950,371,4
7863,7015,60950,522,2.5
7864,7015,60950,574,3.5
7865,7015,60950,615,4
7866,7015,60950,624,3
7867,7014,60943,199,3.5
7868,7014,60943,427,4.5
7869,7014,60943,547,3
7870,7013,60937,213,3.5
7871,7013,60937,475,1
7872,7013,60937,615,2.5
7873,7012,60857,524,4
7874,7011,60832,664,3
7875,7010,60766,15,3.5
7876,7010,60766,468,4
7877,7010,60766,547,4
7878,7009,60763,48,3.5
7879,7009,60763,275,4.5
7880,7009,60763,468,2
7881,7008,60760,580,3.5
7882,7008,60760,664,3.5
7883,7007,60756,56,4
7884,7007,60756,73,4
7885,7007,60756,156,5
7886,7007,60756,199,3.5
7887,7007,60756,380,4
7888,7007,60756,388,4
7889,7007,60756,457,3
7890,7007,60756,486,2.5
7891,7007,60756,546,5
7892,7007,60756,547,4
7893,7007,60756,566,5
7894,7007,60756,580,3
7895,7007,60756,615,3
7896,7007,60756,624,3
7897,7006,60753,73,3
7898,7006,60753,353,3.5
7899,7006,60753,664,4.5
7900,7005,60684,15,4
7901,7005,60684,26,5
7902,7005,60684,48,3.5
7903,7005,60684,56,2
7904,7005,60684,73,3
7905,7005,60684,88,2.5
7906,7005,60684,149,3.5
7907,7005,60684,157,4.5
7908,7005,60684,178,3.5
7909,7005,60684,199,3.5
7910,7005,60684,212,3.5
7911,7005,60684,270,4.5
7912,7005,60684,299,4.5
7913,7005,60684,380,4.5
7914,7005,60684,423,3.5
7915,7005,60684,450,4.5
7916,7005,60684,468,2.5
7917,7005,60684,475,4.5
7918,7005,60684,486,3.5
7919,7005,60684,553,3.5
7920,7005,60684,563,2.5
7921,7005,60684,580,4
7922,7005,60684,615,4
7923,7005,60684,655,3
7924,7005,60684,660,4.5
7925,7005,60684,664,3
7926,7004,60674,287,5
7927,7003,60649,501,1
7928,7002,60609,73,4
7929,7001,60516,213,2.5
7930,7000,60514,213,2.5
7931,7000,60514,426,3
7932,6999,60487,73,3.5
7933,6999,60487,187,2.5
7934,6999,60487,268,4.5
7935,6999,60487,442,4
7936,6999,60487,624,3
7937,6998,60471,212,2.5
7938,6997,60397,176,3.5
7939,6997,60397,205,3.5
7940,6997,60397,213,1.5
7941,6997,60397,250,3.5
7942,6997,60397,320,3
7943,6997,60397,382,5
7944,6996,60384,299,5
7945,6995,60382,529,3.5
7946,6995,60382,547,4
7947,6995,60382,587,4
7948,6994,60343,547,2.5
7949,6993,60333,262,2.5
7950,6993,60333,450,5
7951,6993,60333,481,4.5
7952,6993,60333,544,5
7953,6992,60295,15,3.5
7954,6991,60293,73,5
7955,6991,60293,158,1.5
7956,6991,60293,262,2.5
7957,6991,60293,275,4.5
7958,6990,60291,48,4
7959,6989,60161,48,3.5
7960,6989,60161,73,4
7961,6989,60161,480,4.5
7962,6989,60161,546,5
7963,6989,60161,624,3
7964,6988,60137,394,0.5
7965,6987,60135,547,4
7966,6986,60128,275,4
7967,6985,60126,15,1
7968,6985,60126,48,3
7969,6985,60126,61,4
7970,6985,60126,73,2
7971,6985,60126,169,4
7972,6985,60126,205,3
7973,6985,60126,250,4
7974,6985,60126,297,3.5
7975,6985,60126,366,4
7976,6985,60126,402,3.5
7977,6985,60126,426,4
7978,6985,60126,475,2.5
7979,6985,60126,624,3
7980,6984,60086,652,4
7981,6983,60074,15,1
7982,6983,60074,61,3
7983,6983,60074,73,2
7984,6983,60074,157,2
7985,6983,60074,187,4
7986,6983,60074,200,2
7987,6983,60074,205,2.5
7988,6983,60074,213,3.5
7989,6983,60074,250,3.5
7990,6983,60074,270,3.5
7991,6983,60074,380,3.5
7992,6983,60074,402,3.5
7993,6983,60074,426,4.5
7994,6983,60074,475,2
7995,6983,60074,480,3.5
7996,6983,60074,501,2.5
7997,6983,60074,574,3.5
7998,6983,60074,624,2
7999,6983,60074,664,3
8000,6982,60072,15,1
8001,6982,60072,73,2.5
8002,6982,60072,212,2
8003,6982,60072,213,2.5
8004,6982,60072,262,1.5
8005,6982,60072,371,2.5
8006,6982,60072,380,3.5
8007,6982,60072,426,3
8008,6982,60072,475,3
8009,6982,60072,501,5
8010,6982,60072,547,2
8011,6982,60072,553,3
8012,6982,60072,570,3
8013,6982,60072,572,3
8014,6982,60072,574,3.5
8015,6982,60072,580,2
8016,6982,60072,624,2
8017,6982,60072,664,4
8018,6981,60069,15,4.5
8019,6981,60069,26,3
8020,6981,60069,38,4
8021,6981,60069,48,4
8022,6981,60069,54,5
8023,6981,60069,61,5
8024,6981,60069,72,4
8025,6981,60069,73,3
8026,6981,60069,93,3.5
8027,6981,60069,94,5
8028,6981,60069,104,4.5
8029,6981,60069,106,5
8030,6981,60069,132,3.5
8031,6981,60069,133,0.5
8032,6981,60069,134,3
8033,6981,60069,146,4
8034,6981,60069,152,4
8035,6981,60069,157,3.5
8036,6981,60069,158,1.5
8037,6981,60069,163,4
8038,6981,60069,169,3.5
8039,6981,60069,176,4.5
8040,6981,60069,186,3
8041,6981,60069,199,1.5
8042,6981,60069,200,4.5
8043,6981,60069,205,3.5
8044,6981,60069,212,4
8045,6981,60069,213,2
8046,6981,60069,250,5
8047,6981,60069,262,2
8048,6981,60069,270,4
8049,6981,60069,287,4
8050,6981,60069,290,4.5
8051,6981,60069,298,5
8052,6981,60069,316,3
8053,6981,60069,320,2.5
8054,6981,60069,334,4
8055,6981,60069,352,3
8056,6981,60069,355,4
8057,6981,60069,371,4
8058,6981,60069,378,0.5
8059,6981,60069,380,4
8060,6981,60069,382,3
8061,6981,60069,397,4.5
8062,6981,60069,402,4.5
8063,6981,60069,426,4
8064,6981,60069,428,4.5
8065,6981,60069,433,3.5
8066,6981,60069,442,3.5
8067,6981,60069,450,4.5
8068,6981,60069,468,4
8069,6981,60069,475,3.5
8070,6981,60069,480,4
8071,6981,60069,481,4.5
8072,6981,60069,494,4
8073,6981,60069,500,2
8074,6981,60069,501,4
8075,6981,60069,503,4
8076,6981,60069,505,2
8077,6981,60069,512,4
8078,6981,60069,526,4.5
8079,6981,60069,527,2.5
8080,6981,60069,542,4.5
8081,6981,60069,547,5
8082,6981,60069,553,3.5
8083,6981,60069,563,4
8084,6981,60069,572,3
8085,6981,60069,574,4
8086,6981,60069,580,4
8087,6981,60069,584,5
8088,6981,60069,599,4
8089,6981,60069,615,5
8090,6981,60069,620,2.5
8091,6981,60069,623,4
8092,6981,60069,624,2.5
8093,6981,60069,660,5
8094,6980,60040,15,3
8095,6980,60040,199,3.5
8096,6980,60040,205,3.5
8097,6980,60040,212,3
8098,6980,60040,213,3.5
8099,6980,60040,234,1.5
8100,6980,60040,287,4.5
8101,6980,60040,380,3
8102,6980,60040,384,3
8103,6980,60040,426,3.5
8104,6980,60040,468,1.5
8105,6980,60040,475,2
8106,6980,60040,483,5
8107,6980,60040,553,4
8108,6980,60040,615,3.5
8109,6980,60040,624,2.5
8110,6980,60040,664,3.5
8111,6979,60037,15,0.5
8112,6979,60037,73,2
8113,6979,60037,187,2.5
8114,6979,60037,205,3
8115,6979,60037,250,3
8116,6979,60037,580,3
8117,6978,59995,73,4.5
8118,6978,59995,133,4
8119,6978,59995,262,3
8120,6977,59985,599,3.5
8121,6976,59945,146,3
8122,6975,59935,580,3.5
8123,6974,59900,15,1.5
8124,6974,59900,73,2
8125,6974,59900,91,3
8126,6974,59900,205,3
8127,6974,59900,234,1.5
8128,6974,59900,250,3.5
8129,6974,59900,402,3.5
8130,6974,59900,457,1.5
8131,6974,59900,473,2
8132,6974,59900,522,2
8133,6974,59900,572,2.5
8134,6974,59900,624,2
8135,6973,59846,468,3.5
8136,6972,59834,207,0.5
8137,6971,59832,468,3
8138,6970,59814,157,4.5
8139,6969,59810,199,3.5
8140,6969,59810,380,4.5
8141,6968,59805,481,4
8142,6967,59784,15,3.5
8143,6967,59784,20,4
8144,6967,59784,26,5
8145,6967,59784,48,3.5
8146,6967,59784,73,2.5
8147,6967,59784,94,5
8148,6967,59784,152,3.5
8149,6967,59784,169,5
8150,6967,59784,205,5
8151,6967,59784,213,3.5
8152,6967,59784,250,5
8153,6967,59784,251,4
8154,6967,59784,255,3.5
8155,6967,59784,287,5
8156,6967,59784,316,3.5
8157,6967,59784,353,3.5
8158,6967,59784,371,4
8159,6967,59784,380,4
8160,6967,59784,397,3.5
8161,6967,59784,433,3
8162,6967,59784,468,2.5
8163,6967,59784,475,3.5
8164,6967,59784,480,3
8165,6967,59784,500,3.5
8166,6967,59784,503,4
8167,6967,59784,572,3.5
8168,6967,59784,574,4
8169,6967,59784,580,2.5
8170,6967,59784,620,4
8171,6967,59784,624,3
8172,6967,59784,655,4.5
8173,6967,59784,660,4.5
8174,6967,59784,664,3.5
8175,6966,59731,304,5
8176,6966,59731,427,4
8177,6965,59727,262,2.5
8178,6965,59727,426,4
8179,6964,59725,250,3.5
8180,6964,59725,255,3
8181,6964,59725,531,4.5
8182,6964,59725,547,3.5
8183,6964,59725,620,2.5
8184,6963,59721,524,4
8185,6962,59684,48,5
8186,6961,59669,547,3
8187,6960,59615,15,1
8188,6960,59615,73,1.5
8189,6960,59615,88,1
8190,6960,59615,93,2.5
8191,6960,59615,134,4
8192,6960,59615,176,3
8193,6960,59615,205,3
8194,6960,59615,213,2
8195,6960,59615,287,4
8196,6960,59615,324,4
8197,6960,59615,384,3.5
8198,6960,59615,402,3
8199,6960,59615,423,0.5
8200,6960,59615,426,3.5
8201,6960,59615,468,2
8202,6960,59615,471,3.5
8203,6960,59615,475,1
8204,6960,59615,481,2
8205,6960,59615,483,3.5
8206,6960,59615,580,3
8207,6960,59615,601,2
8208,6960,59615,623,3.5
8209,6960,59615,624,2
8210,6960,59615,664,2.5
8211,6959,59594,213,1.5
8212,6959,59594,380,3
8213,6959,59594,426,3.5
8214,6958,59590,199,2
8215,6957,59549,652,5
8216,6956,59519,15,3.5
8217,6955,59501,212,4
8218,6955,59501,213,2.5
8219,6955,59501,382,4
8220,6955,59501,402,3.5
8221,6955,59501,468,2.5
8222,6955,59501,475,2.5
8223,6955,59501,500,3
8224,6955,59501,542,3
8225,6955,59501,570,3.5
8226,6955,59501,572,3.5
8227,6954,59447,38,5
8228,6953,59429,557,4
8229,6953,59429,584,2.5
8230,6952,59421,213,2
8231,6952,59421,371,4
8232,6952,59421,457,1
8233,6952,59421,475,1.5
8234,6952,59421,480,4.5
8235,6952,59421,531,3.5
8236,6951,59418,187,5
8237,6951,59418,468,2.5
8238,6950,59392,287,5
8239,6949,59387,26,3
8240,6949,59387,48,4
8241,6949,59387,73,3.5
8242,6949,59387,125,5
8243,6949,59387,134,4.5
8244,6949,59387,270,4.5
8245,6949,59387,299,3.5
8246,6949,59387,324,5
8247,6949,59387,468,3
8248,6949,59387,615,3.5
8249,6949,59387,655,4
8250,6948,59369,15,2.5
8251,6948,59369,26,5
8252,6948,59369,56,2
8253,6948,59369,73,3
8254,6948,59369,91,4.5
8255,6948,59369,149,1
8256,6948,59369,152,3
8257,6948,59369,157,4
8258,6948,59369,199,4
8259,6948,59369,200,2.5
8260,6948,59369,205,5
8261,6948,59369,213,4
8262,6948,59369,262,4
8263,6948,59369,287,4.5
8264,6948,59369,316,2
8265,6948,59369,353,4
8266,6948,59369,371,3.5
8267,6948,59369,380,3.5
8268,6948,59369,433,3.5
8269,6948,59369,457,1.5
8270,6948,59369,475,3.5
8271,6948,59369,479,4.5
8272,6948,59369,480,4
8273,6948,59369,547,1
8274,6948,59369,553,3
8275,6948,59369,563,3.5
8276,6948,59369,574,4
8277,6948,59369,584,5
8278,6948,59369,615,4.5
8279,6948,59369,624,2.5
8280,6948,59369,664,5
8281,6947,59339,299,4.5
8282,6946,59333,176,2
8283,6946,59333,213,2.5
8284,6946,59333,402,4
8285,6946,59333,599,3.5
8286,6945,59315,15,4.5
8287,6945,59315,26,3.5
8288,6945,59315,31,5
8289,6945,59315,42,4
8290,6945,59315,48,4
8291,6945,59315,56,2
8292,6945,59315,61,4
8293,6945,59315,72,3
8294,6945,59315,73,3
8295,6945,59315,84,3.5
8296,6945,59315,89,5
8297,6945,59315,91,5
8298,6945,59315,93,4
8299,6945,59315,94,3
8300,6945,59315,104,4.5
8301,6945,59315,106,5
8302,6945,59315,125,4.5
8303,6945,59315,134,4.5
8304,6945,59315,138,3.5
8305,6945,59315,146,3.5
8306,6945,59315,152,4
8307,6945,59315,157,3
8308,6945,59315,187,4
8309,6945,59315,199,3.5
8310,6945,59315,205,4
8311,6945,59315,212,4
8312,6945,59315,213,5
8313,6945,59315,234,3.5
8314,6945,59315,250,4.5
8315,6945,59315,251,5
8316,6945,59315,268,4.5
8317,6945,59315,270,4
8318,6945,59315,273,4
8319,6945,59315,275,4
8320,6945,59315,287,5
8321,6945,59315,316,4
8322,6945,59315,352,4
8323,6945,59315,353,4.5
8324,6945,59315,355,4.5
8325,6945,59315,380,4
8326,6945,59315,384,4
8327,6945,59315,402,4.5
8328,6945,59315,426,4.5
8329,6945,59315,428,3.5
8330,6945,59315,442,5
8331,6945,59315,448,5
8332,6945,59315,456,4
8333,6945,59315,457,1
8334,6945,59315,468,2.5
8335,6945,59315,473,5
8336,6945,59315,475,4
8337,6945,59315,478,3.5
8338,6945,59315,479,4
8339,6945,59315,480,3
8340,6945,59315,483,5
8341,6945,59315,486,2.5
8342,6945,59315,503,4
8343,6945,59315,515,4.5
8344,6945,59315,542,4.5
8345,6945,59315,544,4
8346,6945,59315,547,3.5
8347,6945,59315,553,5
8348,6945,59315,563,4.5
8349,6945,59315,566,5
8350,6945,59315,570,3
8351,6945,59315,574,4
8352,6945,59315,580,4
8353,6945,59315,584,4
8354,6945,59315,601,3.5
8355,6945,59315,615,3.5
8356,6945,59315,623,4.5
8357,6945,59315,624,4
8358,6945,59315,632,5
8359,6945,59315,660,4.5
8360,6945,59315,664,4
8361,6944,59306,106,4
8362,6944,59306,426,4
8363,6943,59273,275,5
8364,6942,59258,382,3.5
8365,6941,59180,547,4
8366,6940,59143,501,3
8367,6939,59141,48,3.5
8368,6939,59141,275,3.5
8369,6938,59126,15,4
8370,6938,59126,199,4.5
8371,6938,59126,380,4
8372,6938,59126,402,3
8373,6938,59126,648,4.5
8374,6937,59118,48,4.5
8375,6937,59118,56,4
8376,6937,59118,547,3.5
8377,6936,59103,212,2.5
8378,6936,59103,213,3.5
8379,6936,59103,475,2
8380,6935,59037,380,2
8381,6935,59037,475,3
8382,6934,59022,73,2.5
8383,6934,59022,187,3
8384,6934,59022,380,3.5
8385,6934,59022,402,3
8386,6934,59022,457,3
8387,6934,59022,478,2.5
8388,6933,59018,46,5
8389,6933,59018,117,5
8390,6933,59018,199,3
8391,6933,59018,529,4
8392,6933,59018,547,4
8393,6932,59016,584,3
8394,6932,59016,664,3
8395,6931,59014,73,1
8396,6931,59014,91,3
8397,6931,59014,384,2.5
8398,6931,59014,522,2
8399,6930,58998,15,1.5
8400,6930,58998,61,5
8401,6930,58998,73,3.5
8402,6930,58998,97,1.5
8403,6930,58998,199,4
8404,6930,58998,212,2.5
8405,6930,58998,213,1
8406,6930,58998,238,4
8407,6930,58998,275,5
8408,6930,58998,297,2.5
8409,6930,58998,353,3.5
8410,6930,58998,380,4
8411,6930,58998,402,3
8412,6930,58998,433,4.5
8413,6930,58998,457,3
8414,6930,58998,479,4
8415,6930,58998,480,3.5
8416,6930,58998,500,3
8417,6930,58998,547,3.5
8418,6930,58998,574,4
8419,6930,58998,584,2
8420,6930,58998,664,4
8421,6929,58975,73,2.5
8422,6928,58972,213,2.5
8423,6928,58972,380,2.5
8424,6927,58964,262,3
8425,6926,58904,547,3.5
8426,6925,58889,382,3
8427,6924,58879,468,3
8428,6924,58879,481,4
8429,6924,58879,547,4.5
8430,6923,58839,380,2.5
8431,6923,58839,544,4
8432,6922,58803,54,4.5
8433,6922,58803,73,3
8434,6922,58803,84,4
8435,6922,58803,169,5
8436,6922,58803,200,4.5
8437,6922,58803,205,5
8438,6922,58803,213,2.5
8439,6922,58803,250,4
8440,6922,58803,268,3
8441,6922,58803,331,4
8442,6922,58803,371,4.5
8443,6922,58803,380,2.5
8444,6922,58803,457,2.5
8445,6922,58803,475,3
8446,6922,58803,480,4.5
8447,6922,58803,524,4.5
8448,6922,58803,572,3.5
8449,6922,58803,624,4
8450,6921,58706,94,4
8451,6920,58655,475,1.5
8452,6919,58649,547,5
8453,6918,58627,73,3.5
8454,6918,58627,426,4
8455,6917,58559,3,3
8456,6917,58559,13,4.5
8457,6917,58559,15,4.5
8458,6917,58559,26,5
8459,6917,58559,29,5
8460,6917,58559,31,5
8461,6917,58559,38,4.5
8462,6917,58559,40,4.5
8463,6917,58559,42,4.5
8464,6917,58559,46,5
8465,6917,58559,48,4
8466,6917,58559,56,5
8467,6917,58559,61,5
8468,6917,58559,62,5
8469,6917,58559,72,3.5
8470,6917,58559,73,5
8471,6917,58559,78,5
8472,6917,58559,84,4
8473,6917,58559,89,5
8474,6917,58559,91,5
8475,6917,58559,94,4
8476,6917,58559,97,2
8477,6917,58559,101,5
8478,6917,58559,104,4.5
8479,6917,58559,106,5
8480,6917,58559,125,5
8481,6917,58559,134,2.5
8482,6917,58559,136,4
8483,6917,58559,138,4
8484,6917,58559,146,5
8485,6917,58559,147,4
8486,6917,58559,149,4
8487,6917,58559,152,4.5
8488,6917,58559,157,4.5
8489,6917,58559,158,4
8490,6917,58559,169,5
8491,6917,58559,176,3
8492,6917,58559,186,3
8493,6917,58559,187,4
8494,6917,58559,199,4.5
8495,6917,58559,203,5
8496,6917,58559,205,3
8497,6917,58559,212,4.5
8498,6917,58559,213,3.5
8499,6917,58559,226,4
8500,6917,58559,228,4
8501,6917,58559,244,5
8502,6917,58559,250,5
8503,6917,58559,255,4.5
8504,6917,58559,268,5
8505,6917,58559,270,4.5
8506,6917,58559,273,5
8507,6917,58559,275,5
8508,6917,58559,277,3
8509,6917,58559,287,5
8510,6917,58559,297,4
8511,6917,58559,298,4
8512,6917,58559,314,5
8513,6917,58559,316,3
8514,6917,58559,324,3.5
8515,6917,58559,352,4.5
8516,6917,58559,353,4
8517,6917,58559,355,5
8518,6917,58559,362,5
8519,6917,58559,365,3
8520,6917,58559,378,0.5
8521,6917,58559,379,4
8522,6917,58559,380,5
8523,6917,58559,384,4
8524,6917,58559,388,4
8525,6917,58559,392,4.5
8526,6917,58559,394,3
8527,6917,58559,402,3.5
8528,6917,58559,423,5
8529,6917,58559,426,4.5
8530,6917,58559,428,5
8531,6917,58559,433,4.5
8532,6917,58559,442,5
8533,6917,58559,450,4.5
8534,6917,58559,454,5
8535,6917,58559,456,4
8536,6917,58559,457,0.5
8537,6917,58559,468,3
8538,6917,58559,473,5
8539,6917,58559,475,5
8540,6917,58559,478,3.5
8541,6917,58559,479,5
8542,6917,58559,480,4
8543,6917,58559,481,3.5
8544,6917,58559,483,4
8545,6917,58559,501,3.5
8546,6917,58559,503,4
8547,6917,58559,515,4
8548,6917,58559,521,4.5
8549,6917,58559,522,3.5
8550,6917,58559,524,4
8551,6917,58559,542,5
8552,6917,58559,544,4.5
8553,6917,58559,546,5
8554,6917,58559,547,2.5
8555,6917,58559,553,5
8556,6917,58559,563,4
8557,6917,58559,566,5
8558,6917,58559,570,1.5
8559,6917,58559,572,5
8560,6917,58559,574,4
8561,6917,58559,580,5
8562,6917,58559,583,5
8563,6917,58559,584,5
8564,6917,58559,600,3
8565,6917,58559,601,4.5
8566,6917,58559,615,4.5
8567,6917,58559,622,5
8568,6917,58559,623,5
8569,6917,58559,624,3.5
8570,6917,58559,630,3
8571,6917,58559,632,5
8572,6917,58559,643,5
8573,6917,58559,655,5
8574,6917,58559,660,4.5
8575,6917,58559,664,4.5
8576,6916,58554,48,3.5
8577,6915,58520,299,4.5
8578,6914,58432,199,3
8579,6913,58425,81,4.5
8580,6912,58376,157,3.5
8581,6911,58365,547,4
8582,6910,58351,73,4
8583,6910,58351,596,4.5
8584,6910,58351,624,4
8585,6909,58347,48,3.5
8586,6909,58347,212,4
8587,6909,58347,213,2.5
8588,6909,58347,382,4
8589,6909,58347,402,4
8590,6909,58347,500,4.5
8591,6908,58315,73,1
8592,6908,58315,402,3.5
8593,6907,58306,426,3.5
8594,6907,58306,563,3
8595,6907,58306,580,3
8596,6906,58303,304,4.5
8597,6906,58303,479,4.5
8598,6906,58303,501,4
8599,6906,58303,587,5
8600,6906,58303,628,3
8601,6905,58301,73,4
8602,6905,58301,481,4
8603,6904,58299,20,3.5
8604,6904,58299,48,3.5
8605,6904,58299,169,5
8606,6904,58299,205,3.5
8607,6904,58299,212,3.5
8608,6904,58299,213,2.5
8609,6904,58299,397,4
8610,6904,58299,457,1.5
8611,6903,58297,380,2.5
8612,6902,58295,11,4.5
8613,6902,58295,15,1.5
8614,6902,58295,73,3
8615,6902,58295,157,3.5
8616,6902,58295,199,4
8617,6902,58295,200,4
8618,6902,58295,212,3.5
8619,6902,58295,213,4.5
8620,6902,58295,380,4
8621,6902,58295,572,3.5
8622,6902,58295,574,3.5
8623,6901,58293,73,1
8624,6901,58293,205,3
8625,6901,58293,207,0.5
8626,6901,58293,213,2
8627,6901,58293,475,1
8628,6901,58293,527,1
8629,6901,58293,615,1.5
8630,6901,58293,638,2
8631,6900,58191,427,4.5
8632,6900,58191,501,4
8633,6899,58156,380,2
8634,6899,58156,442,2
8635,6899,58156,457,1.5
8636,6899,58156,486,3
8637,6899,58156,522,3.5
8638,6899,58156,624,3
8639,6898,58154,212,4
8640,6898,58154,365,3.5
8641,6898,58154,371,4.5
8642,6898,58154,380,3
8643,6897,58146,73,0.5
8644,6896,58107,392,1
8645,6895,58105,212,3
8646,6895,58105,213,2.5
8647,6894,58103,200,1
8648,6894,58103,205,3.5
8649,6894,58103,213,4
8650,6894,58103,226,3.5
8651,6894,58103,501,4
8652,6894,58103,664,3.5
8653,6893,58047,20,4
8654,6893,58047,69,3
8655,6893,58047,200,3.5
8656,6893,58047,402,5
8657,6893,58047,500,3.5
8658,6893,58047,599,4.5
8659,6892,58029,648,4
8660,6891,58025,15,1
8661,6891,58025,56,1
8662,6891,58025,61,3
8663,6891,58025,73,1.5
8664,6891,58025,205,4
8665,6891,58025,213,3
8666,6891,58025,250,3
8667,6891,58025,380,2.5
8668,6891,58025,475,2
8669,6891,58025,615,2.5
8670,6891,58025,624,1.5
8671,6890,57980,48,3
8672,6889,57972,468,4
8673,6888,57951,213,3
8674,6887,57910,262,2.5
8675,6886,57845,648,4.5
8676,6885,57792,132,3.5
8677,6884,57669,15,1.5
8678,6884,57669,26,3.5
8679,6884,57669,48,4
8680,6884,57669,56,5
8681,6884,57669,61,4.5
8682,6884,57669,73,4
8683,6884,57669,88,4
8684,6884,57669,125,3.5
8685,6884,57669,133,4
8686,6884,57669,134,4.5
8687,6884,57669,152,3
8688,6884,57669,157,4.5
8689,6884,57669,199,4
8690,6884,57669,200,2.5
8691,6884,57669,212,4
8692,6884,57669,213,1.5
8693,6884,57669,238,3
8694,6884,57669,250,4.5
8695,6884,57669,262,2.5
8696,6884,57669,270,4
8697,6884,57669,380,4
8698,6884,57669,423,5
8699,6884,57669,450,5
8700,6884,57669,457,3.5
8701,6884,57669,480,5
8702,6884,57669,501,4.5
8703,6884,57669,524,4.5
8704,6884,57669,547,5
8705,6884,57669,563,4.5
8706,6884,57669,574,4.5
8707,6884,57669,580,4
8708,6884,57669,610,5
8709,6884,57669,615,5
8710,6884,57669,623,5
8711,6884,57669,624,4
8712,6884,57669,628,2
8713,6884,57669,652,4
8714,6884,57669,664,3.5
8715,6883,57640,15,4
8716,6883,57640,48,3
8717,6883,57640,61,2.5
8718,6883,57640,73,3
8719,6883,57640,104,3.5
8720,6883,57640,205,3.5
8721,6883,57640,213,2.5
8722,6883,57640,250,3
8723,6883,57640,270,3.5
8724,6883,57640,380,4
8725,6883,57640,402,3.5
8726,6883,57640,426,4
8727,6883,57640,475,3
8728,6883,57640,572,2.5
8729,6883,57640,574,4
8730,6883,57640,580,3.5
8731,6883,57640,615,3.5
8732,6883,57640,624,3
8733,6882,57532,56,1
8734,6882,57532,73,1
8735,6882,57532,91,2
8736,6881,57528,73,3.5
8737,6881,57528,200,1.5
8738,6881,57528,205,4
8739,6881,57528,339,3.5
8740,6881,57528,471,4.5
8741,6881,57528,570,4.5
8742,6880,57526,213,2.5
8743,6879,57504,48,4
8744,6879,57504,140,3.5
8745,6879,57504,157,3
8746,6879,57504,213,4
8747,6879,57504,257,3.5
8748,6879,57504,443,5
8749,6878,57453,48,3.5
8750,6878,57453,394,2.5
8751,6877,57430,547,3.5
8752,6876,57418,547,3.5
8753,6875,57401,213,3.5
8754,6875,57401,664,4
8755,6874,57368,15,1.5
8756,6874,57368,48,4.5
8757,6874,57368,73,1.5
8758,6874,57368,106,4
8759,6874,57368,199,3.5
8760,6874,57368,205,2.5
8761,6874,57368,213,2.5
8762,6874,57368,270,3.5
8763,6874,57368,380,3
8764,6874,57368,384,3.5
8765,6874,57368,426,4.5
8766,6874,57368,468,3
8767,6874,57368,475,4
8768,6874,57368,480,4.5
8769,6874,57368,501,4.5
8770,6874,57368,547,4
8771,6874,57368,624,2
8772,6874,57368,627,0.5
8773,6874,57368,664,4
8774,6873,57353,200,4
8775,6873,57353,586,4.5
8776,6872,57326,212,2
8777,6872,57326,213,3
8778,6871,57274,48,3.5
8779,6871,57274,157,4
8780,6871,57274,262,2.5
8781,6870,57243,132,5
8782,6870,57243,547,3.5
8783,6870,57243,623,4.5
8784,6869,57223,426,0.5
8785,6868,57038,481,5
8786,6867,56949,98,5
8787,6867,56949,149,3
8788,6867,56949,169,4
8789,6867,56949,176,2.5
8790,6867,56949,187,4
8791,6867,56949,213,2
8792,6867,56949,238,2.5
8793,6867,56949,250,3.5
8794,6867,56949,268,1.5
8795,6867,56949,382,3
8796,6867,56949,384,3
8797,6867,56949,392,3
8798,6867,56949,547,1.5
8799,6867,56949,557,4.5
8800,6867,56949,572,3.5
8801,6867,56949,599,3.5
8802,6866,56941,54,5
8803,6866,56941,531,2
8804,6866,56941,572,3.5
8805,6866,56941,599,4
8806,6865,56921,101,4
8807,6865,56921,380,4
8808,6865,56921,574,3.5
8809,6864,56915,213,2.5
8810,6863,56908,48,4
8811,6862,56885,234,3
8812,6862,56885,380,3
8813,6861,56869,481,5
8814,6860,56805,457,3
8815,6860,56805,547,4.5
8816,6859,56801,73,2
8817,6859,56801,199,2.5
8818,6859,56801,213,2.5
8819,6859,56801,475,0.5
8820,6858,56788,199,4
8821,6858,56788,380,4
8822,6858,56788,426,3.5
8823,6858,56788,544,4.5
8824,6858,56788,547,4
8825,6858,56788,574,4
8826,6858,56788,664,3
8827,6857,56782,15,1
8828,6857,56782,26,3.5
8829,6857,56782,48,3.5
8830,6857,56782,56,5
8831,6857,56782,72,4
8832,6857,56782,73,4
8833,6857,56782,81,4
8834,6857,56782,97,4.5
8835,6857,56782,152,3.5
8836,6857,56782,234,4.5
8837,6857,56782,275,4.5
8838,6857,56782,307,4.5
8839,6857,56782,355,4
8840,6857,56782,371,4
8841,6857,56782,380,4.5
8842,6857,56782,433,5
8843,6857,56782,457,5
8844,6857,56782,468,3.5
8845,6857,56782,480,3.5
8846,6857,56782,481,4.5
8847,6857,56782,483,5
8848,6857,56782,544,4
8849,6857,56782,547,5
8850,6857,56782,574,4.5
8851,6857,56782,596,4
8852,6857,56782,610,5
8853,6856,56775,15,3
8854,6856,56775,73,2.5
8855,6856,56775,213,4
8856,6856,56775,384,3.5
8857,6856,56775,475,3
8858,6856,56775,572,3.5
8859,6856,56775,652,4
8860,6855,56757,48,3
8861,6855,56757,56,4
8862,6855,56757,61,3
8863,6855,56757,72,3.5
8864,6855,56757,73,2.5
8865,6855,56757,134,2.5
8866,6855,56757,176,4
8867,6855,56757,205,5
8868,6855,56757,212,2.5
8869,6855,56757,270,4.5
8870,6855,56757,299,3.5
8871,6855,56757,362,4
8872,6855,56757,380,2
8873,6855,56757,384,3.5
8874,6855,56757,426,4.5
8875,6855,56757,470,3
8876,6855,56757,481,3
8877,6855,56757,580,3.5
8878,6855,56757,620,1.5
8879,6854,56715,212,4
8880,6854,56715,230,5
8881,6854,56715,378,4
8882,6854,56715,380,3
8883,6854,56715,655,4
8884,6853,56633,371,4.5
8885,6852,56607,48,4
8886,6852,56607,547,4.5
8887,6851,56587,73,3
8888,6851,56587,117,5
8889,6851,56587,133,2
8890,6851,56587,199,3.5
8891,6851,56587,205,4
8892,6851,56587,213,2.5
8893,6851,56587,250,5
8894,6851,56587,251,5
8895,6851,56587,253,3.5
8896,6851,56587,380,3
8897,6851,56587,481,3
8898,6851,56587,501,4
8899,6850,56563,15,4
8900,6850,56563,468,3.5
8901,6849,56367,15,2
8902,6849,56367,48,3.5
8903,6849,56367,56,5
8904,6849,56367,61,4.5
8905,6849,56367,68,4.5
8906,6849,56367,72,4
8907,6849,56367,73,3.5
8908,6849,56367,88,5
8909,6849,56367,93,5
8910,6849,56367,94,3.5
8911,6849,56367,96,3.5
8912,6849,56367,97,4
8913,6849,56367,106,3.5
8914,6849,56367,125,4.5
8915,6849,56367,132,4
8916,6849,56367,133,5
8917,6849,56367,146,3
8918,6849,56367,147,5
8919,6849,56367,149,4
8920,6849,56367,152,4
8921,6849,56367,156,4
8922,6849,56367,157,4
8923,6849,56367,176,3.5
8924,6849,56367,178,3
8925,6849,56367,179,3.5
8926,6849,56367,187,4
8927,6849,56367,200,4
8928,6849,56367,205,3.5
8929,6849,56367,212,4.5
8930,6849,56367,234,4
8931,6849,56367,238,3.5
8932,6849,56367,250,4
8933,6849,56367,262,3
8934,6849,56367,268,4.5
8935,6849,56367,270,4
8936,6849,56367,275,4
8937,6849,56367,297,2.5
8938,6849,56367,303,4
8939,6849,56367,307,5
8940,6849,56367,320,3.5
8941,6849,56367,324,3.5
8942,6849,56367,364,4
8943,6849,56367,378,3.5
8944,6849,56367,380,5
8945,6849,56367,382,2.5
8946,6849,56367,384,4
8947,6849,56367,406,3
8948,6849,56367,423,2.5
8949,6849,56367,426,3.5
8950,6849,56367,428,4.5
8951,6849,56367,457,3
8952,6849,56367,468,3.5
8953,6849,56367,475,3.5
8954,6849,56367,479,5
8955,6849,56367,481,5
8956,6849,56367,500,4.5
8957,6849,56367,501,4.5
8958,6849,56367,505,3
8959,6849,56367,515,4
8960,6849,56367,522,3
8961,6849,56367,529,4
8962,6849,56367,544,5
8963,6849,56367,547,4.5
8964,6849,56367,553,2
8965,6849,56367,574,4.5
8966,6849,56367,580,4
8967,6849,56367,587,3.5
8968,6849,56367,599,3.5
8969,6849,56367,610,4
8970,6849,56367,615,4
8971,6849,56367,623,3.5
8972,6849,56367,664,3
8973,6848,56339,48,4
8974,6848,56339,187,5
8975,6848,56339,212,4
8976,6848,56339,262,2.5
8977,6847,56336,353,1
8978,6846,56333,56,4
8979,6846,56333,547,3.5
8980,6845,56286,299,4
8981,6845,56286,384,2
8982,6845,56286,544,4.5
8983,6845,56286,547,3.5
8984,6844,56274,132,4
8985,6843,56251,73,3.5
8986,6843,56251,212,3
8987,6843,56251,298,5
8988,6843,56251,353,2.5
8989,6843,56251,362,4.5
8990,6843,56251,397,3
8991,6843,56251,480,5
8992,6843,56251,546,5
8993,6843,56251,624,3
8994,6842,56176,213,1.5
8995,6842,56176,475,0.5
8996,6842,56176,557,3.5
8997,6841,56174,15,1
8998,6841,56174,48,3
8999,6841,56174,56,2
9000,6841,56174,61,4.5
9001,6841,56174,72,3
9002,6841,56174,73,2.5
9003,6841,56174,78,4.5
9004,6841,56174,84,3
9005,6841,56174,94,2.5
9006,6841,56174,152,4
9007,6841,56174,157,2.5
9008,6841,56174,163,1.5
9009,6841,56174,169,4.5
9010,6841,56174,199,3.5
9011,6841,56174,200,4.5
9012,6841,56174,205,4
9013,6841,56174,212,3
9014,6841,56174,213,2
9015,6841,56174,234,3.5
9016,6841,56174,244,4.5
9017,6841,56174,250,4
9018,6841,56174,260,3
9019,6841,56174,316,3
9020,6841,56174,333,4
9021,6841,56174,353,2.5
9022,6841,56174,371,3.5
9023,6841,56174,380,4
9024,6841,56174,384,3.5
9025,6841,56174,426,4
9026,6841,56174,428,3
9027,6841,56174,457,1.5
9028,6841,56174,468,2.5
9029,6841,56174,475,2.5
9030,6841,56174,480,4
9031,6841,56174,481,3
9032,6841,56174,501,4
9033,6841,56174,580,2.5
9034,6841,56174,583,2.5
9035,6841,56174,620,3
9036,6841,56174,624,3
9037,6841,56174,627,4
9038,6841,56174,664,3.5
9039,6840,56171,61,4
9040,6840,56171,176,3
9041,6840,56171,205,4
9042,6840,56171,213,3
9043,6840,56171,382,2
9044,6839,56169,187,3.5
9045,6839,56169,199,4
9046,6838,56156,226,1.5
9047,6838,56156,384,3.5
9048,6838,56156,664,2.5
9049,6837,56152,149,4.5
9050,6837,56152,169,5
9051,6837,56152,176,3
9052,6837,56152,205,4
9053,6837,56152,212,3
9054,6837,56152,213,2.5
9055,6837,56152,296,5
9056,6837,56152,366,3
9057,6837,56152,402,4
9058,6837,56152,427,4.5
9059,6837,56152,468,3
9060,6837,56152,500,4
9061,6837,56152,547,4
9062,6837,56152,574,3.5
9063,6837,56152,580,3
9064,6836,56145,48,3.5
9065,6836,56145,73,4
9066,6836,56145,199,4
9067,6836,56145,250,3
9068,6836,56145,262,1.5
9069,6836,56145,475,4
9070,6836,56145,480,5
9071,6836,56145,664,4
9072,6835,56095,48,3
9073,6834,56079,299,1
9074,6833,56069,48,2.5
9075,6832,56030,61,3.5
9076,6830,56003,73,2.5
9077,6830,56003,299,4
9078,6830,56003,353,1.5
9079,6830,56003,380,3
9080,6829,55999,213,2.5
9081,6829,55999,500,4
9082,6828,55995,48,3
9083,6828,55995,73,2
9084,6828,55995,205,4
9085,6828,55995,213,1
9086,6828,55995,426,3.5
9087,6828,55995,584,2.5
9088,6828,55995,615,2
9089,6828,55995,624,2
9090,6826,55908,48,3.5
9091,6826,55908,199,4.5
9092,6826,55908,324,3
9093,6826,55908,380,4
9094,6826,55908,572,4
9095,6826,55908,664,4.5
9096,6825,55895,547,3.5
9097,6824,55872,212,2.5
9098,6824,55872,426,3.5
9099,6823,55851,547,3.5
9100,6822,55830,15,2.5
9101,6822,55830,61,2.5
9102,6822,55830,73,3.5
9103,6822,55830,388,3.5
9104,6822,55830,423,3.5
9105,6822,55830,468,1.5
9106,6822,55830,580,2.5
9107,6822,55830,624,3
9108,6821,55820,15,2
9109,6821,55820,26,3
9110,6821,55820,31,4
9111,6821,55820,40,4.5
9112,6821,55820,54,1.5
9113,6821,55820,56,5
9114,6821,55820,72,5
9115,6821,55820,73,4.5
9116,6821,55820,94,3
9117,6821,55820,97,4
9118,6821,55820,125,5
9119,6821,55820,134,4
9120,6821,55820,152,4
9121,6821,55820,157,4
9122,6821,55820,176,3
9123,6821,55820,199,4
9124,6821,55820,234,5
9125,6821,55820,250,4.5
9126,6821,55820,262,3.5
9127,6821,55820,268,5
9128,6821,55820,297,2
9129,6821,55820,299,4.5
9130,6821,55820,304,5
9131,6821,55820,307,4.5
9132,6821,55820,355,4
9133,6821,55820,380,4
9134,6821,55820,384,4
9135,6821,55820,388,4
9136,6821,55820,394,2
9137,6821,55820,423,5
9138,6821,55820,426,3
9139,6821,55820,427,4
9140,6821,55820,433,5
9141,6821,55820,457,5
9142,6821,55820,468,4.5
9143,6821,55820,475,4.5
9144,6821,55820,480,4.5
9145,6821,55820,481,5
9146,6821,55820,501,4
9147,6821,55820,544,4.5
9148,6821,55820,547,4.5
9149,6821,55820,553,4.5
9150,6821,55820,574,4.5
9151,6821,55820,580,4
9152,6821,55820,596,3.5
9153,6821,55820,610,3
9154,6821,55820,615,4
9155,6821,55820,648,3.5
9156,6821,55820,664,3.5
9157,6820,55814,48,4
9158,6820,55814,468,3.5
9159,6820,55814,505,3.5
9160,6820,55814,529,4.5
9161,6820,55814,544,4
9162,6819,55805,56,4
9163,6819,55805,73,2.5
9164,6819,55805,468,3
9165,6819,55805,547,3.5
9166,6819,55805,574,4
9167,6818,55768,48,3
9168,6818,55768,205,3.5
9169,6818,55768,287,3
9170,6818,55768,468,2.5
9171,6818,55768,475,1
9172,6818,55768,501,3.5
9173,6818,55768,624,3.5
9174,6817,55765,15,2
9175,6817,55765,26,2.5
9176,6817,55765,56,2
9177,6817,55765,72,3
9178,6817,55765,73,3.5
9179,6817,55765,156,5
9180,6817,55765,157,3.5
9181,6817,55765,199,3.5
9182,6817,55765,307,4
9183,6817,55765,353,3
9184,6817,55765,371,5
9185,6817,55765,380,4
9186,6817,55765,384,3.5
9187,6817,55765,480,2
9188,6817,55765,547,3
9189,6817,55765,570,3.5
9190,6817,55765,571,4.5
9191,6817,55765,574,4
9192,6817,55765,615,3
9193,6817,55765,624,4
9194,6817,55765,627,4
9195,6817,55765,664,3.5
9196,6816,55757,547,2.5
9197,6815,55732,366,2
9198,6814,55721,73,4.5
9199,6814,55721,157,3.5
9200,6814,55721,176,2.5
9201,6814,55721,334,4.5
9202,6814,55721,475,4
9203,6814,55721,481,4.5
9204,6814,55721,501,3.5
9205,6814,55721,648,4
9206,6813,55687,468,3
9207,6812,55684,157,3
9208,6811,55652,262,3
9209,6810,55577,73,3
9210,6810,55577,199,3.5
9211,6810,55577,205,0.5
9212,6810,55577,471,3.5
9213,6810,55577,501,3
9214,6810,55577,627,4
9215,6809,55566,61,4
9216,6808,55555,132,5
9217,6807,55498,371,3.5
9218,6806,55451,52,4
9219,6806,55451,212,3.5
9220,6806,55451,505,4.5
9221,6806,55451,599,4
9222,6806,55451,652,5
9223,6805,55444,48,4.5
9224,6805,55444,133,1.5
9225,6805,55444,356,0.5
9226,6805,55444,429,1.5
9227,6804,55442,15,2.5
9228,6804,55442,48,4.5
9229,6804,55442,132,5
9230,6804,55442,133,3
9231,6804,55442,178,3
9232,6804,55442,212,4.5
9233,6804,55442,304,5
9234,6804,55442,488,4.5
9235,6804,55442,580,4
9236,6803,55417,335,3
9237,6802,55363,199,3
9238,6802,55363,384,3.5
9239,6802,55363,571,3.5
9240,6801,55294,624,2.5
9241,6800,55290,73,4
9242,6800,55290,169,4.5
9243,6800,55290,199,4
9244,6800,55290,307,4
9245,6800,55290,355,4
9246,6800,55290,426,3
9247,6800,55290,427,4
9248,6800,55290,457,3
9249,6800,55290,468,3
9250,6800,55290,547,3.5
9251,6800,55290,574,4
9252,6800,55290,601,3.5
9253,6800,55290,627,4
9254,6800,55290,664,4.5
9255,6799,55282,205,3
9256,6799,55282,213,2
9257,6799,55282,268,2
9258,6799,55282,384,4
9259,6799,55282,524,4.5
9260,6799,55282,566,3.5
9261,6799,55282,580,3
9262,6798,55280,26,3.5
9263,6798,55280,31,4.5
9264,6798,55280,48,4
9265,6798,55280,98,3.5
9266,6798,55280,156,5
9267,6798,55280,179,5
9268,6798,55280,187,3
9269,6798,55280,262,3.5
9270,6798,55280,380,4
9271,6798,55280,382,3
9272,6798,55280,384,3.5
9273,6798,55280,468,3
9274,6798,55280,479,2
9275,6798,55280,580,4
9276,6798,55280,610,3.5
9277,6797,55276,15,3.5
9278,6797,55276,26,3.5
9279,6797,55276,96,4
9280,6797,55276,213,2
9281,6797,55276,380,4
9282,6797,55276,427,4.5
9283,6797,55276,468,3
9284,6797,55276,544,4.5
9285,6797,55276,547,5
9286,6797,55276,572,3.5
9287,6797,55276,574,4
9288,6797,55276,664,4.5
9289,6796,55274,255,4.5
9290,6796,55274,544,4.5
9291,6796,55274,620,4.5
9292,6795,55272,384,3.5
9293,6795,55272,426,4.5
9294,6794,55269,15,1
9295,6794,55269,72,3.5
9296,6794,55269,73,3.5
9297,6794,55269,88,1.5
9298,6794,55269,97,4.5
9299,6794,55269,132,5
9300,6794,55269,133,4
9301,6794,55269,230,5
9302,6794,55269,238,3
9303,6794,55269,262,5
9304,6794,55269,275,4.5
9305,6794,55269,457,2.5
9306,6794,55269,478,4.5
9307,6794,55269,481,4.5
9308,6794,55269,486,4
9309,6794,55269,505,4
9310,6794,55269,547,4
9311,6794,55269,574,3.5
9312,6794,55269,580,4
9313,6794,55269,606,4.5
9314,6794,55269,610,3.5
9315,6793,55267,212,4
9316,6793,55267,380,2.5
9317,6793,55267,382,4
9318,6793,55267,500,3
9319,6793,55267,527,5
9320,6793,55267,547,3
9321,6792,55261,384,3.5
9322,6792,55261,522,1
9323,6791,55259,213,2.5
9324,6790,55253,255,4
9325,6790,55253,547,4.5
9326,6789,55250,579,3.5
9327,6789,55250,624,2
9328,6788,55247,15,1
9329,6788,55247,26,4
9330,6788,55247,38,3.5
9331,6788,55247,48,4.5
9332,6788,55247,56,2
9333,6788,55247,72,3.5
9334,6788,55247,73,4
9335,6788,55247,133,3
9336,6788,55247,138,3.5
9337,6788,55247,149,4
9338,6788,55247,163,3.5
9339,6788,55247,200,4
9340,6788,55247,212,3
9341,6788,55247,238,3.5
9342,6788,55247,250,3.5
9343,6788,55247,303,4.5
9344,6788,55247,307,5
9345,6788,55247,378,3
9346,6788,55247,457,1.5
9347,6788,55247,478,5
9348,6788,55247,479,5
9349,6788,55247,480,1.5
9350,6788,55247,481,4.5
9351,6788,55247,501,4
9352,6788,55247,522,3.5
9353,6788,55247,544,4.5
9354,6788,55247,547,5
9355,6788,55247,574,4.5
9356,6788,55247,596,4
9357,6788,55247,615,3
9358,6788,55247,648,3.5
9359,6787,55245,73,3
9360,6787,55245,402,3.5
9361,6786,55232,73,2.5
9362,6786,55232,199,2.5
9363,6786,55232,205,3.5
9364,6786,55232,251,3.5
9365,6786,55232,380,3
9366,6786,55232,384,3
9367,6786,55232,475,1.5
9368,6786,55232,572,3.5
9369,6785,55207,73,4
9370,6784,55167,26,0.5
9371,6784,55167,176,3.5
9372,6784,55167,298,5
9373,6784,55167,394,0.5
9374,6783,55156,547,4
9375,6782,55118,26,2.5
9376,6782,55118,38,4.5
9377,6782,55118,56,2
9378,6782,55118,94,4
9379,6782,55118,96,4
9380,6782,55118,199,3.5
9381,6782,55118,270,4
9382,6782,55118,299,3.5
9383,6782,55118,307,4
9384,6782,55118,426,4.5
9385,6782,55118,457,3.5
9386,6782,55118,481,4
9387,6782,55118,494,4.5
9388,6782,55118,547,4
9389,6782,55118,574,4
9390,6782,55118,580,4
9391,6782,55118,615,3.5
9392,6782,55118,628,3
9393,6782,55118,664,3.5
9394,6781,55116,380,4
9395,6780,55110,212,3.5
9396,6780,55110,426,4
9397,6779,55100,599,4
9398,6778,55094,73,4
9399,6778,55094,427,4
9400,6778,55094,480,2
9401,6778,55094,664,4
9402,6777,55078,547,4
9403,6776,55071,468,3
9404,6775,55069,427,5
9405,6775,55069,529,4.5
9406,6775,55069,587,4.5
9407,6775,55069,628,3.5
9408,6774,55063,468,3.5
9409,6774,55063,547,5
9410,6773,55052,56,2
9411,6773,55052,73,4
9412,6773,55052,205,4
9413,6773,55052,255,4
9414,6773,55052,378,4.5
9415,6773,55052,426,4
9416,6773,55052,505,3.5
9417,6773,55052,547,4.5
9418,6773,55052,574,4
9419,6772,55031,380,4.5
9420,6771,54999,176,3.5
9421,6771,54999,200,4
9422,6771,54999,380,4
9423,6771,54999,655,4
9424,6770,54997,72,3.5
9425,6770,54997,73,4
9426,6770,54997,152,4
9427,6770,54997,199,4
9428,6770,54997,205,5
9429,6770,54997,234,4.5
9430,6770,54997,268,4
9431,6770,54997,307,4.5
9432,6770,54997,353,3.5
9433,6770,54997,380,4
9434,6770,54997,384,4
9435,6770,54997,423,4
9436,6770,54997,433,3.5
9437,6770,54997,480,4.5
9438,6770,54997,524,4.5
9439,6770,54997,571,4
9440,6770,54997,574,4
9441,6770,54997,584,5
9442,6770,54997,624,4
9443,6770,54997,628,1.5
9444,6769,54995,48,4
9445,6769,54995,73,3.5
9446,6769,54995,149,3
9447,6769,54995,199,4
9448,6769,54995,200,4
9449,6769,54995,205,4
9450,6769,54995,250,4
9451,6769,54995,262,3
9452,6769,54995,270,4.5
9453,6769,54995,299,4
9454,6769,54995,353,3
9455,6769,54995,384,3.5
9456,6769,54995,475,3
9457,6769,54995,664,4
9458,6768,54910,394,0.5
9459,6767,54881,15,4.5
9460,6767,54881,56,5
9461,6767,54881,275,5
9462,6767,54881,304,4.5
9463,6767,54881,423,4
9464,6767,54881,468,3
9465,6767,54881,480,4.5
9466,6767,54881,547,4
9467,6767,54881,580,3.5
9468,6766,54787,384,4
9469,6765,54785,299,4
9470,6764,54780,620,2.5
9471,6763,54775,212,3.5
9472,6762,54771,199,3
9473,6762,54771,213,3
9474,6761,54768,581,0.5
9475,6760,54745,73,3.5
9476,6759,54736,169,5
9477,6759,54736,353,3
9478,6759,54736,380,3.5
9479,6759,54736,632,4.5
9480,6758,54734,599,4.5
9481,6757,54732,91,3
9482,6757,54732,255,4
9483,6757,54732,457,1.5
9484,6756,54648,73,3
9485,6756,54648,213,2.5
9486,6756,54648,475,1.5
9487,6755,54513,547,4
9488,6754,54503,15,3.5
9489,6754,54503,26,2.5
9490,6754,54503,31,4
9491,6754,54503,48,3.5
9492,6754,54503,56,5
9493,6754,54503,72,3
9494,6754,54503,73,4
9495,6754,54503,91,4
9496,6754,54503,94,3
9497,6754,54503,97,4
9498,6754,54503,125,4
9499,6754,54503,149,3
9500,6754,54503,157,3.5
9501,6754,54503,178,4.5
9502,6754,54503,187,4.5
9503,6754,54503,212,2.5
9504,6754,54503,234,3
9505,6754,54503,244,4.5
9506,6754,54503,255,4
9507,6754,54503,262,2
9508,6754,54503,270,3.5
9509,6754,54503,297,4.5
9510,6754,54503,307,4
9511,6754,54503,353,3.5
9512,6754,54503,380,4.5
9513,6754,54503,423,3.5
9514,6754,54503,426,3
9515,6754,54503,433,5
9516,6754,54503,457,3
9517,6754,54503,475,3.5
9518,6754,54503,479,5
9519,6754,54503,480,4.5
9520,6754,54503,481,4
9521,6754,54503,486,4.5
9522,6754,54503,500,2.5
9523,6754,54503,519,5
9524,6754,54503,574,4
9525,6754,54503,580,3.5
9526,6754,54503,583,3
9527,6754,54503,599,4.5
9528,6754,54503,610,3
9529,6754,54503,615,3
9530,6754,54503,624,3.5
9531,6754,54503,664,4.5
9532,6753,54426,468,3.5
9533,6752,54419,468,3
9534,6751,54372,15,4.5
9535,6751,54372,480,5
9536,6751,54372,547,4
9537,6750,54331,73,4
9538,6750,54331,380,3.5
9539,6749,54328,93,5
9540,6748,54290,73,0.5
9541,6748,54290,428,0.5
9542,6747,54286,13,3.5
9543,6747,54286,15,2.5
9544,6747,54286,26,5
9545,6747,54286,54,4.5
9546,6747,54286,56,4
9547,6747,54286,62,4
9548,6747,54286,72,3
9549,6747,54286,73,3
9550,6747,54286,78,5
9551,6747,54286,84,4
9552,6747,54286,91,5
9553,6747,54286,101,4
9554,6747,54286,134,4.5
9555,6747,54286,150,4
9556,6747,54286,152,4
9557,6747,54286,157,3.5
9558,6747,54286,158,3.5
9559,6747,54286,169,4
9560,6747,54286,199,4
9561,6747,54286,200,4.5
9562,6747,54286,205,2.5
9563,6747,54286,212,3.5
9564,6747,54286,213,3
9565,6747,54286,228,5
9566,6747,54286,268,4.5
9567,6747,54286,287,5
9568,6747,54286,307,4
9569,6747,54286,316,4.5
9570,6747,54286,333,4.5
9571,6747,54286,339,3.5
9572,6747,54286,353,4
9573,6747,54286,355,4
9574,6747,54286,371,3
9575,6747,54286,378,0.5
9576,6747,54286,380,4
9577,6747,54286,384,3.5
9578,6747,54286,388,3.5
9579,6747,54286,394,4.5
9580,6747,54286,426,4
9581,6747,54286,446,5
9582,6747,54286,448,5
9583,6747,54286,457,2
9584,6747,54286,468,3
9585,6747,54286,475,4
9586,6747,54286,480,5
9587,6747,54286,481,5
9588,6747,54286,483,4
9589,6747,54286,494,4
9590,6747,54286,515,5
9591,6747,54286,544,4
9592,6747,54286,553,4
9593,6747,54286,566,5
9594,6747,54286,570,5
9595,6747,54286,574,4
9596,6747,54286,580,3
9597,6747,54286,584,5
9598,6747,54286,586,5
9599,6747,54286,613,3.5
9600,6747,54286,615,3.5
9601,6747,54286,624,3.5
9602,6747,54286,664,3.5
9603,6746,54281,106,5
9604,6746,54281,275,4
9605,6746,54281,380,3.5
9606,6746,54281,500,4
9607,6745,54276,213,3
9608,6745,54276,382,4
9609,6745,54276,402,4
9610,6744,54272,15,1
9611,6744,54272,48,2.5
9612,6744,54272,61,2.5
9613,6744,54272,72,3.5
9614,6744,54272,73,3
9615,6744,54272,78,4.5
9616,6744,54272,84,3
9617,6744,54272,91,4.5
9618,6744,54272,94,3
9619,6744,54272,187,3
9620,6744,54272,200,0.5
9621,6744,54272,205,4.5
9622,6744,54272,212,3.5
9623,6744,54272,234,3
9624,6744,54272,244,4
9625,6744,54272,316,3.5
9626,6744,54272,333,2.5
9627,6744,54272,355,4
9628,6744,54272,377,3.5
9629,6744,54272,380,3
9630,6744,54272,384,4
9631,6744,54272,388,4
9632,6744,54272,433,3.5
9633,6744,54272,442,4
9634,6744,54272,457,2
9635,6744,54272,471,4
9636,6744,54272,475,2.5
9637,6744,54272,481,3
9638,6744,54272,500,4
9639,6744,54272,531,3.5
9640,6744,54272,547,4.5
9641,6744,54272,580,4
9642,6744,54272,615,3.5
9643,6744,54272,620,2
9644,6744,54272,624,4
9645,6744,54272,627,4
9646,6744,54272,648,4.5
9647,6743,54270,426,1.5
9648,6742,54259,20,4
9649,6742,54259,68,3.5
9650,6742,54259,72,3
9651,6742,54259,76,3.5
9652,6742,54259,149,4
9653,6742,54259,169,5
9654,6742,54259,176,3
9655,6742,54259,205,5
9656,6742,54259,212,3.5
9657,6742,54259,213,5
9658,6742,54259,273,5
9659,6742,54259,371,4.5
9660,6742,54259,380,3.5
9661,6742,54259,426,2.5
9662,6742,54259,475,3
9663,6742,54259,481,3
9664,6742,54259,500,4.5
9665,6742,54259,503,5
9666,6742,54259,505,3
9667,6742,54259,563,4
9668,6742,54259,574,3.5
9669,6742,54259,599,4
9670,6742,54259,655,4
9671,6741,54256,56,5
9672,6741,54256,615,3
9673,6740,54251,652,5
9674,6739,54220,547,4
9675,6738,54190,73,2
9676,6738,54190,212,4.5
9677,6738,54190,268,3.5
9678,6738,54190,378,4
9679,6738,54190,475,3
9680,6737,54004,187,3.5
9681,6737,54004,205,1
9682,6737,54004,377,2.5
9683,6737,54004,380,2.5
9684,6737,54004,457,2
9685,6737,54004,473,5
9686,6737,54004,584,2.5
9687,6736,54001,15,2
9688,6736,54001,52,5
9689,6736,54001,56,4
9690,6736,54001,61,2.5
9691,6736,54001,72,2.5
9692,6736,54001,73,3.5
9693,6736,54001,78,4
9694,6736,54001,84,3.5
9695,6736,54001,88,4
9696,6736,54001,133,4
9697,6736,54001,152,4
9698,6736,54001,169,3.5
9699,6736,54001,187,3.5
9700,6736,54001,212,2.5
9701,6736,54001,213,3.5
9702,6736,54001,244,5
9703,6736,54001,255,3
9704,6736,54001,275,5
9705,6736,54001,303,4
9706,6736,54001,316,4
9707,6736,54001,324,3.5
9708,6736,54001,333,4
9709,6736,54001,382,4
9710,6736,54001,384,3
9711,6736,54001,402,4
9712,6736,54001,426,4
9713,6736,54001,475,3.5
9714,6736,54001,478,4.5
9715,6736,54001,479,4
9716,6736,54001,480,5
9717,6736,54001,481,4
9718,6736,54001,500,3
9719,6736,54001,524,4.5
9720,6736,54001,542,2
9721,6736,54001,553,4
9722,6736,54001,580,3
9723,6736,54001,599,5
9724,6736,54001,660,4.5
9725,6735,53999,384,2.5
9726,6734,53996,15,4
9727,6734,53996,48,3.5
9728,6734,53996,61,5
9729,6734,53996,72,2
9730,6734,53996,73,2.5
9731,6734,53996,94,2.5
9732,6734,53996,106,4
9733,6734,53996,157,2.5
9734,6734,53996,199,4
9735,6734,53996,200,2
9736,6734,53996,212,3.5
9737,6734,53996,213,3.5
9738,6734,53996,244,3.5
9739,6734,53996,250,5
9740,6734,53996,270,2.5
9741,6734,53996,324,2.5
9742,6734,53996,371,2
9743,6734,53996,380,3
9744,6734,53996,384,4.5
9745,6734,53996,402,3.5
9746,6734,53996,426,3.5
9747,6734,53996,433,3
9748,6734,53996,475,3
9749,6734,53996,553,4
9750,6734,53996,563,3
9751,6734,53996,574,3
9752,6734,53996,580,0.5
9753,6734,53996,584,5
9754,6734,53996,615,3
9755,6734,53996,624,2
9756,6734,53996,664,4.5
9757,6733,53993,205,2
9758,6733,53993,213,1
9759,6733,53993,377,3
9760,6733,53993,475,0.5
9761,6733,53993,584,1.5
9762,6732,53974,377,2
9763,6732,53974,473,3.5
9764,6731,53972,15,3
9765,6731,53972,26,3
9766,6731,53972,72,3
9767,6731,53972,73,3
9768,6731,53972,104,4
9769,6731,53972,169,5
9770,6731,53972,199,3
9771,6731,53972,212,3
9772,6731,53972,213,3.5
9773,6731,53972,251,4.5
9774,6731,53972,290,4.5
9775,6731,53972,339,4
9776,6731,53972,353,3.5
9777,6731,53972,371,4.5
9778,6731,53972,380,4
9779,6731,53972,384,3.5
9780,6731,53972,426,3
9781,6731,53972,468,1.5
9782,6731,53972,475,2.5
9783,6731,53972,480,2.5
9784,6731,53972,547,3.5
9785,6731,53972,553,3.5
9786,6731,53972,570,5
9787,6731,53972,584,3
9788,6731,53972,664,4
9789,6730,53956,199,3.5
9790,6730,53956,212,4.5
9791,6730,53956,213,2
9792,6730,53956,230,5
9793,6730,53956,353,3.5
9794,6730,53956,426,2
9795,6730,53956,623,5
9796,6729,53953,134,5
9797,6729,53953,199,3.5
9798,6729,53953,205,4
9799,6729,53953,250,4
9800,6729,53953,262,0.5
9801,6729,53953,268,3.5
9802,6729,53953,571,4.5
9803,6728,53894,15,2.5
9804,6728,53894,48,4
9805,6728,53894,77,0.5
9806,6728,53894,176,2.5
9807,6728,53894,234,3.5
9808,6728,53894,353,2.5
9809,6728,53894,380,2.5
9810,6728,53894,388,4.5
9811,6728,53894,457,2
9812,6728,53894,468,2.5
9813,6728,53894,627,4
9814,6728,53894,648,4
9815,6727,53887,547,5
9816,6726,53883,48,4
9817,6726,53883,304,5
9818,6725,53737,394,0.5
9819,6724,53550,73,4
9820,6724,53550,353,3.5
9821,6724,53550,380,2.5
9822,6724,53550,450,5
9823,6724,53550,468,3
9824,6724,53550,544,4
9825,6723,53519,48,3
9826,6723,53519,72,3.5
9827,6723,53519,73,3.5
9828,6723,53519,149,4.5
9829,6723,53519,157,3.5
9830,6723,53519,187,3.5
9831,6723,53519,199,3
9832,6723,53519,270,4.5
9833,6723,53519,299,4.5
9834,6723,53519,304,4.5
9835,6723,53519,457,2.5
9836,6723,53519,475,3
9837,6723,53519,664,3.5
9838,6722,53468,73,4
9839,6722,53468,134,4.5
9840,6722,53468,157,3
9841,6721,53466,213,2.5
9842,6720,53464,15,1.5
9843,6720,53464,61,2.5
9844,6720,53464,157,2
9845,6720,53464,205,2
9846,6720,53464,213,2.5
9847,6720,53464,384,3
9848,6720,53464,475,0.5
9849,6720,53464,624,1.5
9850,6719,53460,48,3
9851,6719,53460,475,2.5
9852,6718,53447,81,3.5
9853,6718,53447,299,4.5
9854,6717,53435,262,2
9855,6717,53435,299,4
9856,6717,53435,384,3.5
9857,6716,53326,48,2
9858,6715,53322,15,3.5
9859,6715,53322,61,4
9860,6715,53322,72,2.5
9861,6715,53322,73,2
9862,6715,53322,200,4.5
9863,6715,53322,212,2.5
9864,6715,53322,365,4
9865,6715,53322,371,3.5
9866,6715,53322,384,3
9867,6715,53322,402,3
9868,6715,53322,457,2
9869,6715,53322,468,2.5
9870,6715,53322,475,3.5
9871,6715,53322,500,4
9872,6715,53322,522,3.5
9873,6715,53322,523,3.5
9874,6715,53322,544,4
9875,6715,53322,547,3
9876,6715,53322,572,4
9877,6715,53322,574,3
9878,6715,53322,611,3.5
9879,6715,53322,615,2.5
9880,6715,53322,624,3
9881,6715,53322,627,3.5
9882,6715,53322,643,3
9883,6714,53318,73,4.5
9884,6714,53318,157,4
9885,6714,53318,187,4.5
9886,6714,53318,378,3.5
9887,6714,53318,380,3
9888,6713,53207,199,3.5
9889,6713,53207,213,3
9890,6712,53189,132,4
9891,6711,53138,652,4
9892,6710,53133,547,2.5
9893,6709,53129,26,4.5
9894,6709,53129,199,4
9895,6709,53129,353,3
9896,6709,53129,380,4.5
9897,6709,53129,615,4
9898,6708,53125,56,2
9899,6708,53125,61,1
9900,6708,53125,72,3
9901,6708,53125,73,3
9902,6708,53125,84,3.5
9903,6708,53125,104,3.5
9904,6708,53125,176,3.5
9905,6708,53125,179,5
9906,6708,53125,200,2
9907,6708,53125,212,4
9908,6708,53125,213,2.5
9909,6708,53125,250,4
9910,6708,53125,251,4
9911,6708,53125,339,4
9912,6708,53125,371,4
9913,6708,53125,377,2.5
9914,6708,53125,384,3.5
9915,6708,53125,388,3.5
9916,6708,53125,426,4.5
9917,6708,53125,468,2
9918,6708,53125,475,2
9919,6708,53125,478,4
9920,6708,53125,483,2.5
9921,6708,53125,500,4
9922,6708,53125,515,4.5
9923,6708,53125,553,4
9924,6708,53125,581,2
9925,6708,53125,584,3.5
9926,6708,53125,599,4
9927,6708,53125,611,4
9928,6708,53125,624,2
9929,6708,53125,627,2.5
9930,6708,53125,664,4
9931,6707,53123,56,4
9932,6707,53123,117,5
9933,6707,53123,133,3.5
9934,6707,53123,169,3
9935,6707,53123,382,4
9936,6707,53123,481,4
9937,6707,53123,500,2
9938,6707,53123,501,5
9939,6707,53123,505,3.5
9940,6707,53123,529,4.5
9941,6707,53123,547,4
9942,6706,53121,48,2.5
9943,6706,53121,61,3
9944,6706,53121,73,2
9945,6706,53121,169,5
9946,6706,53121,200,4
9947,6706,53121,205,3
9948,6706,53121,212,3
9949,6706,53121,213,2.5
9950,6706,53121,250,4.5
9951,6706,53121,384,2.5
9952,6706,53121,442,4.5
9953,6706,53121,475,0.5
9954,6706,53121,531,3.5
9955,6705,53038,394,0.5
9956,6704,53024,529,4
9957,6704,53024,547,4.5
9958,6703,53000,72,3.5
9959,6703,53000,73,3.5
9960,6703,53000,134,4.5
9961,6703,53000,199,3
9962,6703,53000,250,3
9963,6703,53000,262,1.5
9964,6703,53000,268,3.5
9965,6703,53000,380,3
9966,6703,53000,445,2.5
9967,6703,53000,475,4
9968,6703,53000,480,4
9969,6703,53000,544,4
9970,6703,53000,547,4
9971,6703,53000,615,4
9972,6702,52975,212,3.5
9973,6702,52975,250,4
9974,6702,52975,270,4
9975,6702,52975,331,5
9976,6702,52975,377,3
9977,6702,52975,382,3.5
9978,6702,52975,547,3.5
9979,6702,52975,599,4
9980,6702,52975,624,3.5
9981,6701,52973,15,3.5
9982,6701,52973,61,4.5
9983,6701,52973,72,2.5
9984,6701,52973,73,3
9985,6701,52973,88,3
9986,6701,52973,125,4.5
9987,6701,52973,187,5
9988,6701,52973,205,3
9989,6701,52973,270,3.5
9990,6701,52973,297,3
9991,6701,52973,380,3
9992,6701,52973,384,3.5
9993,6701,52973,402,3.5
9994,6701,52973,426,2
9995,6701,52973,433,3.5
9996,6701,52973,457,3
9997,6701,52973,475,3
9998,6701,52973,547,3
9999,6701,52973,553,4
10000,6701,52973,571,4.5
10001,6701,52973,580,3.5
10002,6701,52973,584,3
10003,6701,52973,615,2.5
10004,6701,52973,664,4
10005,6700,52967,468,3.5
10006,6700,52967,505,3
10007,6700,52967,529,4
10008,6700,52967,547,4
10009,6699,52952,26,4
10010,6699,52952,73,4
10011,6699,52952,78,5
10012,6699,52952,157,4
10013,6699,52952,307,4.5
10014,6699,52952,480,3
10015,6699,52952,623,4.5
10016,6699,52952,627,4
10017,6699,52952,648,4.5
10018,6698,52950,213,4
10019,6697,52913,547,4
10020,6696,52885,81,4
10021,6696,52885,132,5
10022,6696,52885,157,4.5
10023,6696,52885,213,3.5
10024,6696,52885,257,4
10025,6696,52885,297,5
10026,6696,52885,352,3.5
10027,6696,52885,423,5
10028,6696,52885,580,3
10029,6696,52885,601,4
10030,6696,52885,615,3.5
10031,6695,52831,299,4
10032,6694,52767,78,5
10033,6694,52767,468,4.5
10034,6694,52767,547,4.5
10035,6694,52767,587,4.5
10036,6694,52767,628,4
10037,6693,52730,624,2.5
10038,6692,52722,15,1.5
10039,6692,52722,48,3
10040,6692,52722,72,1.5
10041,6692,52722,73,2
10042,6692,52722,169,4.5
10043,6692,52722,205,3.5
10044,6692,52722,212,2
10045,6692,52722,213,2
10046,6692,52722,244,3.5
10047,6692,52722,287,5
10048,6692,52722,378,0.5
10049,6692,52722,384,4.5
10050,6692,52722,426,4
10051,6692,52722,433,3.5
10052,6692,52722,457,0.5
10053,6692,52722,475,1
10054,6692,52722,547,2.5
10055,6692,52722,572,3.5
10056,6692,52722,574,2.5
10057,6692,52722,580,4
10058,6692,52722,615,1.5
10059,6692,52722,624,3
10060,6692,52722,664,3
10061,6691,52717,384,3.5
10062,6690,52712,213,3
10063,6689,52694,91,3.5
10064,6689,52694,475,1
10065,6688,52668,88,4.5
10066,6687,52666,262,2.5
10067,6687,52666,423,4
10068,6687,52666,468,2.5
10069,6687,52666,481,4.5
10070,6686,52644,384,3
10071,6686,52644,471,2.5
10072,6686,52644,664,3
10073,6685,52617,81,5
10074,6684,52606,199,4
10075,6684,52606,524,4
10076,6684,52606,615,2.5
10077,6683,52604,15,2
10078,6683,52604,26,4
10079,6683,52604,73,4.5
10080,6683,52604,213,3
10081,6683,52604,226,3
10082,6683,52604,664,4.5
10083,6682,52579,176,3.5
10084,6681,52545,52,4
10085,6680,52528,81,4
10086,6679,52462,73,3.5
10087,6679,52462,571,4
10088,6678,52460,384,2
10089,6677,52458,48,3
10090,6677,52458,73,3
10091,6677,52458,169,3.5
10092,6677,52458,213,3.5
10093,6677,52458,384,3.5
10094,6677,52458,501,4
10095,6677,52458,553,4
10096,6677,52458,572,3.5
10097,6677,52458,584,5
10098,6677,52458,664,3.5
10099,6676,52456,213,3.5
10100,6675,52435,56,4
10101,6675,52435,178,3
10102,6675,52435,212,3
10103,6675,52435,213,3
10104,6675,52435,268,5
10105,6675,52435,324,4.5
10106,6675,52435,380,4
10107,6675,52435,442,4
10108,6675,52435,468,3.5
10109,6675,52435,500,4.5
10110,6675,52435,547,4
10111,6675,52435,580,4
10112,6675,52435,587,4
10113,6674,52378,547,2.5
10114,6673,52328,15,1.5
10115,6673,52328,48,2.5
10116,6673,52328,73,3.5
10117,6673,52328,157,3
10118,6673,52328,199,3
10119,6673,52328,270,3.5
10120,6673,52328,480,5
10121,6673,52328,544,4
10122,6673,52328,574,3.5
10123,6673,52328,615,4
10124,6673,52328,664,4
10125,6672,52319,48,4
10126,6672,52319,660,4
10127,6671,52287,48,3
10128,6671,52287,213,3.5
10129,6671,52287,366,4
10130,6671,52287,380,3.5
10131,6671,52287,382,3
10132,6671,52287,402,4
10133,6671,52287,457,1
10134,6671,52287,500,4.5
10135,6670,52281,48,3.5
10136,6670,52281,72,3.5
10137,6670,52281,73,3.5
10138,6670,52281,149,3.5
10139,6670,52281,187,3.5
10140,6670,52281,199,3
10141,6670,52281,200,3.5
10142,6670,52281,205,5
10143,6670,52281,270,4.5
10144,6670,52281,304,5
10145,6670,52281,380,3
10146,6670,52281,384,3.5
10147,6670,52281,423,3
10148,6670,52281,426,4.5
10149,6670,52281,475,3
10150,6670,52281,574,3
10151,6670,52281,615,3.5
10152,6670,52281,664,4
10153,6669,52245,15,1.5
10154,6669,52245,56,4
10155,6669,52245,73,3
10156,6669,52245,187,2.5
10157,6669,52245,205,3.5
10158,6669,52245,380,3
10159,6669,52245,442,4
10160,6669,52245,457,2
10161,6669,52245,475,3
10162,6669,52245,486,3
10163,6669,52245,546,5
10164,6669,52245,561,4
10165,6669,52245,584,2.5
10166,6669,52245,624,3
10167,6668,52241,468,3
10168,6668,52241,547,4
10169,6667,51939,475,2
10170,6666,51937,73,2.5
10171,6665,51935,78,5
10172,6665,51935,169,5
10173,6665,51935,213,4
10174,6665,51935,384,3.5
10175,6665,51935,475,3
10176,6665,51935,553,5
10177,6665,51935,664,4
10178,6664,51931,73,4
10179,6663,51927,584,3
10180,6662,51925,213,2
10181,6662,51925,226,3.5
10182,6661,51884,382,2
10183,6661,51884,388,3.5
10184,6661,51884,427,3.5
10185,6661,51884,547,3
10186,6660,51834,212,2.5
10187,6660,51834,599,4
10188,6659,51773,547,3
10189,6658,51709,580,4
10190,6658,51709,664,4
10191,6657,51705,88,4.5
10192,6657,51705,382,2
10193,6657,51705,623,4
10194,6656,51698,213,3
10195,6655,51662,15,2
10196,6655,51662,26,4
10197,6655,51662,29,4.5
10198,6655,51662,48,4
10199,6655,51662,56,2
10200,6655,51662,72,3
10201,6655,51662,73,3
10202,6655,51662,78,5
10203,6655,51662,89,5
10204,6655,51662,94,4
10205,6655,51662,104,4
10206,6655,51662,146,3
10207,6655,51662,149,3.5
10208,6655,51662,157,3.5
10209,6655,51662,176,3
10210,6655,51662,178,3
10211,6655,51662,199,3.5
10212,6655,51662,205,4
10213,6655,51662,212,3.5
10214,6655,51662,251,4
10215,6655,51662,268,4.5
10216,6655,51662,270,4.5
10217,6655,51662,316,4
10218,6655,51662,353,4.5
10219,6655,51662,355,3.5
10220,6655,51662,371,4
10221,6655,51662,380,4.5
10222,6655,51662,384,3.5
10223,6655,51662,402,3.5
10224,6655,51662,426,4
10225,6655,51662,427,1
10226,6655,51662,428,3
10227,6655,51662,438,4
10228,6655,51662,442,4
10229,6655,51662,457,2.5
10230,6655,51662,471,4
10231,6655,51662,475,4
10232,6655,51662,480,3.5
10233,6655,51662,481,3
10234,6655,51662,500,2
10235,6655,51662,501,4
10236,6655,51662,524,4
10237,6655,51662,527,2
10238,6655,51662,542,3.5
10239,6655,51662,544,4
10240,6655,51662,547,3
10241,6655,51662,553,5
10242,6655,51662,561,4.5
10243,6655,51662,563,3.5
10244,6655,51662,571,4
10245,6655,51662,580,3
10246,6655,51662,584,3
10247,6655,51662,615,4
10248,6655,51662,620,1.5
10249,6655,51662,623,4
10250,6655,51662,624,3
10251,6655,51662,627,4.5
10252,6655,51662,648,2.5
10253,6655,51662,664,4
10254,6654,51575,213,2.5
10255,6654,51575,475,0.5
10256,6653,51540,15,5
10257,6653,51540,40,4.5
10258,6653,51540,48,3
10259,6653,51540,56,4
10260,6653,51540,72,3
10261,6653,51540,73,4
10262,6653,51540,187,4.5
10263,6653,51540,213,2
10264,6653,51540,380,3.5
10265,6653,51540,423,4.5
10266,6653,51540,433,4.5
10267,6653,51540,468,3.5
10268,6653,51540,475,4
10269,6653,51540,480,3.5
10270,6653,51540,544,4.5
10271,6653,51540,547,4
10272,6653,51540,574,4
10273,6653,51540,580,4
10274,6653,51540,624,4
10275,6653,51540,664,4.5
10276,6652,51471,20,5
10277,6651,51418,427,1
10278,6650,51412,205,4
10279,6650,51412,213,4.5
10280,6650,51412,480,4.5
10281,6650,51412,624,1
10282,6650,51412,664,3.5
10283,6649,51380,299,4
10284,6648,51372,207,0.5
10285,6648,51372,557,3
10286,6647,51357,199,4
10287,6646,51304,262,0.5
10288,6645,51277,73,4.5
10289,6645,51277,580,4.5
10290,6644,51255,15,1.5
10291,6644,51255,26,3.5
10292,6644,51255,40,5
10293,6644,51255,48,3.5
10294,6644,51255,56,5
10295,6644,51255,72,3
10296,6644,51255,73,2.5
10297,6644,51255,105,1.5
10298,6644,51255,134,4
10299,6644,51255,157,3
10300,6644,51255,159,3.5
10301,6644,51255,199,4
10302,6644,51255,212,4
10303,6644,51255,213,2
10304,6644,51255,228,5
10305,6644,51255,244,3.5
10306,6644,51255,262,3
10307,6644,51255,270,5
10308,6644,51255,273,4.5
10309,6644,51255,307,4
10310,6644,51255,316,4
10311,6644,51255,353,3.5
10312,6644,51255,380,3
10313,6644,51255,384,4.5
10314,6644,51255,423,4.5
10315,6644,51255,426,3.5
10316,6644,51255,427,4
10317,6644,51255,475,3.5
10318,6644,51255,479,3
10319,6644,51255,480,5
10320,6644,51255,519,4
10321,6644,51255,553,4
10322,6644,51255,563,4
10323,6644,51255,574,3.5
10324,6644,51255,580,4
10325,6644,51255,584,5
10326,6644,51255,613,3.5
10327,6644,51255,615,4
10328,6644,51255,624,4.5
10329,6644,51255,627,4
10330,6644,51255,648,4.5
10331,6644,51255,664,3.5
10332,6643,51207,262,2.5
10333,6642,51174,187,4
10334,6641,51127,428,4.5
10335,6640,51094,52,3.5
10336,6639,51091,380,4
10337,6638,51088,380,4
10338,6637,51086,106,4.5
10339,6637,51086,205,3.5
10340,6637,51086,250,4.5
10341,6637,51086,423,1
10342,6637,51086,475,2
10343,6636,51084,11,4
10344,6636,51084,200,1
10345,6636,51084,205,4.5
10346,6636,51084,238,2
10347,6636,51084,382,2
10348,6636,51084,402,4
10349,6636,51084,480,4.5
10350,6636,51084,523,3.5
10351,6635,51080,15,4.5
10352,6635,51080,212,4
10353,6635,51080,380,4
10354,6635,51080,468,3.5
10355,6635,51080,547,3.5
10356,6634,51077,212,2.5
10357,6634,51077,213,2.5
10358,6634,51077,384,2.5
10359,6634,51077,423,1.5
10360,6634,51077,475,0.5
10361,6634,51077,561,4
10362,6634,51077,572,2.5
10363,6633,51044,468,4
10364,6632,50954,255,3.5
10365,6632,50954,599,4
10366,6631,50923,353,3
10367,6631,50923,571,3
10368,6630,50912,299,4
10369,6630,50912,378,3.5
10370,6630,50912,468,3
10371,6630,50912,481,4
10372,6629,50872,15,3.5
10373,6629,50872,26,5
10374,6629,50872,31,4.5
10375,6629,50872,46,5
10376,6629,50872,48,3.5
10377,6629,50872,52,3.5
10378,6629,50872,56,4
10379,6629,50872,61,4
10380,6629,50872,72,4
10381,6629,50872,73,3
10382,6629,50872,88,4
10383,6629,50872,93,3.5
10384,6629,50872,94,3
10385,6629,50872,132,4
10386,6629,50872,149,3.5
10387,6629,50872,152,3.5
10388,6629,50872,169,5
10389,6629,50872,200,4.5
10390,6629,50872,205,5
10391,6629,50872,213,4
10392,6629,50872,238,4
10393,6629,50872,250,4
10394,6629,50872,275,5
10395,6629,50872,277,4
10396,6629,50872,287,4
10397,6629,50872,314,2.5
10398,6629,50872,316,3
10399,6629,50872,365,4
10400,6629,50872,366,3
10401,6629,50872,382,5
10402,6629,50872,384,4
10403,6629,50872,388,4.5
10404,6629,50872,397,3.5
10405,6629,50872,402,4
10406,6629,50872,426,3
10407,6629,50872,433,4
10408,6629,50872,442,4
10409,6629,50872,468,4
10410,6629,50872,473,5
10411,6629,50872,475,4.5
10412,6629,50872,480,3.5
10413,6629,50872,481,4.5
10414,6629,50872,501,4
10415,6629,50872,503,4
10416,6629,50872,505,3
10417,6629,50872,519,3.5
10418,6629,50872,526,4.5
10419,6629,50872,542,5
10420,6629,50872,574,4
10421,6629,50872,580,4
10422,6629,50872,584,5
10423,6629,50872,600,4.5
10424,6629,50872,610,3.5
10425,6629,50872,612,3.5
10426,6629,50872,615,3.5
10427,6629,50872,620,5
10428,6629,50872,623,4
10429,6629,50872,624,3
10430,6629,50872,625,4
10431,6628,50851,15,3.5
10432,6628,50851,26,3.5
10433,6628,50851,304,4.5
10434,6628,50851,457,3.5
10435,6627,50842,481,4
10436,6626,50806,73,1
10437,6626,50806,91,2
10438,6625,50804,226,1.5
10439,6625,50804,429,3
10440,6624,50802,213,2.5
10441,6624,50802,226,4
10442,6623,50798,73,1
10443,6623,50798,384,2
10444,6622,50794,73,2.5
10445,6622,50794,267,4
10446,6622,50794,380,3.5
10447,6622,50794,384,4
10448,6621,50792,624,2.5
10449,6620,50742,78,5
10450,6620,50742,468,4
10451,6620,50742,587,4.5
10452,6619,50740,78,5
10453,6619,50740,468,4
10454,6619,50740,587,4.5
10455,6618,50703,333,5
10456,6617,50685,117,4
10457,6617,50685,380,3.5
10458,6617,50685,547,3
10459,6616,50658,78,5
10460,6616,50658,468,4
10461,6616,50658,547,4
10462,6616,50658,587,4.5
10463,6615,50651,73,3
10464,6614,50641,73,5
10465,6614,50641,423,4.5
10466,6613,50601,48,4
10467,6613,50601,213,1.5
10468,6613,50601,580,3.5
10469,6613,50601,624,1.5
10470,6612,50583,48,3
10471,6611,50514,56,4
10472,6610,50445,480,3.5
10473,6609,50442,384,2
10474,6608,50259,468,4
10475,6607,50245,547,4.5
10476,6606,50189,384,2.5
10477,6606,50189,557,4
10478,6606,50189,584,2.5
10479,6605,50162,213,3
10480,6604,50160,505,4
10481,6603,50147,384,2
10482,6602,50068,3,4.5
10483,6602,50068,94,3.5
10484,6602,50068,152,4
10485,6602,50068,176,5
10486,6602,50068,205,4.5
10487,6602,50068,307,4.5
10488,6602,50068,362,3
10489,6602,50068,472,4
10490,6602,50068,475,3
10491,6602,50068,494,4.5
10492,6602,50068,624,4
10493,6601,50064,624,3
10494,6600,50011,299,4.5
10495,6599,50005,580,2
10496,6599,50005,624,2.5
10497,6598,49961,388,3.5
10498,6598,49961,547,3.5
10499,6597,49957,212,4.5
10500,6597,49957,623,5
10501,6597,49957,652,4
10502,6596,49932,299,3.5
10503,6596,49932,468,3.5
10504,6596,49932,664,2.5
10505,6594,49910,547,2.5
10506,6593,49902,299,4
10507,6592,49824,388,2.5
10508,6592,49824,427,4
10509,6592,49824,468,2
10510,6592,49824,547,4.5
10511,6591,49822,212,2.5
10512,6591,49822,380,4
10513,6591,49822,388,3.5
10514,6591,49822,426,3.5
10515,6591,49822,547,3
10516,6591,49822,624,3
10517,6590,49817,73,4
10518,6589,49772,212,3.5
10519,6589,49772,505,3
10520,6589,49772,523,4
10521,6589,49772,547,3.5
10522,6588,49688,624,4
10523,6587,49651,73,3
10524,6587,49651,333,4.5
10525,6587,49651,475,4.5
10526,6587,49651,522,2
10527,6587,49651,561,4
10528,6586,49649,73,2.5
10529,6586,49649,176,2
10530,6586,49649,213,3.5
10531,6586,49649,380,2
10532,6586,49649,384,2
10533,6586,49649,426,3.5
10534,6586,49649,475,0.5
10535,6586,49649,562,2.5
10536,6586,49649,624,1
10537,6585,49647,377,3.5
10538,6585,49647,382,3.5
10539,6584,49530,26,4
10540,6584,49530,38,4
10541,6584,49530,46,5
10542,6584,49530,62,3.5
10543,6584,49530,73,3.5
10544,6584,49530,76,3.5
10545,6584,49530,79,3.5
10546,6584,49530,150,4.5
10547,6584,49530,152,4.5
10548,6584,49530,169,5
10549,6584,49530,200,4.5
10550,6584,49530,205,4.5
10551,6584,49530,212,4
10552,6584,49530,275,4.5
10553,6584,49530,307,4
10554,6584,49530,353,4
10555,6584,49530,371,4
10556,6584,49530,380,4
10557,6584,49530,384,3
10558,6584,49530,442,4
10559,6584,49530,475,4
10560,6584,49530,479,5
10561,6584,49530,480,5
10562,6584,49530,483,4
10563,6584,49530,547,3.5
10564,6584,49530,553,4
10565,6584,49530,574,4
10566,6584,49530,580,4
10567,6584,49530,583,3.5
10568,6584,49530,584,4
10569,6584,49530,610,3.5
10570,6584,49530,612,4.5
10571,6584,49530,615,3.5
10572,6584,49530,624,3
10573,6584,49530,627,4
10574,6584,49530,648,4
10575,6584,49530,664,4.5
10576,6583,49528,73,2.5
10577,6583,49528,384,2
10578,6582,49526,73,2.5
10579,6582,49526,402,3.5
10580,6581,49396,380,4
10581,6581,49396,475,3
10582,6581,49396,522,3
10583,6581,49396,561,4
10584,6580,49394,406,3.5
10585,6580,49394,468,3.5
10586,6579,49314,384,3.5
10587,6578,49299,481,4
10588,6577,49286,15,2.5
10589,6577,49286,149,4
10590,6577,49286,212,2.5
10591,6577,49286,213,3
10592,6577,49286,238,2.5
10593,6577,49286,382,3
10594,6577,49286,384,4
10595,6577,49286,500,4
10596,6577,49286,505,3.5
10597,6577,49286,547,2
10598,6577,49286,572,3.5
10599,6577,49286,599,4
10600,6577,49286,652,4
10601,6576,49284,380,3.5
10602,6575,49280,187,5
10603,6574,49278,15,2.5
10604,6574,49278,26,3
10605,6574,49278,48,3.5
10606,6574,49278,73,3
10607,6574,49278,169,3.5
10608,6574,49278,213,4
10609,6574,49278,226,4
10610,6574,49278,380,4
10611,6574,49278,384,3.5
10612,6574,49278,475,2.5
10613,6574,49278,480,4.5
10614,6574,49278,624,3
10615,6574,49278,664,4
10616,6573,49274,213,1.5
10617,6573,49274,442,4
10618,6573,49274,475,1
10619,6572,49272,15,4
10620,6572,49272,26,4
10621,6572,49272,40,4.5
10622,6572,49272,56,5
10623,6572,49272,72,3
10624,6572,49272,73,4
10625,6572,49272,78,3.5
10626,6572,49272,89,4
10627,6572,49272,93,3.5
10628,6572,49272,125,4
10629,6572,49272,134,4.5
10630,6572,49272,146,3.5
10631,6572,49272,152,4
10632,6572,49272,157,3.5
10633,6572,49272,179,2
10634,6572,49272,199,4.5
10635,6572,49272,200,3
10636,6572,49272,205,3.5
10637,6572,49272,212,4
10638,6572,49272,255,5
10639,6572,49272,257,4
10640,6572,49272,267,4
10641,6572,49272,268,5
10642,6572,49272,275,5
10643,6572,49272,307,4
10644,6572,49272,316,4
10645,6572,49272,353,4
10646,6572,49272,355,4
10647,6572,49272,380,4
10648,6572,49272,384,4
10649,6572,49272,394,3
10650,6572,49272,426,4
10651,6572,49272,428,3
10652,6572,49272,430,5
10653,6572,49272,457,1.5
10654,6572,49272,458,3.5
10655,6572,49272,468,3
10656,6572,49272,472,4
10657,6572,49272,473,4.5
10658,6572,49272,475,5
10659,6572,49272,480,3.5
10660,6572,49272,481,3.5
10661,6572,49272,494,4
10662,6572,49272,503,3.5
10663,6572,49272,505,3
10664,6572,49272,524,3.5
10665,6572,49272,544,4
10666,6572,49272,553,4
10667,6572,49272,561,4.5
10668,6572,49272,570,5
10669,6572,49272,574,4
10670,6572,49272,580,3
10671,6572,49272,584,4
10672,6572,49272,586,2.5
10673,6572,49272,587,4
10674,6572,49272,613,4
10675,6572,49272,615,4.5
10676,6572,49272,624,4.5
10677,6572,49272,627,4
10678,6572,49272,660,4.5
10679,6572,49272,664,3.5
10680,6571,49265,648,4
10681,6570,49225,468,3.5
10682,6569,49220,547,3.5
10683,6569,49220,624,2.5
10684,6568,49132,427,4
10685,6568,49132,472,4
10686,6568,49132,547,4
10687,6567,49013,562,1
10688,6566,48997,48,4
10689,6566,48997,54,2
10690,6566,48997,176,3.5
10691,6566,48997,212,3
10692,6566,48997,250,4
10693,6566,48997,262,3
10694,6566,48997,481,4
10695,6566,48997,572,4
10696,6566,48997,580,1.5
10697,6565,48982,48,3.5
10698,6565,48982,56,4
10699,6565,48982,169,4.5
10700,6565,48982,205,3
10701,6565,48982,397,3.5
10702,6565,48982,468,2.5
10703,6565,48982,580,3.5
10704,6564,48972,262,1
10705,6563,48877,73,2.5
10706,6563,48877,199,4
10707,6563,48877,205,0.5
10708,6563,48877,384,2.5
10709,6563,48877,471,3.5
10710,6563,48877,501,3
10711,6563,48877,627,4
10712,6562,48872,203,3.5
10713,6562,48872,262,2.5
10714,6562,48872,628,4
10715,6561,48856,648,3.5
10716,6560,48817,423,3.5
10717,6559,48791,382,5
10718,6558,48783,3,4.5
10719,6558,48783,380,3.5
10720,6558,48783,475,3.5
10721,6558,48783,624,4
10722,6557,48780,15,4
10723,6557,48780,26,4.5
10724,6557,48780,40,5
10725,6557,48780,48,3.5
10726,6557,48780,54,5
10727,6557,48780,61,5
10728,6557,48780,73,4.5
10729,6557,48780,94,3.5
10730,6557,48780,104,4
10731,6557,48780,125,4.5
10732,6557,48780,138,5
10733,6557,48780,149,3.5
10734,6557,48780,157,4.5
10735,6557,48780,169,5
10736,6557,48780,199,4
10737,6557,48780,200,4.5
10738,6557,48780,205,4.5
10739,6557,48780,212,4
10740,6557,48780,213,2
10741,6557,48780,250,5
10742,6557,48780,262,2.5
10743,6557,48780,270,5
10744,6557,48780,287,5
10745,6557,48780,307,4
10746,6557,48780,365,5
10747,6557,48780,380,4.5
10748,6557,48780,384,4.5
10749,6557,48780,394,4
10750,6557,48780,428,4.5
10751,6557,48780,432,5
10752,6557,48780,450,3.5
10753,6557,48780,457,3.5
10754,6557,48780,468,2.5
10755,6557,48780,475,4.5
10756,6557,48780,480,5
10757,6557,48780,494,4
10758,6557,48780,501,3
10759,6557,48780,505,1
10760,6557,48780,512,3
10761,6557,48780,524,4.5
10762,6557,48780,546,5
10763,6557,48780,547,3
10764,6557,48780,553,4.5
10765,6557,48780,572,4.5
10766,6557,48780,574,3.5
10767,6557,48780,580,4
10768,6557,48780,584,5
10769,6557,48780,601,4.5
10770,6557,48780,610,4
10771,6557,48780,613,3.5
10772,6557,48780,615,5
10773,6557,48780,664,4
10774,6556,48774,15,4
10775,6556,48774,26,3
10776,6556,48774,40,5
10777,6556,48774,48,3
10778,6556,48774,62,4
10779,6556,48774,73,4.5
10780,6556,48774,78,4
10781,6556,48774,125,4.5
10782,6556,48774,134,4.5
10783,6556,48774,152,3
10784,6556,48774,169,5
10785,6556,48774,199,3.5
10786,6556,48774,200,3.5
10787,6556,48774,212,2
10788,6556,48774,213,2
10789,6556,48774,230,3
10790,6556,48774,234,3.5
10791,6556,48774,262,2.5
10792,6556,48774,270,4.5
10793,6556,48774,275,3.5
10794,6556,48774,307,4.5
10795,6556,48774,380,4
10796,6556,48774,384,2
10797,6556,48774,426,1.5
10798,6556,48774,428,3.5
10799,6556,48774,433,4.5
10800,6556,48774,468,3
10801,6556,48774,480,4.5
10802,6556,48774,486,3
10803,6556,48774,488,4
10804,6556,48774,494,4
10805,6556,48774,540,2
10806,6556,48774,544,4.5
10807,6556,48774,547,4.5
10808,6556,48774,563,3.5
10809,6556,48774,570,4
10810,6556,48774,574,3.5
10811,6556,48774,601,5
10812,6556,48774,613,3
10813,6556,48774,615,4.5
10814,6556,48774,625,4
10815,6556,48774,627,3
10816,6556,48774,664,3.5
10817,6555,48744,73,3.5
10818,6555,48744,132,3.5
10819,6555,48744,262,1.5
10820,6555,48744,299,4.5
10821,6554,48741,442,4
10822,6554,48741,468,3
10823,6554,48741,547,4
10824,6553,48738,94,4
10825,6553,48738,176,4
10826,6553,48738,212,4
10827,6553,48738,378,4
10828,6553,48738,442,4
10829,6553,48738,472,4
10830,6553,48738,479,5
10831,6553,48738,488,4
10832,6553,48738,494,4
10833,6553,48738,544,4.5
10834,6553,48738,547,4
10835,6553,48738,610,3
10836,6553,48738,615,3.5
10837,6553,48738,648,4
10838,6553,48738,664,4.5
10839,6551,48698,56,5
10840,6551,48698,427,4
10841,6551,48698,529,4
10842,6550,48696,73,4
10843,6550,48696,255,4
10844,6550,48696,307,4
10845,6550,48696,388,4
10846,6550,48696,426,2.5
10847,6550,48696,427,3.5
10848,6550,48696,547,4.5
10849,6550,48696,580,4
10850,6550,48696,587,4.5
10851,6549,48682,38,5
10852,6548,48660,54,1
10853,6547,48596,384,3
10854,6546,48593,648,4
10855,6545,48591,73,0.5
10856,6544,48560,230,4.5
10857,6544,48560,547,3
10858,6543,48522,430,0.5
10859,6542,48520,402,4
10860,6541,48518,384,3.5
10861,6541,48518,426,2.5
10862,6540,48516,11,5
10863,6540,48516,15,3
10864,6540,48516,26,4.5
10865,6540,48516,40,5
10866,6540,48516,42,4.5
10867,6540,48516,54,4.5
10868,6540,48516,56,4
10869,6540,48516,72,3.5
10870,6540,48516,73,4
10871,6540,48516,89,5
10872,6540,48516,94,4
10873,6540,48516,96,4
10874,6540,48516,97,2
10875,6540,48516,105,3
10876,6540,48516,125,5
10877,6540,48516,134,4
10878,6540,48516,138,4.5
10879,6540,48516,146,4
10880,6540,48516,149,2.5
10881,6540,48516,150,5
10882,6540,48516,156,5
10883,6540,48516,157,4
10884,6540,48516,159,3.5
10885,6540,48516,169,4.5
10886,6540,48516,187,4.5
10887,6540,48516,199,4
10888,6540,48516,200,1.5
10889,6540,48516,205,3
10890,6540,48516,208,4
10891,6540,48516,212,3.5
10892,6540,48516,234,4.5
10893,6540,48516,250,5
10894,6540,48516,267,4.5
10895,6540,48516,268,5
10896,6540,48516,270,4
10897,6540,48516,275,5
10898,6540,48516,299,4.5
10899,6540,48516,307,4.5
10900,6540,48516,353,4
10901,6540,48516,355,5
10902,6540,48516,371,5
10903,6540,48516,379,4
10904,6540,48516,380,4
10905,6540,48516,384,4
10906,6540,48516,394,4
10907,6540,48516,407,4.5
10908,6540,48516,423,5
10909,6540,48516,426,3.5
10910,6540,48516,428,4.5
10911,6540,48516,433,4.5
10912,6540,48516,438,4
10913,6540,48516,450,5
10914,6540,48516,457,3
10915,6540,48516,468,3
10916,6540,48516,475,5
10917,6540,48516,478,4.5
10918,6540,48516,480,5
10919,6540,48516,481,4.5
10920,6540,48516,494,4.5
10921,6540,48516,501,5
10922,6540,48516,515,4
10923,6540,48516,521,4
10924,6540,48516,522,4.5
10925,6540,48516,527,5
10926,6540,48516,540,4.5
10927,6540,48516,547,5
10928,6540,48516,553,4.5
10929,6540,48516,561,4
10930,6540,48516,567,5
10931,6540,48516,570,3.5
10932,6540,48516,572,4.5
10933,6540,48516,574,4.5
10934,6540,48516,580,3.5
10935,6540,48516,584,4
10936,6540,48516,586,4
10937,6540,48516,596,4
10938,6540,48516,601,4.5
10939,6540,48516,610,4
10940,6540,48516,615,4
10941,6540,48516,623,4.5
10942,6540,48516,624,4
10943,6540,48516,627,4
10944,6540,48516,661,4
10945,6540,48516,664,4.5
10946,6539,48501,270,4.5
10947,6538,48414,48,3
10948,6537,48394,15,1.5
10949,6537,48394,31,4.5
10950,6537,48394,42,4
10951,6537,48394,48,4
10952,6537,48394,61,4.5
10953,6537,48394,72,3.5
10954,6537,48394,73,3.5
10955,6537,48394,94,3
10956,6537,48394,96,3.5
10957,6537,48394,97,1.5
10958,6537,48394,106,5
10959,6537,48394,125,4.5
10960,6537,48394,132,4
10961,6537,48394,133,0.5
10962,6537,48394,134,5
10963,6537,48394,149,3.5
10964,6537,48394,157,4
10965,6537,48394,159,3.5
10966,6537,48394,178,5
10967,6537,48394,205,3.5
10968,6537,48394,212,5
10969,6537,48394,234,5
10970,6537,48394,253,2
10971,6537,48394,262,2.5
10972,6537,48394,283,3
10973,6537,48394,290,4
10974,6537,48394,299,4
10975,6537,48394,307,4
10976,6537,48394,334,3
10977,6537,48394,379,4
10978,6537,48394,380,4
10979,6537,48394,384,3
10980,6537,48394,426,4.5
10981,6537,48394,427,4.5
10982,6537,48394,443,5
10983,6537,48394,450,3
10984,6537,48394,457,3.5
10985,6537,48394,468,3
10986,6537,48394,475,3.5
10987,6537,48394,481,5
10988,6537,48394,488,4
10989,6537,48394,500,3.5
10990,6537,48394,505,1
10991,6537,48394,563,4
10992,6537,48394,580,4
10993,6537,48394,584,2.5
10994,6537,48394,596,4.5
10995,6537,48394,615,5
10996,6537,48394,622,5
10997,6537,48394,628,4
10998,6537,48394,648,2
10999,6537,48394,664,4
11000,6536,48385,5,4.5
11001,6536,48385,15,4
11002,6536,48385,23,3.5
11003,6536,48385,48,3.5
11004,6536,48385,72,3
11005,6536,48385,73,3.5
11006,6536,48385,105,3.5
11007,6536,48385,120,3
11008,6536,48385,149,4
11009,6536,48385,157,3.5
11010,6536,48385,187,4
11011,6536,48385,205,2.5
11012,6536,48385,212,1.5
11013,6536,48385,234,3.5
11014,6536,48385,262,2
11015,6536,48385,267,3
11016,6536,48385,270,3
11017,6536,48385,283,3.5
11018,6536,48385,316,3
11019,6536,48385,353,1
11020,6536,48385,380,3.5
11021,6536,48385,382,1
11022,6536,48385,384,1
11023,6536,48385,423,4.5
11024,6536,48385,426,3
11025,6536,48385,428,5
11026,6536,48385,457,3
11027,6536,48385,468,3
11028,6536,48385,475,3
11029,6536,48385,481,3.5
11030,6536,48385,483,3
11031,6536,48385,500,1
11032,6536,48385,519,4.5
11033,6536,48385,544,5
11034,6536,48385,547,3.5
11035,6536,48385,561,2
11036,6536,48385,580,4
11037,6536,48385,615,3.5
11038,6536,48385,623,4.5
11039,6536,48385,624,4
11040,6536,48385,627,3.5
11041,6536,48385,648,4.5
11042,6536,48385,655,4
11043,6536,48385,664,3.5
11044,6535,48322,56,5
11045,6535,48322,187,4.5
11046,6535,48322,205,0.5
11047,6535,48322,423,2.5
11048,6535,48322,475,2.5
11049,6535,48322,624,4
11050,6534,48319,380,2
11051,6534,48319,472,3.5
11052,6533,48304,73,3.5
11053,6533,48304,105,4.5
11054,6533,48304,212,3
11055,6533,48304,353,3
11056,6533,48304,371,5
11057,6533,48304,380,4.5
11058,6533,48304,442,3.5
11059,6533,48304,544,5
11060,6532,48301,468,4
11061,6531,48268,547,4
11062,6530,48262,547,3.5
11063,6530,48262,624,4
11064,6529,48231,262,3.5
11065,6528,48198,468,3
11066,6527,48165,81,4
11067,6527,48165,481,5
11068,6526,48159,426,3
11069,6525,48142,384,3
11070,6524,48082,15,1
11071,6524,48082,48,4
11072,6524,48082,132,5
11073,6524,48082,133,3
11074,6524,48082,157,3.5
11075,6524,48082,262,2
11076,6524,48082,275,3
11077,6524,48082,384,4
11078,6524,48082,388,4
11079,6523,48061,523,4.5
11080,6522,48043,15,0.5
11081,6522,48043,48,3.5
11082,6522,48043,73,3.5
11083,6522,48043,81,3.5
11084,6522,48043,104,4.5
11085,6522,48043,176,4.5
11086,6522,48043,213,0.5
11087,6522,48043,250,4
11088,6522,48043,299,4
11089,6522,48043,371,2
11090,6522,48043,457,3
11091,6522,48043,584,4
11092,6521,48032,648,4
11093,6520,47999,15,2.5
11094,6520,47999,48,4
11095,6520,47999,176,4
11096,6520,47999,178,4
11097,6520,47999,468,3.5
11098,6520,47999,648,3.5
11099,6519,47997,73,4
11100,6519,47997,270,3.5
11101,6519,47997,299,3.5
11102,6519,47997,353,3
11103,6519,47997,384,3
11104,6519,47997,394,1.5
11105,6519,47997,423,3.5
11106,6519,47997,468,2.5
11107,6519,47997,472,4
11108,6519,47997,648,2
11109,6519,47997,655,4
11110,6518,47978,547,4
11111,6517,47952,213,3
11112,6516,47950,427,2
11113,6516,47950,547,3.5
11114,6516,47950,624,3
11115,6515,47937,157,3
11116,6514,47894,547,2
11117,6513,47815,73,0.5
11118,6512,47810,580,1
11119,6512,47810,624,1
11120,6511,47728,587,5
11121,6510,47721,20,1
11122,6510,47721,468,4
11123,6510,47721,481,5
11124,6510,47721,501,2.5
11125,6510,47721,547,3
11126,6509,47714,468,3
11127,6508,47640,73,3
11128,6508,47640,219,5
11129,6508,47640,297,2
11130,6508,47640,353,2
11131,6508,47640,457,1.5
11132,6508,47640,475,2.5
11133,6508,47640,566,3
11134,6508,47640,624,2.5
11135,6507,47629,388,3
11136,6507,47629,468,2.5
11137,6507,47629,480,4
11138,6507,47629,547,4.5
11139,6507,47629,580,3
11140,6506,47610,15,1.5
11141,6506,47610,26,4.5
11142,6506,47610,48,4
11143,6506,47610,61,2.5
11144,6506,47610,72,3
11145,6506,47610,73,4
11146,6506,47610,81,2.5
11147,6506,47610,125,2.5
11148,6506,47610,150,4
11149,6506,47610,169,5
11150,6506,47610,176,4
11151,6506,47610,199,4
11152,6506,47610,212,3
11153,6506,47610,213,4
11154,6506,47610,238,4.5
11155,6506,47610,250,5
11156,6506,47610,267,4.5
11157,6506,47610,275,5
11158,6506,47610,333,4.5
11159,6506,47610,371,4.5
11160,6506,47610,378,3.5
11161,6506,47610,380,4
11162,6506,47610,384,2.5
11163,6506,47610,426,4
11164,6506,47610,468,2.5
11165,6506,47610,479,5
11166,6506,47610,480,3
11167,6506,47610,505,3.5
11168,6506,47610,547,3
11169,6506,47610,553,4
11170,6506,47610,587,4
11171,6506,47610,627,3.5
11172,6506,47610,664,4
11173,6505,47606,547,3
11174,6504,47518,77,4
11175,6504,47518,187,4
11176,6504,47518,268,3
11177,6504,47518,297,2
11178,6504,47518,366,4.5
11179,6504,47518,402,4
11180,6504,47518,475,2.5
11181,6504,47518,500,4.5
11182,6504,47518,557,3.5
11183,6504,47518,571,3.5
11184,6504,47518,584,4
11185,6503,47493,547,3
11186,6502,47491,152,2
11187,6502,47491,157,4.5
11188,6501,47465,299,3.5
11189,6500,47423,77,0.5
11190,6500,47423,133,1
11191,6500,47423,187,3
11192,6500,47423,472,4
11193,6500,47423,547,4
11194,6500,47423,648,4
11195,6499,47404,48,4
11196,6498,47384,213,2.5
11197,6497,47382,212,2.5
11198,6497,47382,213,2.5
11199,6497,47382,382,4
11200,6497,47382,392,4
11201,6496,47330,547,1
11202,6495,47287,468,3.5
11203,6494,47274,81,4
11204,6494,47274,299,4
11205,6493,47261,547,3
11206,6492,47254,212,2.5
11207,6492,47254,430,5
11208,6491,47202,96,4
11209,6491,47202,547,4
11210,6490,47200,73,3.5
11211,6490,47200,212,3
11212,6490,47200,270,3.5
11213,6490,47200,353,3.5
11214,6490,47200,384,3
11215,6490,47200,475,2
11216,6490,47200,574,3.5
11217,6489,47196,547,1.5
11218,6488,47152,468,3.5
11219,6488,47152,481,5
11220,6487,47148,117,4.5
11221,6486,47124,48,3
11222,6486,47124,213,3
11223,6486,47124,557,2.5
11224,6486,47124,580,2.5
11225,6485,47122,599,4
11226,6484,47099,48,3.5
11227,6484,47099,56,2
11228,6484,47099,73,3.5
11229,6484,47099,94,3.5
11230,6484,47099,104,4
11231,6484,47099,117,4.5
11232,6484,47099,133,2
11233,6484,47099,169,5
11234,6484,47099,250,4.5
11235,6484,47099,251,4.5
11236,6484,47099,333,5
11237,6484,47099,353,2.5
11238,6484,47099,402,4.5
11239,6484,47099,468,3
11240,6484,47099,475,3
11241,6484,47099,478,4.5
11242,6484,47099,501,4.5
11243,6484,47099,526,3.5
11244,6484,47099,547,4
11245,6484,47099,553,2.5
11246,6484,47099,570,5
11247,6484,47099,572,4
11248,6484,47099,611,4.5
11249,6484,47099,612,3.5
11250,6483,47092,547,4.5
11251,6482,47044,353,3.5
11252,6482,47044,384,3
11253,6482,47044,475,2
11254,6482,47044,574,3.5
11255,6482,47044,624,1.5
11256,6481,46976,15,3.5
11257,6481,46976,26,4
11258,6481,46976,48,3
11259,6481,46976,61,3.5
11260,6481,46976,68,3.5
11261,6481,46976,73,4
11262,6481,46976,88,4.5
11263,6481,46976,94,4
11264,6481,46976,97,4.5
11265,6481,46976,106,0.5
11266,6481,46976,149,3.5
11267,6481,46976,176,4
11268,6481,46976,179,3.5
11269,6481,46976,186,2
11270,6481,46976,199,3.5
11271,6481,46976,200,4
11272,6481,46976,212,4
11273,6481,46976,213,2.5
11274,6481,46976,230,5
11275,6481,46976,234,3
11276,6481,46976,267,4
11277,6481,46976,299,4
11278,6481,46976,307,5
11279,6481,46976,380,4
11280,6481,46976,392,3
11281,6481,46976,402,4
11282,6481,46976,457,2.5
11283,6481,46976,468,2.5
11284,6481,46976,479,5
11285,6481,46976,480,4.5
11286,6481,46976,481,3.5
11287,6481,46976,500,3
11288,6481,46976,501,4.5
11289,6481,46976,529,4
11290,6481,46976,547,3
11291,6481,46976,580,5
11292,6481,46976,584,3.5
11293,6481,46976,610,3.5
11294,6481,46976,615,4
11295,6481,46976,664,4
11296,6480,46974,468,2
11297,6480,46974,475,2
11298,6480,46974,624,2
11299,6479,46972,15,3.5
11300,6479,46972,61,4
11301,6479,46972,73,3.5
11302,6479,46972,212,2.5
11303,6479,46972,213,2.5
11304,6479,46972,290,4
11305,6479,46972,324,3.5
11306,6479,46972,382,3.5
11307,6479,46972,384,2.5
11308,6479,46972,402,3.5
11309,6479,46972,457,1.5
11310,6479,46972,475,2
11311,6479,46972,480,3.5
11312,6479,46972,486,3
11313,6479,46972,561,4
11314,6479,46972,584,2.5
11315,6479,46972,624,3
11316,6479,46972,648,2.5
11317,6478,46970,15,2
11318,6478,46970,56,4
11319,6478,46970,61,4
11320,6478,46970,73,2.5
11321,6478,46970,97,3
11322,6478,46970,205,3
11323,6478,46970,212,1
11324,6478,46970,219,4.5
11325,6478,46970,353,4
11326,6478,46970,380,3.5
11327,6478,46970,402,3
11328,6478,46970,442,4
11329,6478,46970,457,2.5
11330,6478,46970,480,3
11331,6478,46970,580,2.5
11332,6478,46970,624,2
11333,6478,46970,664,3.5
11334,6477,46967,382,2
11335,6477,46967,384,3.5
11336,6477,46967,468,1.5
11337,6477,46967,472,4
11338,6476,46965,73,2.5
11339,6476,46965,205,2
11340,6476,46965,213,2
11341,6476,46965,340,4
11342,6476,46965,353,3
11343,6476,46965,384,3
11344,6476,46965,430,3.5
11345,6476,46965,475,2
11346,6476,46965,547,3
11347,6476,46965,561,2.5
11348,6475,46948,48,3.5
11349,6475,46948,56,4
11350,6475,46948,212,2.5
11351,6475,46948,580,3
11352,6474,46919,382,4
11353,6473,46865,73,1
11354,6473,46865,91,2.5
11355,6472,46855,529,3.5
11356,6471,46850,468,3
11357,6471,46850,472,4.5
11358,6471,46850,547,3.5
11359,6470,46772,580,2
11360,6469,46723,15,2
11361,6469,46723,78,5
11362,6469,46723,125,5
11363,6469,46723,133,1
11364,6469,46723,152,3
11365,6469,46723,157,4.5
11366,6469,46723,212,3
11367,6469,46723,262,2.5
11368,6469,46723,283,4.5
11369,6469,46723,380,3.5
11370,6469,46723,475,3
11371,6469,46723,481,4
11372,6469,46723,544,4
11373,6469,46723,547,4
11374,6469,46723,601,4
11375,6469,46723,627,4
11376,6468,46664,468,3.5
11377,6467,46578,15,1
11378,6467,46578,48,3.5
11379,6467,46578,56,5
11380,6467,46578,61,5
11381,6467,46578,72,3
11382,6467,46578,73,3.5
11383,6467,46578,93,4
11384,6467,46578,94,4
11385,6467,46578,97,5
11386,6467,46578,125,5
11387,6467,46578,132,5
11388,6467,46578,133,1.5
11389,6467,46578,147,5
11390,6467,46578,149,3.5
11391,6467,46578,152,4
11392,6467,46578,159,4
11393,6467,46578,169,2.5
11394,6467,46578,178,3
11395,6467,46578,179,4.5
11396,6467,46578,187,5
11397,6467,46578,200,4
11398,6467,46578,212,4
11399,6467,46578,230,4.5
11400,6467,46578,234,4
11401,6467,46578,238,3.5
11402,6467,46578,250,4.5
11403,6467,46578,255,3.5
11404,6467,46578,262,5
11405,6467,46578,267,4.5
11406,6467,46578,268,3.5
11407,6467,46578,270,4
11408,6467,46578,275,4
11409,6467,46578,283,4.5
11410,6467,46578,307,3.5
11411,6467,46578,313,3.5
11412,6467,46578,334,3
11413,6467,46578,355,4.5
11414,6467,46578,362,3.5
11415,6467,46578,364,4.5
11416,6467,46578,365,4
11417,6467,46578,366,4
11418,6467,46578,378,4.5
11419,6467,46578,379,1.5
11420,6467,46578,380,4
11421,6467,46578,382,5
11422,6467,46578,384,4
11423,6467,46578,388,4
11424,6467,46578,394,5
11425,6467,46578,402,4
11426,6467,46578,426,3.5
11427,6467,46578,427,3.5
11428,6467,46578,428,4
11429,6467,46578,433,3.5
11430,6467,46578,457,3
11431,6467,46578,468,3
11432,6467,46578,475,4
11433,6467,46578,480,5
11434,6467,46578,481,5
11435,6467,46578,488,4.5
11436,6467,46578,500,4
11437,6467,46578,501,4.5
11438,6467,46578,505,3
11439,6467,46578,519,4
11440,6467,46578,542,1
11441,6467,46578,544,4
11442,6467,46578,547,4.5
11443,6467,46578,574,4.5
11444,6467,46578,580,4
11445,6467,46578,610,4.5
11446,6467,46578,612,3.5
11447,6467,46578,615,4.5
11448,6467,46578,620,4
11449,6467,46578,623,5
11450,6467,46578,624,4
11451,6467,46578,655,1
11452,6467,46578,661,5
11453,6466,46574,581,0.5
11454,6465,46561,547,3
11455,6464,46559,501,4
11456,6463,46544,299,4.5
11457,6462,46530,15,0.5
11458,6462,46530,212,3
11459,6462,46530,213,2.5
11460,6462,46530,244,3.5
11461,6462,46530,283,1.5
11462,6462,46530,353,3.5
11463,6462,46530,380,4
11464,6462,46530,426,2
11465,6462,46530,468,2.5
11466,6462,46530,475,1.5
11467,6462,46530,523,3.5
11468,6462,46530,561,3.5
11469,6462,46530,624,2.5
11470,6461,46347,442,4.5
11471,6460,46337,73,0.5
11472,6460,46337,574,2
11473,6459,46335,73,3
11474,6459,46335,78,4.5
11475,6459,46335,353,2.5
11476,6459,46335,380,2
11477,6459,46335,426,2.5
11478,6459,46335,430,1
11479,6459,46335,475,2.5
11480,6458,46322,73,4
11481,6458,46322,205,4
11482,6458,46322,212,3.5
11483,6458,46322,380,4
11484,6458,46322,472,4.5
11485,6458,46322,580,4.5
11486,6457,46062,213,2
11487,6457,46062,382,4
11488,6457,46062,599,4.5
11489,6457,46062,624,3.5
11490,6456,45987,547,4
11491,6455,45969,207,3.5
11492,6454,45950,15,3
11493,6454,45950,48,4
11494,6454,45950,152,4
11495,6454,45950,176,3.5
11496,6454,45950,187,3.5
11497,6454,45950,234,4
11498,6454,45950,283,4.5
11499,6454,45950,304,4
11500,6454,45950,388,4
11501,6454,45950,402,4
11502,6454,45950,427,5
11503,6454,45950,457,2.5
11504,6454,45950,468,2.5
11505,6454,45950,472,4.5
11506,6454,45950,479,4
11507,6454,45950,544,4.5
11508,6454,45950,547,3.5
11509,6454,45950,580,4
11510,6454,45950,648,3
11511,6453,45942,547,4
11512,6452,45928,234,4
11513,6452,45928,380,3
11514,6451,45880,176,2
11515,6451,45880,299,3.5
11516,6451,45880,384,3
11517,6451,45880,547,2.5
11518,6450,45837,468,4
11519,6450,45837,547,1.5
11520,6449,45732,200,1
11521,6449,45732,213,2
11522,6449,45732,353,0.5
11523,6449,45732,380,3
11524,6449,45732,384,3
11525,6449,45732,652,4
11526,6448,45730,205,3.5
11527,6448,45730,472,1
11528,6447,45728,15,0.5
11529,6447,45728,73,3
11530,6447,45728,164,4
11531,6447,45728,178,3
11532,6447,45728,187,5
11533,6447,45728,212,4.5
11534,6447,45728,270,4.5
11535,6447,45728,297,3
11536,6447,45728,299,2.5
11537,6447,45728,304,3.5
11538,6447,45728,380,3.5
11539,6447,45728,402,3
11540,6447,45728,457,2
11541,6447,45728,472,4
11542,6447,45728,544,4
11543,6447,45728,561,4.5
11544,6447,45728,574,3.5
11545,6447,45728,624,5
11546,6446,45726,73,2.5
11547,6446,45726,353,2.5
11548,6445,45722,15,2
11549,6445,45722,23,2.5
11550,6445,45722,61,3.5
11551,6445,45722,73,3.5
11552,6445,45722,77,4
11553,6445,45722,84,3.5
11554,6445,45722,89,5
11555,6445,45722,93,2.5
11556,6445,45722,94,2.5
11557,6445,45722,125,2.5
11558,6445,45722,133,2
11559,6445,45722,149,3
11560,6445,45722,157,3
11561,6445,45722,176,3
11562,6445,45722,179,5
11563,6445,45722,199,4
11564,6445,45722,205,5
11565,6445,45722,212,3.5
11566,6445,45722,213,2.5
11567,6445,45722,234,3
11568,6445,45722,251,4.5
11569,6445,45722,255,4.5
11570,6445,45722,260,3.5
11571,6445,45722,268,2
11572,6445,45722,316,4
11573,6445,45722,324,4
11574,6445,45722,346,4.5
11575,6445,45722,353,3
11576,6445,45722,355,2.5
11577,6445,45722,362,4
11578,6445,45722,364,4.5
11579,6445,45722,371,4
11580,6445,45722,384,4
11581,6445,45722,388,4
11582,6445,45722,402,3.5
11583,6445,45722,426,4.5
11584,6445,45722,428,2
11585,6445,45722,430,4
11586,6445,45722,431,5
11587,6445,45722,456,4
11588,6445,45722,457,0.5
11589,6445,45722,468,2
11590,6445,45722,475,2
11591,6445,45722,480,3.5
11592,6445,45722,500,3.5
11593,6445,45722,547,3.5
11594,6445,45722,553,4
11595,6445,45722,561,4.5
11596,6445,45722,562,4.5
11597,6445,45722,580,2
11598,6445,45722,584,3.5
11599,6445,45722,611,5
11600,6445,45722,615,3
11601,6445,45722,620,0.5
11602,6445,45722,623,4
11603,6445,45722,624,2.5
11604,6445,45722,627,2.5
11605,6445,45722,648,4
11606,6445,45722,655,5
11607,6444,45720,15,1.5
11608,6444,45720,48,3
11609,6444,45720,61,4
11610,6444,45720,98,4
11611,6444,45720,149,4
11612,6444,45720,176,2
11613,6444,45720,200,3
11614,6444,45720,205,2.5
11615,6444,45720,212,2.5
11616,6444,45720,213,1.5
11617,6444,45720,238,3.5
11618,6444,45720,270,2.5
11619,6444,45720,371,4.5
11620,6444,45720,384,3
11621,6444,45720,427,3
11622,6444,45720,481,3
11623,6444,45720,531,3.5
11624,6444,45720,547,3
11625,6444,45720,599,4
11626,6444,45720,612,3.5
11627,6444,45720,620,4.5
11628,6443,45679,547,4
11629,6442,45672,15,1.5
11630,6442,45672,73,1
11631,6442,45672,205,3.5
11632,6442,45672,213,1
11633,6442,45672,250,4
11634,6442,45672,380,3
11635,6442,45672,402,4
11636,6442,45672,475,1
11637,6442,45672,480,3.5
11638,6442,45672,572,3
11639,6441,45668,68,3.5
11640,6441,45668,205,2.5
11641,6441,45668,212,2.5
11642,6441,45668,572,4
11643,6440,45666,15,4
11644,6440,45666,73,0.5
11645,6440,45666,380,2
11646,6440,45666,475,4
11647,6440,45666,580,4
11648,6440,45666,624,2
11649,6440,45666,648,4
11650,6439,45662,262,1
11651,6438,45521,299,3.5
11652,6437,45517,15,0.5
11653,6437,45517,48,4
11654,6437,45517,61,2.5
11655,6437,45517,68,3.5
11656,6437,45517,200,3.5
11657,6437,45517,205,4
11658,6437,45517,213,3
11659,6437,45517,287,3.5
11660,6437,45517,294,4
11661,6437,45517,333,4
11662,6437,45517,353,3
11663,6437,45517,371,4
11664,6437,45517,380,3
11665,6437,45517,382,3
11666,6437,45517,384,3.5
11667,6437,45517,442,4
11668,6437,45517,457,2
11669,6437,45517,468,2.5
11670,6437,45517,475,1
11671,6437,45517,486,3
11672,6437,45517,500,3.5
11673,6437,45517,505,3.5
11674,6437,45517,574,4
11675,6437,45517,623,3.5
11676,6437,45517,624,3
11677,6436,45506,73,4
11678,6435,45501,205,1.5
11679,6435,45501,313,2.5
11680,6435,45501,384,2.5
11681,6435,45501,472,3
11682,6435,45501,547,1
11683,6434,45499,15,2.5
11684,6434,45499,77,3.5
11685,6434,45499,84,4
11686,6434,45499,143,3.5
11687,6434,45499,157,3
11688,6434,45499,169,5
11689,6434,45499,212,3
11690,6434,45499,213,2.5
11691,6434,45499,294,4
11692,6434,45499,316,4
11693,6434,45499,353,3.5
11694,6434,45499,380,3.5
11695,6434,45499,384,3.5
11696,6434,45499,430,4
11697,6434,45499,433,2.5
11698,6434,45499,468,2
11699,6434,45499,475,2
11700,6434,45499,561,4
11701,6434,45499,562,4
11702,6434,45499,574,2.5
11703,6434,45499,580,3
11704,6434,45499,624,3.5
11705,6433,45447,15,1
11706,6433,45447,23,1.5
11707,6433,45447,52,3.5
11708,6433,45447,72,2.5
11709,6433,45447,73,2.5
11710,6433,45447,84,3
11711,6433,45447,88,3
11712,6433,45447,125,3.5
11713,6433,45447,176,3
11714,6433,45447,199,4
11715,6433,45447,200,3
11716,6433,45447,205,5
11717,6433,45447,212,3
11718,6433,45447,213,4
11719,6433,45447,244,0.5
11720,6433,45447,250,4.5
11721,6433,45447,255,2.5
11722,6433,45447,365,4
11723,6433,45447,371,3
11724,6433,45447,380,3.5
11725,6433,45447,382,2
11726,6433,45447,388,3.5
11727,6433,45447,402,3
11728,6433,45447,418,4.5
11729,6433,45447,426,4.5
11730,6433,45447,468,2
11731,6433,45447,475,3
11732,6433,45447,481,2.5
11733,6433,45447,500,2.5
11734,6433,45447,505,3.5
11735,6433,45447,522,3
11736,6433,45447,580,3
11737,6433,45447,612,3
11738,6433,45447,615,2
11739,6433,45447,624,2
11740,6432,45442,430,3.5
11741,6431,45440,472,3.5
11742,6431,45440,571,4
11743,6430,45431,48,4
11744,6430,45431,61,1
11745,6430,45431,68,3.5
11746,6430,45431,106,3
11747,6430,45431,200,4.5
11748,6430,45431,212,2.5
11749,6430,45431,213,1.5
11750,6430,45431,353,2
11751,6430,45431,366,4.5
11752,6430,45431,397,3.5
11753,6430,45431,457,1
11754,6430,45431,468,2.5
11755,6430,45431,561,3.5
11756,6430,45431,580,3.5
11757,6430,45431,624,3
11758,6429,45382,547,3
11759,6428,45221,382,2
11760,6428,45221,624,2
11761,6427,45210,313,3
11762,6427,45210,547,4.5
11763,6426,45208,311,0.5
11764,6426,45208,473,3
11765,6426,45208,547,1
11766,6425,45186,15,2.5
11767,6425,45186,23,3.5
11768,6425,45186,73,2.5
11769,6425,45186,91,4.5
11770,6425,45186,200,3
11771,6425,45186,205,3.5
11772,6425,45186,212,3.5
11773,6425,45186,290,4.5
11774,6425,45186,311,4.5
11775,6425,45186,380,3.5
11776,6425,45186,384,3.5
11777,6425,45186,457,1
11778,6425,45186,468,2
11779,6425,45186,475,3.5
11780,6425,45186,483,4
11781,6425,45186,547,1.5
11782,6425,45186,570,5
11783,6425,45186,572,4
11784,6425,45186,574,4
11785,6425,45186,584,3
11786,6425,45186,624,2.5
11787,6424,45183,73,3
11788,6424,45183,346,4.5
11789,6423,45179,547,3.5
11790,6422,45172,304,4.5
11791,6421,45081,79,2
11792,6421,45081,250,4
11793,6421,45081,353,2.5
11794,6421,45081,384,3
11795,6420,45062,213,3.5
11796,6420,45062,429,1
11797,6420,45062,547,2.5
11798,6420,45062,624,2
11799,6419,45028,294,4
11800,6419,45028,380,2.5
11801,6419,45028,427,2.5
11802,6419,45028,547,4
11803,6418,45000,81,4
11804,6417,44974,48,3.5
11805,6417,44974,73,4
11806,6417,44974,212,3
11807,6417,44974,262,3.5
11808,6417,44974,380,4
11809,6417,44974,501,5
11810,6416,44972,73,2
11811,6416,44972,91,3
11812,6416,44972,384,2.5
11813,6416,44972,430,4
11814,6415,44911,547,2
11815,6414,44864,547,2.5
11816,6413,44849,176,3.5
11817,6412,44840,430,3.5
11818,6411,44828,48,3
11819,6411,44828,213,0.5
11820,6410,44788,15,4
11821,6410,44788,234,4
11822,6410,44788,304,5
11823,6410,44788,380,4
11824,6410,44788,547,3.5
11825,6409,44761,15,1.5
11826,6409,44761,73,4.5
11827,6409,44761,187,2
11828,6409,44761,199,2.5
11829,6409,44761,203,4
11830,6409,44761,257,4
11831,6409,44761,262,2
11832,6409,44761,353,4.5
11833,6409,44761,371,1
11834,6409,44761,380,4.5
11835,6409,44761,468,4
11836,6409,44761,472,4
11837,6409,44761,547,1.5
11838,6409,44761,580,2
11839,6408,44759,547,1.5
11840,6407,44731,106,4
11841,6406,44717,481,3
11842,6405,44709,187,4.5
11843,6405,44709,547,3.5
11844,6405,44709,557,3.5
11845,6404,44694,76,4.5
11846,6404,44694,81,3
11847,6404,44694,132,4
11848,6404,44694,262,2.5
11849,6404,44694,384,3.5
11850,6404,44694,427,3.5
11851,6404,44694,481,4.5
11852,6404,44694,547,1.5
11853,6404,44694,628,3.5
11854,6404,44694,648,4
11855,6403,44671,468,3
11856,6402,44665,15,1
11857,6402,44665,26,3.5
11858,6402,44665,73,4
11859,6402,44665,125,4.5
11860,6402,44665,157,4.5
11861,6402,44665,169,4.5
11862,6402,44665,176,4
11863,6402,44665,199,4
11864,6402,44665,230,4.5
11865,6402,44665,353,3.5
11866,6402,44665,380,4
11867,6402,44665,384,4.5
11868,6402,44665,423,3.5
11869,6402,44665,426,4.5
11870,6402,44665,430,5
11871,6402,44665,475,3
11872,6402,44665,522,3.5
11873,6402,44665,547,3
11874,6402,44665,561,4.5
11875,6402,44665,563,4
11876,6402,44665,574,3
11877,6402,44665,584,5
11878,6402,44665,615,2.5
11879,6402,44665,624,3.5
11880,6402,44665,664,4.5
11881,6401,44633,48,4
11882,6401,44633,428,5
11883,6401,44633,468,4
11884,6401,44633,547,3
11885,6400,44613,294,3.5
11886,6399,44597,15,2.5
11887,6398,44587,468,4.5
11888,6398,44587,587,3.5
11889,6397,44555,15,1
11890,6397,44555,38,4.5
11891,6397,44555,48,4.5
11892,6397,44555,52,4.5
11893,6397,44555,78,4.5
11894,6397,44555,96,3
11895,6397,44555,97,4.5
11896,6397,44555,132,4.5
11897,6397,44555,138,3.5
11898,6397,44555,152,4.5
11899,6397,44555,244,0.5
11900,6397,44555,255,5
11901,6397,44555,297,4
11902,6397,44555,304,4.5
11903,6397,44555,320,4.5
11904,6397,44555,356,0.5
11905,6397,44555,359,2.5
11906,6397,44555,362,5
11907,6397,44555,379,4.5
11908,6397,44555,388,4.5
11909,6397,44555,394,1.5
11910,6397,44555,427,4
11911,6397,44555,468,3.5
11912,6397,44555,480,4
11913,6397,44555,481,5
11914,6397,44555,521,5
11915,6397,44555,529,4
11916,6397,44555,544,5
11917,6397,44555,547,5
11918,6397,44555,567,5
11919,6397,44555,580,4
11920,6397,44555,584,5
11921,6397,44555,587,4.5
11922,6397,44555,596,5
11923,6397,44555,610,4
11924,6397,44555,628,4
11925,6397,44555,648,2.5
11926,6396,44511,480,4
11927,6395,44421,547,4
11928,6394,44397,48,2.5
11929,6394,44397,73,3
11930,6394,44397,75,0.5
11931,6394,44397,388,3.5
11932,6394,44397,430,0.5
11933,6393,44317,471,2
11934,6392,44301,471,4
11935,6391,44245,73,4
11936,6390,44225,377,2.5
11937,6390,44225,599,4
11938,6389,44204,23,4
11939,6389,44204,94,3
11940,6389,44204,229,4
11941,6389,44204,307,4
11942,6389,44204,547,4
11943,6388,44199,15,4
11944,6388,44199,26,4.5
11945,6388,44199,54,5
11946,6388,44199,56,2
11947,6388,44199,73,4
11948,6388,44199,84,3.5
11949,6388,44199,97,4.5
11950,6388,44199,101,4
11951,6388,44199,149,4
11952,6388,44199,150,4
11953,6388,44199,199,3
11954,6388,44199,212,2
11955,6388,44199,213,5
11956,6388,44199,290,4.5
11957,6388,44199,353,3
11958,6388,44199,371,4.5
11959,6388,44199,380,4
11960,6388,44199,384,4
11961,6388,44199,468,2.5
11962,6388,44199,480,5
11963,6388,44199,501,4
11964,6388,44199,544,4.5
11965,6388,44199,547,4
11966,6388,44199,563,4
11967,6388,44199,570,4
11968,6388,44199,584,3
11969,6388,44199,654,4
11970,6388,44199,664,4
11971,6387,44197,54,4.5
11972,6386,44195,15,2
11973,6386,44195,26,5
11974,6386,44195,31,4
11975,6386,44195,61,4.5
11976,6386,44195,72,3.5
11977,6386,44195,73,3.5
11978,6386,44195,93,4
11979,6386,44195,94,3
11980,6386,44195,105,4
11981,6386,44195,125,5
11982,6386,44195,152,3
11983,6386,44195,176,4
11984,6386,44195,178,4
11985,6386,44195,230,5
11986,6386,44195,234,3.5
11987,6386,44195,255,3.5
11988,6386,44195,283,4
11989,6386,44195,297,5
11990,6386,44195,307,5
11991,6386,44195,353,3.5
11992,6386,44195,355,4
11993,6386,44195,365,4
11994,6386,44195,380,4.5
11995,6386,44195,423,3.5
11996,6386,44195,468,2.5
11997,6386,44195,472,3
11998,6386,44195,475,3.5
11999,6386,44195,483,3
12000,6386,44195,501,5
12001,6386,44195,519,3
12002,6386,44195,529,4.5
12003,6386,44195,544,4
12004,6386,44195,547,3.5
12005,6386,44195,561,4
12006,6386,44195,572,3.5
12007,6386,44195,610,4
12008,6386,44195,615,4.5
12009,6386,44195,623,5
12010,6386,44195,648,4
12011,6386,44195,664,4.5
12012,6385,44193,212,2.5
12013,6385,44193,213,1.5
12014,6385,44193,599,4.5
12015,6384,44191,3,3.5
12016,6384,44191,15,2.5
12017,6384,44191,23,4.5
12018,6384,44191,26,5
12019,6384,44191,31,4
12020,6384,44191,40,4.5
12021,6384,44191,42,4
12022,6384,44191,48,3.5
12023,6384,44191,56,4
12024,6384,44191,61,5
12025,6384,44191,72,3.5
12026,6384,44191,73,4
12027,6384,44191,77,4.5
12028,6384,44191,78,3.5
12029,6384,44191,91,4.5
12030,6384,44191,94,4
12031,6384,44191,125,4.5
12032,6384,44191,143,5
12033,6384,44191,146,4
12034,6384,44191,152,2
12035,6384,44191,169,5
12036,6384,44191,176,3.5
12037,6384,44191,187,5
12038,6384,44191,199,4.5
12039,6384,44191,205,5
12040,6384,44191,212,3
12041,6384,44191,213,3.5
12042,6384,44191,238,3.5
12043,6384,44191,251,3
12044,6384,44191,260,5
12045,6384,44191,268,3.5
12046,6384,44191,270,4.5
12047,6384,44191,273,5
12048,6384,44191,283,4.5
12049,6384,44191,316,4
12050,6384,44191,320,4
12051,6384,44191,334,3.5
12052,6384,44191,346,4
12053,6384,44191,353,4
12054,6384,44191,355,3.5
12055,6384,44191,380,4.5
12056,6384,44191,384,3
12057,6384,44191,406,5
12058,6384,44191,423,3
12059,6384,44191,426,4
12060,6384,44191,430,3.5
12061,6384,44191,431,5
12062,6384,44191,450,4
12063,6384,44191,456,5
12064,6384,44191,457,3
12065,6384,44191,461,3.5
12066,6384,44191,472,4
12067,6384,44191,475,3.5
12068,6384,44191,494,3.5
12069,6384,44191,520,3.5
12070,6384,44191,522,4
12071,6384,44191,544,4.5
12072,6384,44191,553,4
12073,6384,44191,561,4
12074,6384,44191,562,4
12075,6384,44191,563,4
12076,6384,44191,567,4.5
12077,6384,44191,574,4
12078,6384,44191,580,3.5
12079,6384,44191,601,3.5
12080,6384,44191,615,3
12081,6384,44191,620,4
12082,6384,44191,622,5
12083,6384,44191,624,3
12084,6384,44191,625,5
12085,6384,44191,627,4.5
12086,6384,44191,654,4.5
12087,6384,44191,664,4.5
12088,6383,44073,547,2
12089,6382,44022,48,3
12090,6382,44022,91,4.5
12091,6382,44022,200,3.5
12092,6382,44022,205,2.5
12093,6382,44022,212,2.5
12094,6382,44022,213,2.5
12095,6382,44022,290,4
12096,6382,44022,313,4
12097,6382,44022,384,3.5
12098,6382,44022,418,4.5
12099,6382,44022,442,4.5
12100,6382,44022,457,1.5
12101,6382,44022,468,2
12102,6382,44022,471,3.5
12103,6382,44022,472,3.5
12104,6382,44022,572,4
12105,6382,44022,574,3
12106,6382,44022,580,2.5
12107,6382,44022,620,0.5
12108,6382,44022,654,4
12109,6381,44004,8,3
12110,6381,44004,15,1
12111,6381,44004,213,2.5
12112,6381,44004,353,2.5
12113,6381,44004,402,4
12114,6381,44004,599,4.5
12115,6380,43936,73,3
12116,6380,43936,169,4
12117,6380,43936,199,3.5
12118,6380,43936,212,1
12119,6380,43936,213,2
12120,6380,43936,268,3
12121,6380,43936,380,2
12122,6380,43936,475,3
12123,6380,43936,480,4.5
12124,6379,43932,384,2
12125,6378,43930,212,2.5
12126,6378,43930,599,4.5
12127,6377,43928,205,1.5
12128,6377,43928,213,1.5
12129,6377,43928,380,3
12130,6377,43928,384,2
12131,6377,43928,430,4
12132,6377,43928,475,0.5
12133,6377,43928,561,2.5
12134,6376,43921,73,4
12135,6376,43921,627,4
12136,6375,43919,73,1
12137,6375,43919,106,1
12138,6375,43919,187,2
12139,6375,43919,353,2
12140,6375,43919,384,2
12141,6374,43917,382,3
12142,6374,43917,547,3
12143,6373,43910,547,4
12144,6372,43908,212,3.5
12145,6371,43904,353,2.5
12146,6370,43899,81,3
12147,6369,43871,8,3
12148,6369,43871,430,3.5
12149,6369,43871,624,1.5
12150,6368,43869,442,4
12151,6367,43838,73,3.5
12152,6366,43836,91,3.5
12153,6366,43836,213,1
12154,6366,43836,418,1.5
12155,6366,43836,430,2.5
12156,6365,43832,580,3
12157,6364,43744,52,4
12158,6364,43744,238,4
12159,6363,43708,547,3.5
12160,6362,43679,78,4.5
12161,6362,43679,430,3.5
12162,6361,43635,547,4
12163,6360,43560,213,3
12164,6360,43560,654,4.5
12165,6359,43558,624,2
12166,6358,43556,8,3.5
12167,6357,43419,176,2
12168,6356,43396,117,3.5
12169,6356,43396,164,3
12170,6356,43396,253,4
12171,6356,43396,333,3.5
12172,6356,43396,353,3.5
12173,6356,43396,380,3.5
12174,6356,43396,472,4
12175,6356,43396,505,3.5
12176,6355,43391,471,3
12177,6354,43376,133,3
12178,6354,43376,531,3.5
12179,6354,43376,544,4.5
12180,6353,43351,547,3
12181,6352,43333,547,4
12182,6351,43267,501,5
12183,6350,43177,187,1
12184,6349,42958,382,3.5
12185,6348,42946,580,3
12186,6347,42935,132,4
12187,6346,42900,299,5
12188,6345,42783,394,1.5
12189,6344,42740,547,2.5
12190,6343,42738,79,2.5
12191,6343,42738,104,3.5
12192,6343,42738,212,3
12193,6343,42738,213,3.5
12194,6343,42738,251,3.5
12195,6343,42738,294,4
12196,6343,42738,353,2.5
12197,6343,42738,367,3
12198,6343,42738,380,3
12199,6343,42738,384,2.5
12200,6343,42738,430,4.5
12201,6343,42738,475,2.5
12202,6343,42738,572,4
12203,6343,42738,580,2.5
12204,6343,42738,615,3
12205,6342,42734,23,3
12206,6342,42734,430,4.5
12207,6342,42734,654,3
12208,6341,42732,169,2
12209,6341,42732,294,4.5
12210,6340,42730,461,3
12211,6339,42728,461,3
12212,6338,42725,73,3.5
12213,6338,42725,380,4
12214,6338,42725,457,3
12215,6337,42723,48,3
12216,6337,42723,73,3
12217,6337,42723,205,0.5
12218,6337,42723,262,3
12219,6337,42723,299,4
12220,6337,42723,353,1
12221,6337,42723,384,3.5
12222,6337,42723,572,3
12223,6336,42721,213,1
12224,6335,42718,15,4.5
12225,6335,42718,346,4
12226,6335,42718,384,3.5
12227,6335,42718,584,3
12228,6334,42681,468,3.5
12229,6333,42677,481,4.5
12230,6332,42632,157,4
12231,6332,42632,262,3
12232,6332,42632,423,2.5
12233,6331,42418,23,3.5
12234,6331,42418,149,5
12235,6331,42418,388,4.5
12236,6331,42418,475,2
12237,6330,42351,303,4
12238,6328,42197,199,3.5
12239,6328,42197,501,2.5
12240,6328,42197,531,3.5
12241,6327,42191,287,4.5
12242,6326,42163,468,3.5
12243,6326,42163,519,5
12244,6325,42015,200,3.5
12245,6325,42015,255,3
12246,6325,42015,382,2
12247,6324,42013,430,2
12248,6324,42013,457,1.5
12249,6323,42011,73,3
12250,6323,42011,205,2.5
12251,6323,42011,250,3.5
12252,6323,42011,311,2.5
12253,6323,42011,353,1.5
12254,6323,42011,367,2
12255,6323,42011,380,2
12256,6323,42011,430,2
12257,6323,42011,457,1
12258,6323,42011,475,2
12259,6323,42011,494,3
12260,6323,42011,522,2
12261,6322,42009,654,3
12262,6321,42007,8,2
12263,6321,42007,367,2
12264,6321,42007,418,3.5
12265,6320,42004,23,4
12266,6320,42004,187,5
12267,6320,42004,283,4
12268,6320,42004,430,4
12269,6320,42004,431,5
12270,6319,42002,75,4
12271,6319,42002,353,1
12272,6319,42002,384,3.5
12273,6318,41997,15,2.5
12274,6318,41997,23,4
12275,6318,41997,26,4
12276,6318,41997,73,4
12277,6318,41997,124,4
12278,6318,41997,152,3.5
12279,6318,41997,212,3
12280,6318,41997,275,4
12281,6318,41997,283,5
12282,6318,41997,367,3
12283,6318,41997,380,4
12284,6318,41997,388,4.5
12285,6318,41997,472,3.5
12286,6318,41997,475,3.5
12287,6318,41997,480,4
12288,6318,41997,481,3.5
12289,6318,41997,494,4
12290,6318,41997,531,1.5
12291,6318,41997,544,4.5
12292,6318,41997,562,3.5
12293,6318,41997,580,4
12294,6318,41997,596,3
12295,6318,41997,610,4
12296,6318,41997,654,4
12297,6317,41912,648,4.5
12298,6316,41863,23,3.5
12299,6316,41863,547,4
12300,6315,41769,48,3
12301,6314,41716,367,2.5
12302,6314,41716,380,4
12303,6314,41716,384,3
12304,6314,41716,461,3.5
12305,6313,41714,547,3.5
12306,6311,41573,382,5
12307,6310,41571,23,2.5
12308,6310,41571,52,3
12309,6310,41571,176,3
12310,6310,41571,205,4.5
12311,6310,41571,250,4.5
12312,6310,41571,255,2.5
12313,6310,41571,283,3
12314,6310,41571,294,4
12315,6310,41571,430,4
12316,6310,41571,468,2.5
12317,6310,41571,580,3
12318,6309,41569,5,4
12319,6309,41569,23,2
12320,6309,41569,48,3.5
12321,6309,41569,73,2.5
12322,6309,41569,93,3
12323,6309,41569,105,2.5
12324,6309,41569,124,4
12325,6309,41569,213,2.5
12326,6309,41569,244,4
12327,6309,41569,250,4
12328,6309,41569,324,3
12329,6309,41569,380,3.5
12330,6309,41569,426,4
12331,6309,41569,430,2.5
12332,6309,41569,452,4
12333,6309,41569,461,4
12334,6309,41569,468,2.5
12335,6309,41569,475,3
12336,6309,41569,480,3
12337,6309,41569,580,2
12338,6309,41569,596,4
12339,6309,41569,624,4
12340,6309,41569,654,4
12341,6308,41566,5,4
12342,6308,41566,56,4
12343,6308,41566,61,2.5
12344,6308,41566,72,3
12345,6308,41566,73,3
12346,6308,41566,88,4
12347,6308,41566,93,4
12348,6308,41566,130,5
12349,6308,41566,133,1
12350,6308,41566,152,3.5
12351,6308,41566,176,2.5
12352,6308,41566,187,3.5
12353,6308,41566,205,5
12354,6308,41566,212,4
12355,6308,41566,213,3
12356,6308,41566,253,4.5
12357,6308,41566,255,3
12358,6308,41566,292,4.5
12359,6308,41566,294,5
12360,6308,41566,311,3.5
12361,6308,41566,353,3
12362,6308,41566,377,4
12363,6308,41566,380,2.5
12364,6308,41566,382,5
12365,6308,41566,384,3
12366,6308,41566,388,3
12367,6308,41566,407,4
12368,6308,41566,426,3
12369,6308,41566,430,2
12370,6308,41566,461,3
12371,6308,41566,468,2.5
12372,6308,41566,475,3
12373,6308,41566,480,3
12374,6308,41566,481,3
12375,6308,41566,500,3
12376,6308,41566,520,3.5
12377,6308,41566,547,4
12378,6308,41566,553,4.5
12379,6308,41566,561,4
12380,6308,41566,562,4
12381,6308,41566,570,3.5
12382,6308,41566,572,3
12383,6308,41566,580,2
12384,6308,41566,599,3.5
12385,6308,41566,607,2.5
12386,6308,41566,620,4
12387,6308,41566,624,3.5
12388,6308,41566,625,4
12389,6308,41566,654,4
12390,6307,41527,132,4.5
12391,6307,41527,283,5
12392,6307,41527,648,4.5
12393,6306,41336,406,4
12394,6305,41285,23,4.5
12395,6305,41285,73,3.5
12396,6305,41285,283,2.5
12397,6305,41285,320,3.5
12398,6305,41285,367,2
12399,6305,41285,382,1
12400,6305,41285,384,5
12401,6305,41285,407,4.5
12402,6305,41285,457,3
12403,6305,41285,472,3.5
12404,6305,41285,501,4.5
12405,6305,41285,505,3.5
12406,6305,41285,522,3.5
12407,6305,41285,544,5
12408,6305,41285,574,4
12409,6305,41285,587,2.5
12410,6304,41226,468,3.5
12411,6304,41226,529,4
12412,6304,41226,547,4
12413,6303,40959,130,0.5
12414,6303,40959,367,3
12415,6302,40946,380,4
12416,6301,40870,133,3.5
12417,6300,40851,213,3
12418,6300,40851,294,4
12419,6300,40851,380,2
12420,6300,40851,475,2.5
12421,6299,40833,262,2.5
12422,6298,40826,187,4.5
12423,6298,40826,212,3.5
12424,6298,40826,367,0.5
12425,6298,40826,382,2.5
12426,6298,40826,547,3.5
12427,6297,40819,5,4.5
12428,6297,40819,8,3.5
12429,6297,40819,23,3
12430,6297,40819,77,4
12431,6297,40819,88,4.5
12432,6297,40819,94,4
12433,6297,40819,125,4
12434,6297,40819,133,1.5
12435,6297,40819,147,5
12436,6297,40819,152,3
12437,6297,40819,169,5
12438,6297,40819,212,4
12439,6297,40819,251,4
12440,6297,40819,255,3
12441,6297,40819,275,5
12442,6297,40819,294,4.5
12443,6297,40819,311,4.5
12444,6297,40819,362,3
12445,6297,40819,365,4.5
12446,6297,40819,380,3.5
12447,6297,40819,407,4
12448,6297,40819,430,1.5
12449,6297,40819,431,4
12450,6297,40819,442,5
12451,6297,40819,452,4
12452,6297,40819,468,2.5
12453,6297,40819,475,3.5
12454,6297,40819,480,4
12455,6297,40819,481,4.5
12456,6297,40819,505,3
12457,6297,40819,528,4
12458,6297,40819,529,3.5
12459,6297,40819,544,4.5
12460,6297,40819,547,4.5
12461,6297,40819,562,4
12462,6297,40819,574,4.5
12463,6297,40819,580,3.5
12464,6297,40819,596,4.5
12465,6297,40819,615,3.5
12466,6297,40819,620,4
12467,6297,40819,648,4
12468,6297,40819,654,4.5
12469,6296,40817,547,2.5
12470,6295,40815,15,1.5
12471,6295,40815,23,3
12472,6295,40815,42,3.5
12473,6295,40815,52,5
12474,6295,40815,56,4
12475,6295,40815,61,4
12476,6295,40815,73,3.5
12477,6295,40815,78,3.5
12478,6295,40815,84,3.5
12479,6295,40815,88,3.5
12480,6295,40815,133,4
12481,6295,40815,149,4
12482,6295,40815,152,4
12483,6295,40815,169,3
12484,6295,40815,176,3
12485,6295,40815,187,3.5
12486,6295,40815,205,4.5
12487,6295,40815,212,2.5
12488,6295,40815,213,3.5
12489,6295,40815,251,4.5
12490,6295,40815,273,4.5
12491,6295,40815,275,5
12492,6295,40815,294,4.5
12493,6295,40815,303,4
12494,6295,40815,316,4
12495,6295,40815,328,4
12496,6295,40815,346,4
12497,6295,40815,353,3
12498,6295,40815,355,3.5
12499,6295,40815,382,4
12500,6295,40815,402,4
12501,6295,40815,407,4
12502,6295,40815,418,4.5
12503,6295,40815,426,4
12504,6295,40815,428,3.5
12505,6295,40815,430,3.5
12506,6295,40815,446,4.5
12507,6295,40815,457,1
12508,6295,40815,461,4.5
12509,6295,40815,465,4.5
12510,6295,40815,475,4
12511,6295,40815,480,5
12512,6295,40815,500,3.5
12513,6295,40815,520,4
12514,6295,40815,524,4.5
12515,6295,40815,542,4
12516,6295,40815,553,4.5
12517,6295,40815,562,4.5
12518,6295,40815,570,4.5
12519,6295,40815,572,3.5
12520,6295,40815,580,3
12521,6295,40815,599,5
12522,6295,40815,607,4
12523,6295,40815,612,4
12524,6295,40815,615,3.5
12525,6295,40815,620,4
12526,6295,40815,627,4
12527,6295,40815,654,5
12528,6295,40815,660,4.5
12529,6294,40732,73,4
12530,6294,40732,77,2.5
12531,6294,40732,134,5
12532,6294,40732,199,3
12533,6294,40732,332,4.5
12534,6294,40732,423,3.5
12535,6294,40732,480,4.5
12536,6293,40723,353,2
12537,6293,40723,480,4
12538,6292,40629,23,4
12539,6292,40629,48,4.5
12540,6292,40629,56,5
12541,6292,40629,61,3
12542,6292,40629,73,1.5
12543,6292,40629,133,3
12544,6292,40629,187,3
12545,6292,40629,212,3
12546,6292,40629,238,4
12547,6292,40629,292,4.5
12548,6292,40629,294,4
12549,6292,40629,324,3.5
12550,6292,40629,362,2
12551,6292,40629,371,4.5
12552,6292,40629,382,5
12553,6292,40629,461,3.5
12554,6292,40629,465,5
12555,6292,40629,547,4.5
12556,6292,40629,580,4
12557,6292,40629,620,3
12558,6291,40614,367,3.5
12559,6291,40614,380,3
12560,6291,40614,418,4
12561,6291,40614,547,2.5
12562,6290,40597,176,2
12563,6289,40583,8,3.5
12564,6289,40583,15,2
12565,6289,40583,23,4
12566,6289,40583,283,4.5
12567,6289,40583,367,4
12568,6289,40583,380,3.5
12569,6289,40583,388,4
12570,6289,40583,431,5
12571,6289,40583,468,2.5
12572,6289,40583,529,3.5
12573,6289,40583,544,4.5
12574,6289,40583,547,4
12575,6289,40583,574,4
12576,6289,40583,580,2
12577,6289,40583,596,4
12578,6289,40583,664,4
12579,6288,40581,402,4
12580,6288,40581,599,4.5
12581,6287,40574,73,3
12582,6286,40491,81,4.5
12583,6285,40414,94,4
12584,6285,40414,116,5
12585,6285,40414,362,4
12586,6284,40412,262,5
12587,6284,40412,480,4.5
12588,6283,40339,205,2
12589,6283,40339,213,1.5
12590,6283,40339,353,2
12591,6283,40339,384,3
12592,6283,40339,418,3.5
12593,6283,40339,580,2
12594,6282,40278,23,3.5
12595,6282,40278,73,3.5
12596,6282,40278,200,3.5
12597,6282,40278,205,1.5
12598,6282,40278,307,4
12599,6282,40278,353,3
12600,6282,40278,380,4
12601,6282,40278,407,4
12602,6282,40278,468,2.5
12603,6282,40278,544,4.5
12604,6282,40278,612,4
12605,6282,40278,624,3.5
12606,6282,40278,654,4
12607,6281,40226,299,5
12608,6280,40148,212,4
12609,6280,40148,501,5
12610,6279,39941,547,4
12611,6278,39869,23,4
12612,6278,39869,481,4
12613,6277,39779,547,3.5
12614,6276,39768,132,4.5
12615,6275,39715,205,3.5
12616,6275,39715,384,3.5
12617,6275,39715,557,4
12618,6275,39715,571,3.5
12619,6275,39715,584,2.5
12620,6274,39659,299,3.5
12621,6273,39446,73,3.5
12622,6273,39446,75,4
12623,6273,39446,187,1.5
12624,6273,39446,199,4
12625,6273,39446,205,0.5
12626,6273,39446,212,3.5
12627,6273,39446,332,4.5
12628,6273,39446,384,3.5
12629,6273,39446,426,4.5
12630,6273,39446,457,1.5
12631,6273,39446,471,4
12632,6273,39446,475,1
12633,6273,39446,480,4
12634,6273,39446,501,4
12635,6273,39446,584,2.5
12636,6273,39446,596,3.5
12637,6273,39446,627,4
12638,6273,39446,664,4.5
12639,6272,39444,384,3
12640,6272,39444,475,3.5
12641,6272,39444,624,3
12642,6271,39435,212,3.5
12643,6271,39435,294,4
12644,6271,39435,402,3
12645,6271,39435,475,2
12646,6270,39427,526,4.5
12647,6268,39419,547,2.5
12648,6267,39416,106,5
12649,6266,39414,143,5
12650,6266,39414,388,4
12651,6266,39414,547,4
12652,6265,39408,106,0.5
12653,6264,39398,380,3
12654,6263,39381,73,3.5
12655,6263,39381,262,2
12656,6263,39381,547,3.5
12657,6262,39307,382,4
12658,6262,39307,547,2.5
12659,6261,39292,15,4.5
12660,6261,39292,23,4.5
12661,6261,39292,56,4
12662,6261,39292,79,3
12663,6261,39292,94,3.5
12664,6261,39292,203,3.5
12665,6261,39292,283,5
12666,6261,39292,311,4.5
12667,6261,39292,382,2
12668,6261,39292,384,2
12669,6261,39292,388,3.5
12670,6261,39292,402,4.5
12671,6261,39292,407,5
12672,6261,39292,423,3.5
12673,6261,39292,427,4
12674,6261,39292,431,4
12675,6261,39292,452,5
12676,6261,39292,468,3.5
12677,6261,39292,472,2.5
12678,6261,39292,505,3.5
12679,6261,39292,520,4.5
12680,6261,39292,529,4
12681,6261,39292,544,4.5
12682,6261,39292,547,4
12683,6261,39292,561,4
12684,6261,39292,580,4
12685,6261,39292,654,3.5
12686,6260,39234,212,4
12687,6259,39231,23,4
12688,6259,39231,212,3.5
12689,6258,39183,23,4.5
12690,6258,39183,52,4.5
12691,6258,39183,78,5
12692,6258,39183,133,0.5
12693,6258,39183,244,0.5
12694,6258,39183,255,4.5
12695,6258,39183,273,4
12696,6258,39183,283,4.5
12697,6258,39183,303,4.5
12698,6258,39183,316,2
12699,6258,39183,320,2
12700,6258,39183,382,2
12701,6258,39183,407,5
12702,6258,39183,427,4.5
12703,6258,39183,430,1.5
12704,6258,39183,431,4.5
12705,6258,39183,433,4.5
12706,6258,39183,442,2.5
12707,6258,39183,452,4.5
12708,6258,39183,461,3.5
12709,6258,39183,481,5
12710,6258,39183,483,2
12711,6258,39183,528,3.5
12712,6258,39183,529,4.5
12713,6258,39183,547,5
12714,6258,39183,587,5
12715,6258,39183,624,3
12716,6258,39183,627,4
12717,6258,39183,648,4
12718,6257,39052,471,3
12719,6256,38994,547,2
12720,6255,38992,380,3
12721,6255,38992,472,3.5
12722,6254,38886,15,1.5
12723,6254,38886,52,2
12724,6254,38886,56,4
12725,6254,38886,132,4.5
12726,6254,38886,212,3
12727,6254,38886,230,5
12728,6254,38886,262,4
12729,6254,38886,275,4
12730,6254,38886,388,4.5
12731,6254,38886,547,2.5
12732,6253,38798,255,3
12733,6253,38798,380,3
12734,6253,38798,465,3
12735,6253,38798,547,3.5
12736,6252,38499,78,5
12737,6252,38499,212,4
12738,6252,38499,324,4
12739,6252,38499,547,4.5
12740,6252,38499,574,4.5
12741,6251,38384,587,3.5
12742,6250,38304,468,4
12743,6250,38304,529,4
12744,6250,38304,547,4.5
12745,6249,38061,15,4.5
12746,6249,38061,26,4.5
12747,6249,38061,40,5
12748,6249,38061,56,4
12749,6249,38061,73,1.5
12750,6249,38061,149,4
12751,6249,38061,152,2.5
12752,6249,38061,176,2.5
12753,6249,38061,230,5
12754,6249,38061,250,4
12755,6249,38061,307,4
12756,6249,38061,353,3.5
12757,6249,38061,388,3
12758,6249,38061,423,3.5
12759,6249,38061,430,5
12760,6249,38061,433,4.5
12761,6249,38061,457,2.5
12762,6249,38061,500,5
12763,6249,38061,519,3.5
12764,6249,38061,547,2.5
12765,6249,38061,553,4.5
12766,6249,38061,563,4
12767,6249,38061,572,3.5
12768,6249,38061,574,4
12769,6249,38061,584,3.5
12770,6249,38061,596,3.5
12771,6249,38061,610,3.5
12772,6249,38061,624,4.5
12773,6249,38061,664,4.5
12774,6248,38038,20,4.5
12775,6248,38038,23,4
12776,6248,38038,26,3
12777,6248,38038,48,3.5
12778,6248,38038,56,4
12779,6248,38038,77,3.5
12780,6248,38038,212,3.5
12781,6248,38038,234,2
12782,6248,38038,275,4.5
12783,6248,38038,283,5
12784,6248,38038,287,4
12785,6248,38038,294,4
12786,6248,38038,324,3.5
12787,6248,38038,328,4.5
12788,6248,38038,382,3
12789,6248,38038,407,5
12790,6248,38038,423,3.5
12791,6248,38038,426,3.5
12792,6248,38038,461,4.5
12793,6248,38038,472,4
12794,6248,38038,505,3.5
12795,6248,38038,531,3
12796,6248,38038,580,4
12797,6248,38038,607,4
12798,6248,38038,610,1
12799,6248,38038,624,3.5
12800,6248,38038,648,4
12801,6248,38038,654,5
12802,6247,37857,77,4
12803,6247,37857,205,5
12804,6247,37857,664,4
12805,6246,37855,547,3
12806,6245,37853,226,3.5
12807,6245,37853,380,3
12808,6244,37830,48,3.5
12809,6244,37830,176,4
12810,6244,37830,199,3.5
12811,6244,37830,205,4
12812,6244,37830,213,3
12813,6244,37830,384,1.5
12814,6244,37830,430,4
12815,6244,37830,475,3
12816,6243,37785,468,3
12817,6242,37741,15,2.5
12818,6242,37741,23,4
12819,6242,37741,26,3.5
12820,6242,37741,388,4.5
12821,6242,37741,407,5
12822,6242,37741,427,4.5
12823,6242,37741,431,5
12824,6242,37741,445,2
12825,6242,37741,452,4.5
12826,6242,37741,468,3.5
12827,6242,37741,472,4.5
12828,6242,37741,481,4
12829,6242,37741,505,4
12830,6242,37741,544,4
12831,6242,37741,547,4.5
12832,6242,37741,587,4
12833,6242,37741,596,3.5
12834,6242,37741,654,3.5
12835,6242,37741,664,3.5
12836,6241,37739,253,3.5
12837,6240,37736,23,3
12838,6239,37733,23,3.5
12839,6239,37733,56,2
12840,6239,37733,73,4
12841,6239,37733,212,3
12842,6239,37733,213,3.5
12843,6239,37733,299,3.5
12844,6239,37733,313,3
12845,6239,37733,362,5
12846,6239,37733,371,5
12847,6239,37733,384,3
12848,6239,37733,431,4.5
12849,6239,37733,457,3.5
12850,6239,37733,461,3.5
12851,6239,37733,468,3
12852,6239,37733,520,3
12853,6239,37733,547,4
12854,6239,37733,561,4.5
12855,6239,37733,587,3.5
12856,6239,37733,654,4.5
12857,6239,37733,664,3
12858,6238,37731,26,3
12859,6238,37731,73,4.5
12860,6238,37731,81,3
12861,6238,37731,157,4.5
12862,6238,37731,353,3.5
12863,6238,37731,430,3.5
12864,6238,37731,475,3
12865,6238,37731,480,1.5
12866,6238,37731,501,5
12867,6238,37731,524,5
12868,6237,37729,15,2
12869,6237,37729,22,5
12870,6237,37729,48,3
12871,6237,37729,77,4
12872,6237,37729,205,4
12873,6237,37729,212,4.5
12874,6237,37729,234,3.5
12875,6237,37729,251,5
12876,6237,37729,255,4.5
12877,6237,37729,294,3.5
12878,6237,37729,299,3
12879,6237,37729,362,4
12880,6237,37729,378,4
12881,6237,37729,407,4.5
12882,6237,37729,423,4
12883,6237,37729,500,3.5
12884,6237,37729,561,3.5
12885,6237,37729,580,3
12886,6237,37729,620,3.5
12887,6237,37729,654,4
12888,6237,37729,664,2.5
12889,6236,37727,52,2
12890,6236,37727,213,3.5
12891,6236,37727,313,3
12892,6236,37727,367,2.5
12893,6236,37727,380,1.5
12894,6236,37727,418,4
12895,6236,37727,423,1
12896,6236,37727,457,2
12897,6236,37727,570,2.5
12898,6236,37727,624,2
12899,6236,37727,654,3
12900,6235,37720,367,3
12901,6235,37720,596,3.5
12902,6234,37477,353,2.5
12903,6233,37475,124,3.5
12904,6233,37475,169,4.5
12905,6232,37386,15,2
12906,6232,37386,73,3
12907,6232,37386,205,3.5
12908,6232,37386,213,1.5
12909,6232,37386,353,1
12910,6232,37386,367,3.5
12911,6232,37386,384,2.5
12912,6232,37386,430,4.5
12913,6232,37386,475,1
12914,6232,37386,477,5
12915,6232,37386,561,4
12916,6232,37386,596,0.5
12917,6232,37386,624,1
12918,6231,37384,267,4
12919,6231,37384,297,3.5
12920,6231,37384,380,3.5
12921,6231,37384,457,2.5
12922,6231,37384,599,3.5
12923,6230,37382,384,4
12924,6230,37382,388,2.5
12925,6229,37380,213,2.5
12926,6229,37380,353,2.5
12927,6229,37380,355,2
12928,6229,37380,380,3
12929,6229,37380,475,1
12930,6228,37277,547,1
12931,6227,37240,208,4
12932,6227,37240,283,4.5
12933,6227,37240,388,4
12934,6227,37240,547,2.5
12935,6226,37211,547,2.5
12936,6226,37211,624,3
12937,6225,36931,584,5
12938,6224,36708,73,3.5
12939,6224,36708,77,3.5
12940,6224,36708,250,4
12941,6224,36708,346,3
12942,6224,36708,353,3.5
12943,6224,36708,380,4
12944,6224,36708,480,4.5
12945,6224,36708,624,4.5
12946,6223,36553,468,3
12947,6222,36535,23,4.5
12948,6222,36535,48,3.5
12949,6222,36535,133,1
12950,6222,36535,270,3.5
12951,6222,36535,468,2.5
12952,6222,36535,580,4
12953,6222,36535,610,4
12954,6221,36533,384,2.5
12955,6220,36529,15,1
12956,6220,36529,23,3.5
12957,6220,36529,26,4
12958,6220,36529,72,3.5
12959,6220,36529,73,3.5
12960,6220,36529,78,5
12961,6220,36529,84,3.5
12962,6220,36529,149,4
12963,6220,36529,152,3.5
12964,6220,36529,157,4
12965,6220,36529,159,3
12966,6220,36529,176,3.5
12967,6220,36529,200,5
12968,6220,36529,212,3
12969,6220,36529,213,2
12970,6220,36529,230,2.5
12971,6220,36529,353,3.5
12972,6220,36529,355,4
12973,6220,36529,367,3
12974,6220,36529,380,4
12975,6220,36529,384,3
12976,6220,36529,407,4.5
12977,6220,36529,473,5
12978,6220,36529,475,4
12979,6220,36529,481,4
12980,6220,36529,520,3.5
12981,6220,36529,563,3.5
12982,6220,36529,574,4.5
12983,6220,36529,615,4.5
12984,6220,36529,648,4
12985,6220,36529,664,4.5
12986,6219,36527,341,5
12987,6219,36527,407,4.5
12988,6219,36527,452,3
12989,6219,36527,544,4
12990,6219,36527,648,4
12991,6219,36527,652,4
12992,6218,36525,169,3
12993,6218,36525,200,1
12994,6218,36525,212,3
12995,6218,36525,213,3
12996,6218,36525,294,4
12997,6218,36525,313,3
12998,6218,36525,402,4.5
12999,6218,36525,523,3
13000,6217,36519,73,2.5
13001,6217,36519,205,3
13002,6217,36519,212,3.5
13003,6217,36519,213,2.5
13004,6217,36519,339,3.5
13005,6217,36519,353,1.5
13006,6217,36519,367,2.5
13007,6217,36519,384,3.5
13008,6217,36519,461,3.5
13009,6217,36519,475,1.5
13010,6217,36519,501,3.5
13011,6217,36519,570,5
13012,6217,36519,572,3
13013,6217,36519,607,3
13014,6216,36517,15,1.5
13015,6216,36517,23,3.5
13016,6216,36517,88,4
13017,6216,36517,152,3.5
13018,6216,36517,212,2.5
13019,6216,36517,283,4
13020,6216,36517,367,3.5
13021,6216,36517,380,3.5
13022,6216,36517,407,4.5
13023,6216,36517,431,5
13024,6216,36517,468,3
13025,6216,36517,505,3.5
13026,6216,36517,520,3.5
13027,6216,36517,522,2.5
13028,6216,36517,529,4.5
13029,6216,36517,547,4
13030,6216,36517,580,3
13031,6216,36517,664,2.5
13032,6215,36509,367,2.5
13033,6214,36401,176,2
13034,6214,36401,212,2.5
13035,6214,36401,213,2
13036,6214,36401,255,3.5
13037,6214,36401,294,4
13038,6214,36401,299,4
13039,6214,36401,367,2.5
13040,6214,36401,380,2
13041,6214,36401,382,1
13042,6214,36401,475,1.5
13043,6214,36401,624,3
13044,6213,36397,353,1.5
13045,6212,36289,200,2
13046,6211,36276,48,2.5
13047,6211,36276,81,4
13048,6211,36276,262,2
13049,6211,36276,283,2.5
13050,6211,36276,480,3.5
13051,6211,36276,481,4
13052,6210,36152,547,3
13053,6209,35957,15,2.5
13054,6209,35957,213,3.5
13055,6209,35957,294,4
13056,6209,35957,353,3
13057,6209,35957,367,3
13058,6209,35957,418,4
13059,6209,35957,654,4.5
13060,6208,35836,5,4
13061,6208,35836,15,3
13062,6208,35836,56,5
13063,6208,35836,73,3
13064,6208,35836,83,3.5
13065,6208,35836,84,4
13066,6208,35836,88,2.5
13067,6208,35836,91,4
13068,6208,35836,94,4.5
13069,6208,35836,97,3.5
13070,6208,35836,125,4
13071,6208,35836,147,1.5
13072,6208,35836,149,1.5
13073,6208,35836,157,3
13074,6208,35836,187,5
13075,6208,35836,205,2
13076,6208,35836,207,4
13077,6208,35836,212,3.5
13078,6208,35836,244,5
13079,6208,35836,250,4
13080,6208,35836,268,5
13081,6208,35836,292,3.5
13082,6208,35836,297,4
13083,6208,35836,313,3.5
13084,6208,35836,324,2.5
13085,6208,35836,380,4
13086,6208,35836,388,4.5
13087,6208,35836,402,3
13088,6208,35836,423,3.5
13089,6208,35836,426,4
13090,6208,35836,428,4
13091,6208,35836,433,4.5
13092,6208,35836,457,3.5
13093,6208,35836,461,4
13094,6208,35836,475,3.5
13095,6208,35836,480,3.5
13096,6208,35836,500,2
13097,6208,35836,519,4.5
13098,6208,35836,522,3.5
13099,6208,35836,527,4.5
13100,6208,35836,531,2.5
13101,6208,35836,547,3.5
13102,6208,35836,553,4
13103,6208,35836,557,2
13104,6208,35836,561,4.5
13105,6208,35836,562,4.5
13106,6208,35836,580,4
13107,6208,35836,615,3
13108,6208,35836,624,4
13109,6208,35836,654,5
13110,6208,35836,664,3.5
13111,6207,34608,547,3
13112,6206,34583,468,3
13113,6205,34552,529,4
13114,6205,34552,584,3.5
13115,6204,34542,15,3.5
13116,6204,34542,105,4.5
13117,6204,34542,152,3
13118,6204,34542,423,4
13119,6204,34542,452,3.5
13120,6204,34542,468,4
13121,6204,34542,544,5
13122,6204,34542,547,3
13123,6204,34542,580,3.5
13124,6204,34542,624,3.5
13125,6203,34536,380,4
13126,6202,34534,213,1.5
13127,6202,34534,353,3
13128,6202,34534,457,2
13129,6202,34534,570,3.5
13130,6201,34532,187,3.5
13131,6201,34532,212,3.5
13132,6201,34532,367,3.5
13133,6201,34532,418,3.5
13134,6201,34532,654,4
13135,6200,34530,73,2
13136,6200,34530,380,1
13137,6199,34528,56,4
13138,6199,34528,654,4
13139,6198,34523,353,1
13140,6198,34523,380,3.5
13141,6197,34520,384,3
13142,6197,34520,624,2
13143,6195,34437,17,5
13144,6195,34437,23,3
13145,6195,34437,26,3
13146,6195,34437,73,3.5
13147,6195,34437,97,3
13148,6195,34437,143,3
13149,6195,34437,255,4.5
13150,6195,34437,262,2
13151,6195,34437,275,4.5
13152,6195,34437,299,5
13153,6195,34437,468,3.5
13154,6195,34437,481,4.5
13155,6195,34437,547,3
13156,6195,34437,596,3.5
13157,6195,34437,610,3
13158,6194,34435,572,4.5
13159,6193,34405,15,0.5
13160,6193,34405,48,3.5
13161,6193,34405,73,3.5
13162,6193,34405,77,4.5
13163,6193,34405,88,3
13164,6193,34405,94,3.5
13165,6193,34405,124,2.5
13166,6193,34405,134,5
13167,6193,34405,152,4
13168,6193,34405,157,3.5
13169,6193,34405,169,5
13170,6193,34405,178,3.5
13171,6193,34405,199,3
13172,6193,34405,212,4
13173,6193,34405,213,3.5
13174,6193,34405,251,3
13175,6193,34405,270,5
13176,6193,34405,298,5
13177,6193,34405,316,4
13178,6193,34405,328,4.5
13179,6193,34405,346,3
13180,6193,34405,352,4
13181,6193,34405,353,4
13182,6193,34405,355,3
13183,6193,34405,367,2.5
13184,6193,34405,380,4.5
13185,6193,34405,402,4.5
13186,6193,34405,461,4
13187,6193,34405,480,5
13188,6193,34405,483,0.5
13189,6193,34405,494,4
13190,6193,34405,528,4
13191,6193,34405,553,4
13192,6193,34405,561,4.5
13193,6193,34405,580,4.5
13194,6193,34405,601,4
13195,6193,34405,607,5
13196,6193,34405,615,4
13197,6193,34405,654,4.5
13198,6193,34405,664,4
13199,6192,34364,547,3
13200,6191,34359,547,3.5
13201,6190,34338,380,4
13202,6190,34338,428,5
13203,6190,34338,509,3
13204,6190,34338,547,4.5
13205,6190,34338,562,3
13206,6190,34338,571,4.5
13207,6189,34336,382,3
13208,6188,34334,15,1.5
13209,6188,34334,353,2
13210,6188,34334,367,3
13211,6188,34334,380,2
13212,6187,34332,136,3.5
13213,6187,34332,149,4
13214,6187,34332,169,4
13215,6187,34332,205,2.5
13216,6187,34332,213,3
13217,6187,34332,294,4.5
13218,6187,34332,346,4.5
13219,6187,34332,353,3
13220,6187,34332,380,3
13221,6187,34332,382,3
13222,6187,34332,475,2
13223,6187,34332,654,4.5
13224,6186,34326,23,4
13225,6186,34326,299,5
13226,6185,34323,48,3
13227,6185,34323,262,2
13228,6185,34323,299,5
13229,6184,34321,364,5
13230,6184,34321,384,3
13231,6184,34321,468,2
13232,6183,34319,15,1
13233,6183,34319,73,3
13234,6183,34319,75,4
13235,6183,34319,77,2
13236,6183,34319,150,4
13237,6183,34319,199,3.5
13238,6183,34319,212,2
13239,6183,34319,213,3.5
13240,6183,34319,244,3.5
13241,6183,34319,250,4.5
13242,6183,34319,339,3.5
13243,6183,34319,353,2.5
13244,6183,34319,355,3
13245,6183,34319,367,3.5
13246,6183,34319,380,2.5
13247,6183,34319,384,3.5
13248,6183,34319,475,2
13249,6183,34319,501,3.5
13250,6183,34319,584,4
13251,6183,34319,596,3.5
13252,6183,34319,654,4
13253,6183,34319,664,3
13254,6182,34271,353,2
13255,6182,34271,509,3.5
13256,6181,34198,283,3
13257,6180,34164,187,4
13258,6180,34164,427,4.5
13259,6179,34162,5,4.5
13260,6179,34162,8,3.5
13261,6179,34162,15,1
13262,6179,34162,56,4
13263,6179,34162,61,4
13264,6179,34162,73,3
13265,6179,34162,84,3.5
13266,6179,34162,91,4.5
13267,6179,34162,94,3.5
13268,6179,34162,105,3.5
13269,6179,34162,125,4
13270,6179,34162,149,3.5
13271,6179,34162,179,4
13272,6179,34162,187,5
13273,6179,34162,199,3.5
13274,6179,34162,205,3
13275,6179,34162,238,4
13276,6179,34162,244,4
13277,6179,34162,297,2
13278,6179,34162,316,3.5
13279,6179,34162,353,3.5
13280,6179,34162,380,4
13281,6179,34162,384,3.5
13282,6179,34162,388,4.5
13283,6179,34162,402,4.5
13284,6179,34162,418,4
13285,6179,34162,427,2
13286,6179,34162,433,3
13287,6179,34162,457,3
13288,6179,34162,465,4
13289,6179,34162,475,2.5
13290,6179,34162,480,3.5
13291,6179,34162,500,3
13292,6179,34162,522,4
13293,6179,34162,547,3
13294,6179,34162,562,4
13295,6179,34162,574,3.5
13296,6179,34162,580,4
13297,6179,34162,607,3.5
13298,6179,34162,615,3
13299,6179,34162,624,4
13300,6179,34162,664,3.5
13301,6178,34153,59,4
13302,6178,34153,294,4
13303,6178,34153,427,4.5
13304,6178,34153,452,3.5
13305,6178,34153,528,4
13306,6177,34150,15,1
13307,6177,34150,61,2.5
13308,6177,34150,73,3
13309,6177,34150,157,2
13310,6177,34150,212,3.5
13311,6177,34150,213,4
13312,6177,34150,294,4
13313,6177,34150,324,3.5
13314,6177,34150,380,2.5
13315,6177,34150,384,2.5
13316,6177,34150,433,1.5
13317,6177,34150,475,1
13318,6177,34150,572,3
13319,6177,34150,620,2
13320,6177,34150,624,2
13321,6176,34143,23,2.5
13322,6176,34143,367,3.5
13323,6176,34143,380,2
13324,6175,34129,380,2
13325,6174,34072,15,1.5
13326,6174,34072,283,5
13327,6174,34072,294,4
13328,6174,34072,431,5
13329,6174,34072,442,4
13330,6174,34072,468,3
13331,6174,34072,481,4
13332,6174,34072,562,4
13333,6174,34072,654,4.5
13334,6173,34048,15,0.5
13335,6173,34048,17,3
13336,6173,34048,23,3
13337,6173,34048,73,2.5
13338,6173,34048,78,2
13339,6173,34048,149,3
13340,6173,34048,150,2.5
13341,6173,34048,157,2
13342,6173,34048,164,3.5
13343,6173,34048,212,3
13344,6173,34048,213,3.5
13345,6173,34048,250,4
13346,6173,34048,283,3
13347,6173,34048,287,4.5
13348,6173,34048,316,2.5
13349,6173,34048,324,2.5
13350,6173,34048,353,2
13351,6173,34048,355,4
13352,6173,34048,367,3.5
13353,6173,34048,380,2.5
13354,6173,34048,384,2.5
13355,6173,34048,402,3
13356,6173,34048,426,4.5
13357,6173,34048,461,3.5
13358,6173,34048,468,2.5
13359,6173,34048,475,2.5
13360,6173,34048,481,2
13361,6173,34048,486,2.5
13362,6173,34048,520,0.5
13363,6173,34048,540,4.5
13364,6173,34048,547,3.5
13365,6173,34048,572,3.5
13366,6173,34048,580,2.5
13367,6173,34048,596,3
13368,6173,34048,612,3
13369,6173,34048,615,2.5
13370,6173,34048,624,3
13371,6173,34048,627,1
13372,6173,34048,654,4
13373,6173,34048,664,3
13374,6172,34018,547,3
13375,6172,34018,624,3
13376,6171,34002,547,2.5
13377,6170,33917,547,4
13378,6169,33912,547,4
13379,6168,33903,23,3.5
13380,6168,33903,304,4
13381,6168,33903,481,5
13382,6168,33903,544,4.5
13383,6167,33896,262,2.5
13384,6166,33880,56,2
13385,6166,33880,262,3
13386,6166,33880,427,2.5
13387,6166,33880,547,2.5
13388,6166,33880,587,3.5
13389,6165,33838,427,3.5
13390,6164,33836,200,3
13391,6164,33836,212,1
13392,6164,33836,213,1.5
13393,6164,33836,294,4.5
13394,6164,33836,402,3
13395,6164,33836,547,0.5
13396,6164,33836,654,2
13397,6163,33834,73,3
13398,6163,33834,332,3.5
13399,6163,33834,346,4.5
13400,6163,33834,353,2.5
13401,6163,33834,355,3
13402,6162,33830,402,3
13403,6162,33830,624,2
13404,6161,33826,380,4
13405,6160,33817,262,1
13406,6160,33817,388,3.5
13407,6159,33794,8,4.5
13408,6159,33794,15,4.5
13409,6159,33794,22,3
13410,6159,33794,23,3.5
13411,6159,33794,26,4
13412,6159,33794,31,4.5
13413,6159,33794,38,4
13414,6159,33794,40,4
13415,6159,33794,42,3.5
13416,6159,33794,46,5
13417,6159,33794,54,1
13418,6159,33794,56,4
13419,6159,33794,59,2
13420,6159,33794,61,5
13421,6159,33794,72,3
13422,6159,33794,73,4
13423,6159,33794,75,4.5
13424,6159,33794,77,4
13425,6159,33794,78,4
13426,6159,33794,84,4
13427,6159,33794,88,2
13428,6159,33794,89,5
13429,6159,33794,91,5
13430,6159,33794,94,3
13431,6159,33794,101,5
13432,6159,33794,104,4.5
13433,6159,33794,130,3
13434,6159,33794,134,3
13435,6159,33794,138,4
13436,6159,33794,143,2.5
13437,6159,33794,146,3.5
13438,6159,33794,152,4
13439,6159,33794,157,4
13440,6159,33794,165,3.5
13441,6159,33794,169,5
13442,6159,33794,176,2.5
13443,6159,33794,199,4
13444,6159,33794,205,4.5
13445,6159,33794,212,4.5
13446,6159,33794,213,3.5
13447,6159,33794,219,5
13448,6159,33794,228,4
13449,6159,33794,234,4
13450,6159,33794,268,4
13451,6159,33794,270,4
13452,6159,33794,272,4
13453,6159,33794,273,4
13454,6159,33794,275,5
13455,6159,33794,276,2.5
13456,6159,33794,287,5
13457,6159,33794,294,4
13458,6159,33794,307,4
13459,6159,33794,313,3
13460,6159,33794,316,3.5
13461,6159,33794,346,1
13462,6159,33794,353,3.5
13463,6159,33794,355,3.5
13464,6159,33794,362,4
13465,6159,33794,365,3.5
13466,6159,33794,367,3.5
13467,6159,33794,378,0.5
13468,6159,33794,380,3.5
13469,6159,33794,384,4
13470,6159,33794,388,4.5
13471,6159,33794,402,3.5
13472,6159,33794,407,4
13473,6159,33794,418,4
13474,6159,33794,423,4
13475,6159,33794,426,4
13476,6159,33794,428,4
13477,6159,33794,430,5
13478,6159,33794,431,3.5
13479,6159,33794,433,3.5
13480,6159,33794,450,3
13481,6159,33794,456,3.5
13482,6159,33794,461,4
13483,6159,33794,468,3
13484,6159,33794,473,4
13485,6159,33794,475,3.5
13486,6159,33794,479,5
13487,6159,33794,480,4
13488,6159,33794,483,3.5
13489,6159,33794,509,4.5
13490,6159,33794,515,4.5
13491,6159,33794,522,3.5
13492,6159,33794,524,4
13493,6159,33794,528,3.5
13494,6159,33794,544,4.5
13495,6159,33794,553,5
13496,6159,33794,561,4.5
13497,6159,33794,562,4.5
13498,6159,33794,563,4
13499,6159,33794,570,2
13500,6159,33794,574,3.5
13501,6159,33794,580,4.5
13502,6159,33794,584,5
13503,6159,33794,607,5
13504,6159,33794,615,4
13505,6159,33794,622,5
13506,6159,33794,623,5
13507,6159,33794,624,3.5
13508,6159,33794,627,4
13509,6159,33794,632,4
13510,6159,33794,654,4.5
13511,6159,33794,664,4
13512,6158,33760,394,3.5
13513,6157,33750,648,4
13514,6156,33688,384,1
13515,6155,33683,17,2
13516,6155,33683,262,3
13517,6154,33681,213,0.5
13518,6154,33681,468,0.5
13519,6154,33681,542,3.5
13520,6153,33679,5,4
13521,6153,33679,15,3.5
13522,6153,33679,48,3.5
13523,6153,33679,61,4
13524,6153,33679,73,2
13525,6153,33679,91,4.5
13526,6153,33679,97,2
13527,6153,33679,125,3.5
13528,6153,33679,149,2.5
13529,6153,33679,200,3
13530,6153,33679,205,4
13531,6153,33679,212,2.5
13532,6153,33679,213,3.5
13533,6153,33679,238,3.5
13534,6153,33679,250,4
13535,6153,33679,255,3
13536,6153,33679,294,4
13537,6153,33679,316,3.5
13538,6153,33679,339,3.5
13539,6153,33679,346,2.5
13540,6153,33679,353,3.5
13541,6153,33679,367,3.5
13542,6153,33679,371,3
13543,6153,33679,378,0.5
13544,6153,33679,380,3.5
13545,6153,33679,382,2.5
13546,6153,33679,384,2.5
13547,6153,33679,418,4
13548,6153,33679,426,3.5
13549,6153,33679,457,1
13550,6153,33679,461,3.5
13551,6153,33679,468,1.5
13552,6153,33679,475,3
13553,6153,33679,480,2.5
13554,6153,33679,481,2.5
13555,6153,33679,500,3
13556,6153,33679,501,3.5
13557,6153,33679,547,0.5
13558,6153,33679,553,3.5
13559,6153,33679,561,4
13560,6153,33679,562,4
13561,6153,33679,574,3.5
13562,6153,33679,596,3.5
13563,6153,33679,607,4
13564,6153,33679,612,2.5
13565,6153,33679,615,4
13566,6153,33679,620,4
13567,6153,33679,624,2
13568,6153,33679,664,3
13569,6152,33672,480,3.5
13570,6151,33669,187,4.5
13571,6151,33669,212,3.5
13572,6151,33669,452,3
13573,6151,33669,599,4
13574,6150,33660,56,4
13575,6150,33660,61,2
13576,6150,33660,94,4.5
13577,6150,33660,199,4
13578,6150,33660,212,3.5
13579,6150,33660,250,4
13580,6150,33660,255,3
13581,6150,33660,275,4.5
13582,6150,33660,328,2
13583,6150,33660,333,3.5
13584,6150,33660,380,4
13585,6150,33660,468,3
13586,6150,33660,500,3
13587,6150,33660,509,3.5
13588,6150,33660,522,3.5
13589,6150,33660,527,4.5
13590,6150,33660,547,3.5
13591,6150,33660,578,3
13592,6150,33660,654,5
13593,6149,33646,84,4
13594,6149,33646,263,3
13595,6149,33646,475,2.5
13596,6148,33639,294,4
13597,6148,33639,382,3
13598,6148,33639,427,4.5
13599,6148,33639,472,4.5
13600,6148,33639,500,4
13601,6148,33639,547,3
13602,6147,33621,212,3.5
13603,6146,33615,17,1
13604,6146,33615,46,5
13605,6146,33615,48,3.5
13606,6146,33615,61,2.5
13607,6146,33615,205,3
13608,6146,33615,212,2.5
13609,6146,33615,213,2
13610,6146,33615,219,3
13611,6146,33615,250,5
13612,6146,33615,313,4
13613,6146,33615,328,2.5
13614,6146,33615,333,4.5
13615,6146,33615,353,2.5
13616,6146,33615,366,4
13617,6146,33615,380,2.5
13618,6146,33615,384,4
13619,6146,33615,397,3
13620,6146,33615,418,3.5
13621,6146,33615,442,4.5
13622,6146,33615,471,4
13623,6146,33615,475,2
13624,6146,33615,547,3.5
13625,6146,33615,572,4
13626,6146,33615,574,3.5
13627,6146,33615,580,3
13628,6146,33615,581,4
13629,6146,33615,620,1.5
13630,6146,33615,624,4
13631,6145,33592,262,2.5
13632,6144,33587,426,2
13633,6144,33587,547,4
13634,6143,33558,199,3
13635,6142,33499,200,2.5
13636,6142,33499,452,2
13637,6141,33495,56,4
13638,6141,33495,353,1.5
13639,6140,33493,8,4.5
13640,6140,33493,15,5
13641,6140,33493,22,2.5
13642,6140,33493,23,4
13643,6140,33493,73,3
13644,6140,33493,77,3
13645,6140,33493,78,5
13646,6140,33493,124,3.5
13647,6140,33493,125,1.5
13648,6140,33493,130,4
13649,6140,33493,146,3.5
13650,6140,33493,150,4
13651,6140,33493,152,4
13652,6140,33493,157,2.5
13653,6140,33493,163,3.5
13654,6140,33493,176,3.5
13655,6140,33493,199,5
13656,6140,33493,205,4.5
13657,6140,33493,212,3.5
13658,6140,33493,213,2.5
13659,6140,33493,234,3.5
13660,6140,33493,243,5
13661,6140,33493,260,5
13662,6140,33493,268,4
13663,6140,33493,270,3.5
13664,6140,33493,273,4
13665,6140,33493,283,1.5
13666,6140,33493,287,4.5
13667,6140,33493,292,4
13668,6140,33493,294,4
13669,6140,33493,316,4
13670,6140,33493,346,1.5
13671,6140,33493,347,4.5
13672,6140,33493,353,2.5
13673,6140,33493,355,4
13674,6140,33493,367,3.5
13675,6140,33493,380,4.5
13676,6140,33493,384,4.5
13677,6140,33493,388,4
13678,6140,33493,406,4
13679,6140,33493,430,3.5
13680,6140,33493,456,3.5
13681,6140,33493,468,2.5
13682,6140,33493,471,4
13683,6140,33493,475,2.5
13684,6140,33493,481,3
13685,6140,33493,483,1
13686,6140,33493,505,3
13687,6140,33493,544,4
13688,6140,33493,553,5
13689,6140,33493,561,3.5
13690,6140,33493,562,5
13691,6140,33493,574,3.5
13692,6140,33493,577,5
13693,6140,33493,580,2.5
13694,6140,33493,586,1
13695,6140,33493,596,3.5
13696,6140,33493,607,4.5
13697,6140,33493,620,3.5
13698,6140,33493,624,3.5
13699,6140,33493,654,4.5
13700,6140,33493,660,4.5
13701,6139,33437,313,4
13702,6139,33437,353,3.5
13703,6139,33437,580,3.5
13704,6139,33437,596,4
13705,6138,33380,468,3.5
13706,6137,33358,547,4
13707,6136,33312,468,4
13708,6135,33296,599,3
13709,6134,33171,73,4
13710,6134,33171,230,4
13711,6134,33171,262,5
13712,6134,33171,299,5
13713,6134,33171,427,2.5
13714,6134,33171,547,3.5
13715,6134,33171,580,4
13716,6133,33166,5,5
13717,6133,33166,8,4.5
13718,6133,33166,15,3.5
13719,6133,33166,23,5
13720,6133,33166,48,3.5
13721,6133,33166,56,2
13722,6133,33166,73,5
13723,6133,33166,75,4.5
13724,6133,33166,78,5
13725,6133,33166,94,4.5
13726,6133,33166,105,4
13727,6133,33166,124,3.5
13728,6133,33166,125,5
13729,6133,33166,133,4
13730,6133,33166,143,4.5
13731,6133,33166,152,3
13732,6133,33166,164,4
13733,6133,33166,169,5
13734,6133,33166,212,4.5
13735,6133,33166,230,4
13736,6133,33166,283,4.5
13737,6133,33166,292,3.5
13738,6133,33166,303,3.5
13739,6133,33166,313,3.5
13740,6133,33166,362,4.5
13741,6133,33166,380,4.5
13742,6133,33166,384,4
13743,6133,33166,427,5
13744,6133,33166,432,4
13745,6133,33166,433,2
13746,6133,33166,457,3
13747,6133,33166,475,3
13748,6133,33166,480,3.5
13749,6133,33166,481,4
13750,6133,33166,483,3
13751,6133,33166,520,4.5
13752,6133,33166,529,2
13753,6133,33166,547,4
13754,6133,33166,563,4.5
13755,6133,33166,574,4
13756,6133,33166,580,4
13757,6133,33166,596,5
13758,6133,33166,607,3.5
13759,6133,33166,624,4
13760,6133,33166,627,5
13761,6133,33166,648,4
13762,6133,33166,654,4.5
13763,6133,33166,664,3.5
13764,6132,33164,73,1
13765,6132,33164,255,1
13766,6132,33164,384,3.5
13767,6131,33162,23,2.5
13768,6131,33162,73,4
13769,6131,33162,262,2
13770,6131,33162,353,3.5
13771,6131,33162,380,3.5
13772,6131,33162,388,3
13773,6131,33162,457,1.5
13774,6131,33162,562,4
13775,6131,33162,572,3.5
13776,6131,33162,596,2
13777,6130,33158,475,1
13778,6129,33154,15,3.5
13779,6129,33154,31,4
13780,6129,33154,48,4
13781,6129,33154,380,3.5
13782,6129,33154,427,4
13783,6129,33154,547,4
13784,6129,33154,562,2.5
13785,6128,33145,238,3
13786,6128,33145,418,4
13787,6127,33138,299,5
13788,6127,33138,427,4
13789,6126,33124,596,3.5
13790,6125,33085,418,1
13791,6125,33085,664,3
13792,6124,33021,299,3.5
13793,6123,33004,15,0.5
13794,6123,33004,17,2.5
13795,6123,33004,61,2
13796,6123,33004,68,2.5
13797,6123,33004,73,3
13798,6123,33004,97,3.5
13799,6123,33004,134,5
13800,6123,33004,157,3
13801,6123,33004,176,3.5
13802,6123,33004,200,4.5
13803,6123,33004,212,2.5
13804,6123,33004,213,2
13805,6123,33004,244,5
13806,6123,33004,251,4
13807,6123,33004,283,4.5
13808,6123,33004,294,4
13809,6123,33004,309,3.5
13810,6123,33004,346,1
13811,6123,33004,353,3
13812,6123,33004,355,3
13813,6123,33004,380,3.5
13814,6123,33004,457,2
13815,6123,33004,475,3
13816,6123,33004,546,5
13817,6123,33004,561,3.5
13818,6123,33004,562,4
13819,6123,33004,577,5
13820,6123,33004,580,3
13821,6123,33004,607,4
13822,6123,33004,615,4
13823,6123,33004,624,3
13824,6123,33004,625,4
13825,6123,33004,627,1.5
13826,6123,33004,664,4
13827,6122,32943,547,4
13828,6121,32914,457,3
13829,6120,32898,262,3
13830,6120,32898,299,4.5
13831,6120,32898,378,4
13832,6120,32898,468,4.5
13833,6120,32898,481,5
13834,6120,32898,547,5
13835,6119,32892,23,4
13836,6118,32882,468,3
13837,6118,32882,547,2.5
13838,6117,32853,468,4
13839,6117,32853,529,3.5
13840,6117,32853,648,1.5
13841,6116,32844,394,0.5
13842,6115,32840,157,4
13843,6115,32840,299,5
13844,6114,32825,199,4
13845,6114,32825,481,4.5
13846,6113,32797,299,4.5
13847,6112,32743,355,3.5
13848,6111,32735,299,4
13849,6110,32728,262,2.5
13850,6110,32728,547,3.5
13851,6109,32686,262,3
13852,6108,32666,584,1
13853,6107,32632,472,4
13854,6106,32598,56,2
13855,6106,32598,88,3
13856,6106,32598,311,4
13857,6106,32598,380,2.5
13858,6106,32598,382,4
13859,6106,32598,402,3
13860,6106,32598,457,2
13861,6106,32598,547,4
13862,6105,32596,73,2.5
13863,6105,32596,213,4
13864,6105,32596,353,1
13865,6105,32596,563,4
13866,6105,32596,577,4
13867,6104,32591,587,4
13868,6103,32587,8,3.5
13869,6103,32587,15,3.5
13870,6103,32587,17,5
13871,6103,32587,22,4.5
13872,6103,32587,23,3.5
13873,6103,32587,26,4
13874,6103,32587,48,4.5
13875,6103,32587,56,4
13876,6103,32587,73,4.5
13877,6103,32587,77,4.5
13878,6103,32587,84,3.5
13879,6103,32587,88,3.5
13880,6103,32587,94,4
13881,6103,32587,105,4.5
13882,6103,32587,120,1.5
13883,6103,32587,124,4
13884,6103,32587,125,4.5
13885,6103,32587,143,5
13886,6103,32587,149,4
13887,6103,32587,152,4
13888,6103,32587,157,4
13889,6103,32587,165,4
13890,6103,32587,169,4
13891,6103,32587,187,4
13892,6103,32587,199,4
13893,6103,32587,200,2.5
13894,6103,32587,203,4.5
13895,6103,32587,212,3
13896,6103,32587,255,5
13897,6103,32587,257,1
13898,6103,32587,262,2.5
13899,6103,32587,270,4.5
13900,6103,32587,275,3
13901,6103,32587,283,3.5
13902,6103,32587,292,4.5
13903,6103,32587,294,4
13904,6103,32587,299,4
13905,6103,32587,307,4.5
13906,6103,32587,309,4
13907,6103,32587,332,5
13908,6103,32587,352,3
13909,6103,32587,353,3.5
13910,6103,32587,355,4.5
13911,6103,32587,380,4.5
13912,6103,32587,384,5
13913,6103,32587,402,3.5
13914,6103,32587,407,3
13915,6103,32587,417,3.5
13916,6103,32587,418,3.5
13917,6103,32587,426,4
13918,6103,32587,430,5
13919,6103,32587,431,4.5
13920,6103,32587,432,5
13921,6103,32587,433,4
13922,6103,32587,442,4
13923,6103,32587,450,4.5
13924,6103,32587,457,3
13925,6103,32587,473,5
13926,6103,32587,475,4
13927,6103,32587,478,4.5
13928,6103,32587,480,5
13929,6103,32587,481,4
13930,6103,32587,509,1.5
13931,6103,32587,519,5
13932,6103,32587,520,3.5
13933,6103,32587,522,4
13934,6103,32587,561,3.5
13935,6103,32587,562,4
13936,6103,32587,574,4
13937,6103,32587,580,3
13938,6103,32587,596,3.5
13939,6103,32587,607,5
13940,6103,32587,610,3.5
13941,6103,32587,615,4.5
13942,6103,32587,622,3
13943,6103,32587,624,4
13944,6103,32587,648,4
13945,6103,32587,654,4.5
13946,6103,32587,655,5
13947,6103,32587,664,4.5
13948,6102,32582,472,4
13949,6102,32582,547,4
13950,6101,32562,48,4
13951,6100,32554,48,3
13952,6100,32554,298,5
13953,6099,32525,96,5
13954,6099,32525,587,5
13955,6098,32515,299,5
13956,6097,32469,20,4
13957,6096,32464,394,3
13958,6095,32460,298,5
13959,6094,32456,352,3
13960,6093,32444,481,4
13961,6093,32444,547,2.5
13962,6092,32395,580,3
13963,6091,32387,73,4
13964,6090,32381,294,4
13965,6089,32371,468,3
13966,6089,32371,547,4
13967,6088,32369,452,3
13968,6088,32369,547,4
13969,6087,32352,73,3
13970,6086,32349,547,3
13971,6085,32302,295,2
13972,6084,32298,388,3.5
13973,6083,32296,205,3
13974,6083,32296,213,2
13975,6083,32296,294,4
13976,6083,32296,311,2
13977,6083,32296,452,0.5
13978,6083,32296,475,1.5
13979,6082,32291,624,2.5
13980,6081,32289,382,5
13981,6080,32280,394,0.5
13982,6080,32280,468,3.5
13983,6079,32234,529,4.5
13984,6079,32234,547,4
13985,6078,32211,262,3.5
13986,6077,32203,547,4
13987,6076,32174,212,2
13988,6075,32170,283,1.5
13989,6074,32160,468,3.5
13990,6073,32153,581,0.5
13991,6072,32139,311,4
13992,6071,32078,157,3
13993,6070,32031,48,3
13994,6070,32031,79,3.5
13995,6070,32031,205,3
13996,6070,32031,213,3.5
13997,6070,32031,250,4
13998,6070,32031,283,3.5
13999,6070,32031,287,4
14000,6070,32031,328,3.5
14001,6070,32031,384,3
14002,6070,32031,468,2.5
14003,6070,32031,501,2.5
14004,6070,32031,580,3
14005,6070,32031,624,3.5
14006,6069,32029,213,3
14007,6069,32029,313,3.5
14008,6069,32029,353,3.5
14009,6069,32029,367,3
14010,6069,32029,371,5
14011,6069,32029,452,2
14012,6069,32029,570,4
14013,6069,32029,596,3.5
14014,6069,32029,664,3.5
14015,6068,32025,427,4
14016,6067,32022,547,3
14017,6066,32019,353,3.5
14018,6066,32019,596,1
14019,6066,32019,624,2
14020,6065,32017,213,2.5
14021,6065,32017,384,3.5
14022,6064,31973,481,5
14023,6063,31963,547,3.5
14024,6062,31956,255,2.5
14025,6061,31952,17,4.5
14026,6061,31952,262,4
14027,6061,31952,501,2.5
14028,6060,31930,81,4
14029,6059,31923,309,4
14030,6059,31923,529,4
14031,6058,31921,394,4
14032,6057,31903,418,5
14033,6056,31878,17,3
14034,6056,31878,26,4
14035,6056,31878,48,3
14036,6056,31878,73,3.5
14037,6056,31878,77,3.5
14038,6056,31878,157,3.5
14039,6056,31878,159,1.5
14040,6056,31878,283,4.5
14041,6056,31878,313,3
14042,6056,31878,346,5
14043,6056,31878,353,3
14044,6056,31878,380,4.5
14045,6056,31878,423,4.5
14046,6056,31878,427,4.5
14047,6056,31878,561,4
14048,6056,31878,574,3
14049,6056,31878,580,4
14050,6056,31878,648,3.5
14051,6056,31878,664,4
14052,6055,31804,346,3.5
14053,6054,31770,468,3
14054,6053,31747,547,0.5
14055,6052,31737,468,3
14056,6052,31737,547,3.5
14057,6051,31724,165,1
14058,6050,31700,452,2.5
14059,6049,31696,15,3.5
14060,6049,31696,22,4
14061,6049,31696,72,3
14062,6049,31696,73,3
14063,6049,31696,84,4
14064,6049,31696,165,2.5
14065,6049,31696,205,4.5
14066,6049,31696,213,3.5
14067,6049,31696,244,1.5
14068,6049,31696,250,4.5
14069,6049,31696,270,3.5
14070,6049,31696,273,4
14071,6049,31696,294,4
14072,6049,31696,355,3
14073,6049,31696,380,3
14074,6049,31696,384,2
14075,6049,31696,402,3.5
14076,6049,31696,426,4.5
14077,6049,31696,457,2
14078,6049,31696,475,3
14079,6049,31696,547,0.5
14080,6049,31696,572,3.5
14081,6049,31696,607,3.5
14082,6049,31696,615,3.5
14083,6049,31696,664,3.5
14084,6048,31694,212,1
14085,6048,31694,294,4.5
14086,6048,31694,465,1
14087,6047,31689,427,4.5
14088,6046,31685,15,0.5
14089,6046,31685,68,4
14090,6046,31685,73,3
14091,6046,31685,98,5
14092,6046,31685,200,2.5
14093,6046,31685,205,3.5
14094,6046,31685,213,2.5
14095,6046,31685,238,4.5
14096,6046,31685,244,2
14097,6046,31685,250,4.5
14098,6046,31685,251,4.5
14099,6046,31685,294,4
14100,6046,31685,333,5
14101,6046,31685,380,2.5
14102,6046,31685,384,3
14103,6046,31685,457,2
14104,6046,31685,468,2
14105,6046,31685,475,2
14106,6046,31685,480,3.5
14107,6046,31685,501,4
14108,6046,31685,572,3
14109,6046,31685,599,3.5
14110,6046,31685,623,3.5
14111,6046,31685,664,3
14112,6045,31682,299,4.5
14113,6044,31660,298,5
14114,6044,31660,580,3
14115,6043,31658,23,3.5
14116,6043,31658,48,4.5
14117,6043,31658,68,3.5
14118,6043,31658,77,4
14119,6043,31658,97,3.5
14120,6043,31658,140,4
14121,6043,31658,149,4
14122,6043,31658,157,4
14123,6043,31658,176,5
14124,6043,31658,186,4.5
14125,6043,31658,205,4.5
14126,6043,31658,251,5
14127,6043,31658,257,4
14128,6043,31658,277,4.5
14129,6043,31658,298,5
14130,6043,31658,352,4
14131,6043,31658,355,4
14132,6043,31658,364,2
14133,6043,31658,397,4
14134,6043,31658,402,4
14135,6043,31658,406,5
14136,6043,31658,423,5
14137,6043,31658,443,5
14138,6043,31658,456,4
14139,6043,31658,470,4.5
14140,6043,31658,563,4.5
14141,6043,31658,580,4
14142,6042,31549,468,4
14143,6041,31547,468,4.5
14144,6040,31524,81,4
14145,6039,31522,529,4
14146,6039,31522,547,1.5
14147,6038,31502,262,2.5
14148,6037,31445,165,2
14149,6036,31437,81,4
14150,6036,31437,236,4
14151,6036,31437,427,4
14152,6035,31435,48,5
14153,6035,31435,73,4.5
14154,6034,31433,292,4.5
14155,6034,31433,500,4.5
14156,6034,31433,599,3.5
14157,6033,31431,73,1
14158,6032,31427,418,4.5
14159,6031,31422,73,1
14160,6031,31422,557,3
14161,6030,31420,353,2
14162,6030,31420,384,3.5
14163,6030,31420,562,3.5
14164,6030,31420,566,5
14165,6029,31413,544,5
14166,6028,31410,17,5
14167,6028,31410,26,2
14168,6028,31410,48,4.5
14169,6028,31410,152,5
14170,6028,31410,176,4
14171,6028,31410,199,4
14172,6028,31410,290,4.5
14173,6028,31410,299,4.5
14174,6028,31410,304,5
14175,6028,31410,307,4
14176,6028,31410,356,1.5
14177,6028,31410,433,3.5
14178,6028,31410,480,3.5
14179,6028,31410,494,4
14180,6028,31410,531,3.5
14181,6028,31410,544,5
14182,6028,31410,563,3.5
14183,6028,31410,596,4.5
14184,6028,31410,610,4
14185,6028,31410,628,4
14186,6027,31408,52,4.5
14187,6027,31408,652,4
14188,6026,31374,68,4
14189,6026,31374,581,0.5
14190,6025,31364,157,4
14191,6025,31364,394,0.5
14192,6024,31290,73,0.5
14193,6023,31284,303,3.5
14194,6022,31270,262,2.5
14195,6022,31270,299,4.5
14196,6021,31225,73,3.5
14197,6021,31225,169,5
14198,6020,31221,77,2.5
14199,6020,31221,165,3.5
14200,6020,31221,205,2.5
14201,6020,31221,213,1
14202,6020,31221,294,4
14203,6020,31221,309,2
14204,6020,31221,353,1.5
14205,6020,31221,380,3
14206,6020,31221,384,2.5
14207,6020,31221,475,0.5
14208,6019,31193,212,3
14209,6019,31193,213,3
14210,6019,31193,268,5
14211,6019,31193,599,5
14212,6018,31184,22,4.5
14213,6017,31162,353,2
14214,6017,31162,380,3
14215,6016,31156,268,3
14216,6015,31150,73,4
14217,6015,31150,77,3.5
14218,6014,31116,20,5
14219,6014,31116,468,2.5
14220,6013,31114,187,4
14221,6012,31109,547,3
14222,6011,31104,547,3
14223,6010,31101,23,4
14224,6009,31035,452,4.5
14225,6009,31035,529,2
14226,6008,31026,294,4.5
14227,6007,31000,624,2.5
14228,6006,30898,427,4
14229,6006,30898,452,2.5
14230,6006,30898,547,3.5
14231,6005,30894,426,2
14232,6005,30894,452,2
14233,6004,30892,468,3.5
14234,6003,30883,417,2
14235,6002,30867,48,4
14236,6001,30850,431,5
14237,6001,30850,509,4
14238,6000,30848,384,2.5
14239,5999,30846,304,3
14240,5998,30825,15,1.5
14241,5998,30825,52,3.5
14242,5998,30825,73,3
14243,5998,30825,84,3.5
14244,5998,30825,91,4
14245,5998,30825,212,3
14246,5998,30825,217,4.5
14247,5998,30825,235,4
14248,5998,30825,244,5
14249,5998,30825,283,3.5
14250,5998,30825,324,3
14251,5998,30825,371,3.5
14252,5998,30825,380,2
14253,5998,30825,382,3
14254,5998,30825,384,3.5
14255,5998,30825,388,3.5
14256,5998,30825,402,3
14257,5998,30825,452,3
14258,5998,30825,457,2.5
14259,5998,30825,471,3
14260,5998,30825,480,5
14261,5998,30825,522,3.5
14262,5998,30825,574,3.5
14263,5998,30825,624,2.5
14264,5998,30825,654,3
14265,5997,30822,217,4
14266,5997,30822,292,4
14267,5997,30822,294,3.5
14268,5997,30822,313,4
14269,5997,30822,380,3
14270,5997,30822,388,4
14271,5997,30822,418,4
14272,5997,30822,427,4.5
14273,5997,30822,468,2.5
14274,5996,30820,23,4
14275,5996,30820,73,3.5
14276,5996,30820,165,2.5
14277,5996,30820,307,4
14278,5996,30820,427,4
14279,5996,30820,509,3.5
14280,5996,30820,547,2.5
14281,5995,30818,468,2.5
14282,5994,30816,176,3.5
14283,5994,30816,212,4
14284,5994,30816,255,3
14285,5994,30816,294,5
14286,5994,30816,339,3.5
14287,5994,30816,452,3
14288,5994,30816,531,4
14289,5994,30816,582,4.5
14290,5993,30812,15,0.5
14291,5993,30812,23,3.5
14292,5993,30812,68,3
14293,5993,30812,73,3.5
14294,5993,30812,178,4
14295,5993,30812,200,2.5
14296,5993,30812,201,3
14297,5993,30812,212,3
14298,5993,30812,236,3.5
14299,5993,30812,250,5
14300,5993,30812,294,3.5
14301,5993,30812,299,4
14302,5993,30812,324,3
14303,5993,30812,371,3.5
14304,5993,30812,378,3
14305,5993,30812,380,4
14306,5993,30812,384,3.5
14307,5993,30812,388,3.5
14308,5993,30812,431,5
14309,5993,30812,452,3
14310,5993,30812,468,3.5
14311,5993,30812,475,3.5
14312,5993,30812,478,4
14313,5993,30812,481,4
14314,5993,30812,501,4
14315,5993,30812,505,4.5
14316,5993,30812,547,3.5
14317,5993,30812,577,4.5
14318,5993,30812,580,3.5
14319,5993,30812,596,4
14320,5993,30812,607,2.5
14321,5993,30812,610,5
14322,5993,30812,624,4
14323,5993,30812,654,5
14324,5992,30810,15,1.5
14325,5992,30810,26,3
14326,5992,30810,73,4
14327,5992,30810,97,5
14328,5992,30810,132,5
14329,5992,30810,133,2
14330,5992,30810,143,5
14331,5992,30810,158,4.5
14332,5992,30810,159,1
14333,5992,30810,230,5
14334,5992,30810,262,4
14335,5992,30810,275,5
14336,5992,30810,309,5
14337,5992,30810,345,4.5
14338,5992,30810,380,3
14339,5992,30810,423,4
14340,5992,30810,433,4.5
14341,5992,30810,452,1.5
14342,5992,30810,468,2.5
14343,5992,30810,486,4
14344,5992,30810,500,1
14345,5992,30810,519,4
14346,5992,30810,547,1.5
14347,5992,30810,580,4
14348,5992,30810,596,3.5
14349,5992,30810,606,5
14350,5992,30810,610,3.5
14351,5992,30810,620,4
14352,5992,30810,624,3
14353,5991,30803,257,4.5
14354,5991,30803,262,3.5
14355,5991,30803,362,3.5
14356,5990,30793,5,3.5
14357,5990,30793,22,4
14358,5990,30793,23,3.5
14359,5990,30793,48,3.5
14360,5990,30793,61,1.5
14361,5990,30793,88,2.5
14362,5990,30793,94,1
14363,5990,30793,125,0.5
14364,5990,30793,157,3
14365,5990,30793,176,2.5
14366,5990,30793,205,3.5
14367,5990,30793,212,3.5
14368,5990,30793,213,2.5
14369,5990,30793,262,1
14370,5990,30793,283,3
14371,5990,30793,294,3.5
14372,5990,30793,299,1
14373,5990,30793,316,3
14374,5990,30793,320,3.5
14375,5990,30793,353,3
14376,5990,30793,362,4
14377,5990,30793,377,5
14378,5990,30793,378,4
14379,5990,30793,380,4
14380,5990,30793,384,3
14381,5990,30793,402,3
14382,5990,30793,426,4
14383,5990,30793,430,4.5
14384,5990,30793,465,3.5
14385,5990,30793,468,2.5
14386,5990,30793,475,2
14387,5990,30793,500,3
14388,5990,30793,505,3
14389,5990,30793,531,4
14390,5990,30793,561,3.5
14391,5990,30793,562,4
14392,5990,30793,582,4.5
14393,5990,30793,599,4
14394,5990,30793,607,3.5
14395,5990,30793,612,3.5
14396,5990,30793,615,2
14397,5990,30793,620,4
14398,5990,30793,624,3
14399,5990,30793,648,4
14400,5990,30793,654,4
14401,5990,30793,655,4
14402,5990,30793,664,3
14403,5989,30783,262,3
14404,5988,30749,5,4.5
14405,5988,30749,15,2
14406,5988,30749,23,4.5
14407,5988,30749,54,3.5
14408,5988,30749,60,5
14409,5988,30749,68,3
14410,5988,30749,73,5
14411,5988,30749,94,4.5
14412,5988,30749,152,3.5
14413,5988,30749,165,1
14414,5988,30749,212,4
14415,5988,30749,267,4
14416,5988,30749,283,5
14417,5988,30749,307,4
14418,5988,30749,320,4
14419,5988,30749,345,4.5
14420,5988,30749,378,3.5
14421,5988,30749,388,4
14422,5988,30749,431,5
14423,5988,30749,452,4
14424,5988,30749,475,4
14425,5988,30749,481,4.5
14426,5988,30749,500,1.5
14427,5988,30749,520,4.5
14428,5988,30749,529,4
14429,5988,30749,544,4
14430,5988,30749,547,4.5
14431,5988,30749,587,4
14432,5988,30749,596,4.5
14433,5988,30749,610,4
14434,5988,30749,648,5
14435,5988,30749,664,4.5
14436,5987,30745,157,3.5
14437,5987,30745,262,2.5
14438,5987,30745,423,5
14439,5986,30723,468,4
14440,5985,30712,96,4
14441,5985,30712,547,4.5
14442,5984,30707,5,4.5
14443,5984,30707,15,1.5
14444,5984,30707,23,3.5
14445,5984,30707,68,2.5
14446,5984,30707,73,4.5
14447,5984,30707,88,3.5
14448,5984,30707,94,4.5
14449,5984,30707,117,5
14450,5984,30707,124,3
14451,5984,30707,125,4
14452,5984,30707,133,3.5
14453,5984,30707,149,3
14454,5984,30707,152,2.5
14455,5984,30707,178,3
14456,5984,30707,187,4
14457,5984,30707,212,3
14458,5984,30707,250,4.5
14459,5984,30707,303,4.5
14460,5984,30707,313,4
14461,5984,30707,320,4
14462,5984,30707,324,3.5
14463,5984,30707,333,4.5
14464,5984,30707,339,5
14465,5984,30707,345,4.5
14466,5984,30707,353,3.5
14467,5984,30707,359,3
14468,5984,30707,371,4.5
14469,5984,30707,379,3.5
14470,5984,30707,380,4
14471,5984,30707,384,4
14472,5984,30707,388,4
14473,5984,30707,426,4.5
14474,5984,30707,427,3
14475,5984,30707,431,5
14476,5984,30707,433,2.5
14477,5984,30707,452,3.5
14478,5984,30707,468,3
14479,5984,30707,472,2.5
14480,5984,30707,475,4
14481,5984,30707,480,1.5
14482,5984,30707,481,4.5
14483,5984,30707,494,4
14484,5984,30707,509,4
14485,5984,30707,515,5
14486,5984,30707,520,4.5
14487,5984,30707,522,3
14488,5984,30707,528,3.5
14489,5984,30707,547,5
14490,5984,30707,553,2.5
14491,5984,30707,561,3
14492,5984,30707,572,3
14493,5984,30707,574,4
14494,5984,30707,578,2.5
14495,5984,30707,580,4.5
14496,5984,30707,584,5
14497,5984,30707,587,4.5
14498,5984,30707,596,4.5
14499,5984,30707,610,3
14500,5984,30707,615,4
14501,5984,30707,620,1.5
14502,5984,30707,624,4.5
14503,5984,30707,627,2
14504,5984,30707,654,4
14505,5984,30707,660,4
14506,5984,30707,664,4.5
14507,5983,27922,199,4
14508,5982,27912,380,4
14509,5981,27904,15,2.5
14510,5981,27904,73,3.5
14511,5981,27904,132,3.5
14512,5981,27904,187,3
14513,5981,27904,212,3
14514,5981,27904,270,4
14515,5981,27904,352,2.5
14516,5981,27904,380,3
14517,5981,27904,388,3.5
14518,5981,27904,468,3.5
14519,5981,27904,547,4
14520,5981,27904,580,3
14521,5981,27904,624,3.5
14522,5981,27904,664,5
14523,5980,27899,309,4
14524,5980,27899,380,3
14525,5979,27882,201,5
14526,5978,27879,394,0.5
14527,5978,27879,428,3
14528,5978,27879,468,3.5
14529,5977,27878,48,4
14530,5977,27878,230,4
14531,5977,27878,283,3
14532,5977,27878,427,4
14533,5977,27878,452,3.5
14534,5977,27878,529,4
14535,5977,27878,547,4
14536,5976,27876,596,3
14537,5975,27875,648,4
14538,5974,27873,442,4.5
14539,5974,27873,468,2.5
14540,5973,27871,584,3
14541,5972,27869,165,3
14542,5971,27867,480,4
14543,5970,27857,394,0.5
14544,5969,27851,384,3.5
14545,5968,27850,48,3.5
14546,5968,27850,176,3
14547,5968,27850,388,2.5
14548,5968,27850,427,3.5
14549,5968,27850,648,4
14550,5967,27846,15,4
14551,5967,27846,48,4.5
14552,5967,27846,283,4.5
14553,5967,27846,304,5
14554,5967,27846,380,4
14555,5967,27846,388,3.5
14556,5967,27846,427,4.5
14557,5967,27846,648,4
14558,5966,27839,205,0.5
14559,5966,27839,353,2.5
14560,5966,27839,457,1.5
14561,5965,27838,48,3
14562,5965,27838,159,4.5
14563,5965,27838,165,3
14564,5965,27838,427,4
14565,5964,27837,213,3
14566,5963,27834,17,4.5
14567,5962,27831,26,5
14568,5962,27831,73,4
14569,5962,27831,77,4
14570,5962,27831,78,4.5
14571,5962,27831,157,3.5
14572,5962,27831,159,2.5
14573,5962,27831,199,4
14574,5962,27831,212,4
14575,5962,27831,307,4
14576,5962,27831,320,3.5
14577,5962,27831,353,2.5
14578,5962,27831,380,4
14579,5962,27831,384,3.5
14580,5962,27831,457,3
14581,5962,27831,480,4
14582,5962,27831,524,4.5
14583,5962,27831,580,3
14584,5962,27831,624,3.5
14585,5961,27826,652,5
14586,5960,27822,29,4
14587,5960,27822,165,0.5
14588,5960,27822,201,4
14589,5960,27822,427,4
14590,5960,27822,452,3
14591,5959,27821,15,1
14592,5959,27821,150,3
14593,5959,27821,200,3.5
14594,5959,27821,213,3
14595,5959,27821,311,4
14596,5959,27821,362,3.5
14597,5959,27821,380,3
14598,5959,27821,382,3
14599,5959,27821,402,3.5
14600,5959,27821,452,3
14601,5959,27821,468,2.5
14602,5959,27821,481,3.5
14603,5959,27821,547,3.5
14604,5959,27821,596,3.5
14605,5958,27816,468,2.5
14606,5957,27815,176,4
14607,5957,27815,238,3
14608,5957,27815,255,4.5
14609,5957,27815,283,2.5
14610,5957,27815,382,3
14611,5957,27815,501,4.5
14612,5956,27812,547,4.5
14613,5955,27808,73,3
14614,5955,27808,150,3
14615,5955,27808,165,3
14616,5955,27808,169,3
14617,5955,27808,283,3
14618,5955,27808,382,2
14619,5955,27808,402,3.5
14620,5955,27808,452,3
14621,5955,27808,468,2
14622,5954,27803,23,4.5
14623,5954,27803,60,5
14624,5954,27803,283,5
14625,5954,27803,529,4
14626,5954,27803,628,3.5
14627,5954,27803,648,4
14628,5953,27802,547,4
14629,5952,27801,48,3
14630,5952,27801,60,3
14631,5952,27801,73,4
14632,5952,27801,157,4
14633,5952,27801,236,0.5
14634,5952,27801,346,4.5
14635,5952,27801,561,3.5
14636,5952,27801,580,3.5
14637,5951,27800,48,3.5
14638,5951,27800,73,3.5
14639,5950,27798,262,1
14640,5949,27793,73,2
14641,5949,27793,563,1.5
14642,5948,27792,299,5
14643,5947,27790,93,5
14644,5947,27790,212,2.5
14645,5947,27790,427,3.5
14646,5947,27790,577,5
14647,5947,27790,580,3.5
14648,5946,27788,17,3
14649,5946,27788,75,3
14650,5946,27788,313,2.5
14651,5946,27788,332,2
14652,5946,27788,380,3.5
14653,5946,27788,596,4
14654,5946,27788,664,4.5
14655,5945,27784,262,2
14656,5944,27783,283,4
14657,5943,27778,73,3.5
14658,5942,27773,15,1
14659,5942,27773,17,5
14660,5942,27773,48,3.5
14661,5942,27773,56,5
14662,5942,27773,60,4.5
14663,5942,27773,73,5
14664,5942,27773,149,2
14665,5942,27773,157,4.5
14666,5942,27773,165,4
14667,5942,27773,178,2.5
14668,5942,27773,199,4
14669,5942,27773,262,4
14670,5942,27773,283,1
14671,5942,27773,304,4.5
14672,5942,27773,362,2.5
14673,5942,27773,423,5
14674,5942,27773,433,5
14675,5942,27773,438,4.5
14676,5942,27773,450,4.5
14677,5942,27773,457,4
14678,5942,27773,468,2
14679,5942,27773,480,5
14680,5942,27773,481,5
14681,5942,27773,519,5
14682,5942,27773,528,4
14683,5942,27773,596,3.5
14684,5942,27773,601,5
14685,5942,27773,610,5
14686,5942,27773,615,4
14687,5942,27773,628,5
14688,5942,27773,648,2.5
14689,5942,27773,664,3.5
14690,5941,27772,73,1
14691,5941,27772,262,3
14692,5941,27772,362,4
14693,5941,27772,475,1
14694,5940,27768,587,3.5
14695,5939,27751,134,3.5
14696,5938,27741,529,4
14697,5938,27741,580,4.5
14698,5937,27731,48,4
14699,5937,27731,205,4
14700,5937,27731,257,3
14701,5936,27728,199,4.5
14702,5936,27728,257,3.5
14703,5936,27728,298,5
14704,5935,27727,132,4
14705,5934,27724,584,5
14706,5933,27722,48,2.5
14707,5932,27721,17,4
14708,5932,27721,23,3
14709,5932,27721,52,5
14710,5932,27721,133,2
14711,5932,27721,236,3.5
14712,5932,27721,262,2.5
14713,5932,27721,299,4.5
14714,5932,27721,388,4.5
14715,5932,27721,431,5
14716,5932,27721,577,5
14717,5932,27721,587,4
14718,5931,27713,48,4
14719,5930,27706,61,3.5
14720,5930,27706,73,3
14721,5930,27706,187,3
14722,5930,27706,212,3
14723,5930,27706,213,2
14724,5930,27706,294,4
14725,5930,27706,380,3.5
14726,5930,27706,382,2
14727,5930,27706,384,4
14728,5930,27706,465,4
14729,5930,27706,468,2.5
14730,5930,27706,501,4
14731,5930,27706,542,2
14732,5930,27706,582,3.5
14733,5930,27706,599,3
14734,5929,27704,73,2.5
14735,5928,27700,648,4
14736,5928,27700,652,5
14737,5927,27689,176,1
14738,5926,27685,77,1
14739,5925,27674,187,3.5
14740,5925,27674,480,4
14741,5924,27664,606,5
14742,5923,27660,15,4
14743,5923,27660,48,3.5
14744,5923,27660,73,4.5
14745,5923,27660,176,3.5
14746,5923,27660,186,4.5
14747,5923,27660,199,3.5
14748,5923,27660,213,2.5
14749,5923,27660,270,4
14750,5923,27660,294,3
14751,5923,27660,353,3
14752,5923,27660,402,3.5
14753,5923,27660,443,4
14754,5923,27660,561,4
14755,5923,27660,562,3.5
14756,5923,27660,571,4
14757,5923,27660,580,3.5
14758,5923,27660,615,4
14759,5922,27648,262,1.5
14760,5921,27646,73,4.5
14761,5920,27611,73,2
14762,5920,27611,101,4.5
14763,5920,27611,104,3.5
14764,5920,27611,152,4
14765,5920,27611,316,2
14766,5920,27611,353,3.5
14767,5920,27611,359,4.5
14768,5920,27611,364,0.5
14769,5920,27611,380,4.5
14770,5920,27611,402,4.5
14771,5920,27611,457,0.5
14772,5920,27611,480,5
14773,5920,27611,481,3.5
14774,5920,27611,544,4
14775,5920,27611,546,5
14776,5920,27611,553,3.5
14777,5920,27611,563,4.5
14778,5920,27611,574,4
14779,5920,27611,580,3.5
14780,5920,27611,601,4
14781,5920,27611,610,1
14782,5919,27604,17,3
14783,5919,27604,73,4
14784,5919,27604,165,2
14785,5919,27604,218,4
14786,5919,27604,262,1
14787,5918,27592,423,5
14788,5917,27555,73,4
14789,5916,27544,623,4
14790,5915,27523,48,3.5
14791,5915,27523,362,5
14792,5914,27482,200,1
14793,5913,27478,15,2.5
14794,5913,27478,73,2.5
14795,5913,27478,207,5
14796,5913,27478,580,2
14797,5913,27478,581,0.5
14798,5913,27478,624,3.5
14799,5912,27441,580,3
14800,5911,27423,475,3
14801,5911,27423,481,5
14802,5910,27416,648,4
14803,5909,27410,199,4
14804,5908,27397,423,4
14805,5907,27376,26,0.5
14806,5906,27373,268,3
14807,5906,27373,547,4
14808,5905,27369,3,3.5
14809,5905,27369,73,3.5
14810,5904,27351,394,1
14811,5903,27338,150,3
14812,5902,27334,468,3.5
14813,5901,27329,262,4
14814,5901,27329,529,4
14815,5901,27329,547,4
14816,5900,27322,299,3.5
14817,5899,27317,17,5
14818,5899,27317,23,3
14819,5899,27317,73,4.5
14820,5899,27317,157,4
14821,5899,27317,165,3
14822,5899,27317,262,3
14823,5898,27266,17,3.5
14824,5898,27266,23,3
14825,5898,27266,255,4
14826,5898,27266,402,3
14827,5897,27255,132,2.5
14828,5896,27253,56,4
14829,5895,27251,366,4
14830,5895,27251,571,3
14831,5894,27193,200,2
14832,5893,27186,488,4.5
14833,5892,27178,132,5
14834,5892,27178,133,0.5
14835,5891,27156,48,4
14836,5891,27156,563,5
14837,5890,27109,73,4.5
14838,5890,27109,580,3
14839,5889,27075,471,3
14840,5889,27075,557,2.5
14841,5888,27032,73,4
14842,5888,27032,213,1.5
14843,5888,27032,581,0.5
14844,5887,27022,73,4.5
14845,5887,27022,332,5
14846,5887,27022,596,3.5
14847,5886,27020,15,2.5
14848,5886,27020,52,5
14849,5886,27020,187,3.5
14850,5886,27020,547,3
14851,5885,27005,199,3.5
14852,5884,27002,73,2.5
14853,5884,27002,324,3.5
14854,5884,27002,380,4
14855,5883,26999,200,2
14856,5882,26974,164,4
14857,5882,26974,262,5
14858,5882,26974,299,3.5
14859,5881,26947,648,4.5
14860,5880,26915,430,4.5
14861,5879,26903,257,3
14862,5879,26903,352,4.5
14863,5878,26886,580,3
14864,5877,26870,212,1
14865,5877,26870,624,2
14866,5876,26865,346,4.5
14867,5876,26865,580,4.5
14868,5875,26854,652,4
14869,5874,26850,468,3
14870,5873,26843,652,5
14871,5872,26842,73,4
14872,5872,26842,623,4
14873,5871,26840,257,2
14874,5871,26840,423,4
14875,5871,26840,580,4.5
14876,5870,26838,547,3.5
14877,5869,26835,547,3.5
14878,5868,26819,654,4
14879,5867,26812,380,4
14880,5866,26810,15,2
14881,5866,26810,299,4.5
14882,5865,26809,299,4.5
14883,5864,26797,547,5
14884,5863,26791,652,5
14885,5862,26788,529,3.5
14886,5861,26784,547,3
14887,5860,26782,547,3
14888,5859,26776,48,4
14889,5859,26776,176,4
14890,5859,26776,205,3.5
14891,5859,26776,257,3.5
14892,5859,26776,298,5
14893,5859,26776,352,4
14894,5859,26776,364,1
14895,5859,26776,397,4.5
14896,5859,26776,406,5
14897,5859,26776,423,4.5
14898,5859,26776,620,4
14899,5859,26776,660,4
14900,5858,26775,547,1.5
14901,5857,26750,624,3
14902,5856,26749,299,5
14903,5855,26737,547,4
14904,5854,26736,73,4
14905,5853,26732,522,4
14906,5852,26731,547,4
14907,5851,26729,15,4.5
14908,5851,26729,23,4.5
14909,5851,26729,73,3
14910,5851,26729,388,4.5
14911,5851,26729,428,4
14912,5851,26729,472,5
14913,5851,26729,481,5
14914,5851,26729,547,4.5
14915,5850,26726,457,2.5
14916,5849,26712,78,5
14917,5849,26712,468,4.5
14918,5849,26712,547,4
14919,5849,26712,587,4.5
14920,5848,26704,73,4
14921,5847,26702,580,4
14922,5846,26701,101,4
14923,5845,26700,77,2
14924,5845,26700,581,0.5
14925,5845,26700,624,2.5
14926,5844,26695,59,3.5
14927,5843,26694,547,4
14928,5842,26693,262,2
14929,5842,26693,542,4.5
14930,5841,26689,547,2
14931,5840,26686,200,3.5
14932,5839,26684,73,3.5
14933,5839,26684,299,4.5
14934,5838,26680,212,3.5
14935,5838,26680,294,3.5
14936,5838,26680,299,4
14937,5838,26680,547,3
14938,5837,26663,587,4
14939,5836,26662,48,4
14940,5836,26662,61,5
14941,5836,26662,81,4
14942,5836,26662,149,4
14943,5836,26662,159,4
14944,5836,26662,176,3.5
14945,5836,26662,205,4
14946,5836,26662,213,2.5
14947,5836,26662,257,4.5
14948,5836,26662,294,3.5
14949,5836,26662,328,4
14950,5836,26662,352,3.5
14951,5836,26662,364,2
14952,5836,26662,402,3.5
14953,5836,26662,406,4.5
14954,5836,26662,443,5
14955,5836,26662,580,3.5
14956,5836,26662,660,4
14957,5835,26655,299,4.5
14958,5834,26649,324,3.5
14959,5834,26649,527,4
14960,5834,26649,529,2
14961,5834,26649,547,4
14962,5834,26649,587,3.5
14963,5833,26631,262,3
14964,5832,26622,547,3.5
14965,5831,26614,11,5
14966,5831,26614,46,5
14967,5831,26614,78,5
14968,5831,26614,152,3.5
14969,5831,26614,187,3.5
14970,5831,26614,199,4
14971,5831,26614,316,4
14972,5831,26614,353,4
14973,5831,26614,380,4
14974,5831,26614,457,2
14975,5831,26614,468,3
14976,5831,26614,566,5
14977,5831,26614,664,3.5
14978,5830,26606,73,4
14979,5830,26606,523,4.5
14980,5829,26603,73,3.5
14981,5829,26603,199,4
14982,5828,26599,427,5
14983,5827,26587,15,5
14984,5827,26587,38,4.5
14985,5827,26587,262,3.5
14986,5827,26587,359,5
14987,5827,26587,529,4
14988,5826,26585,73,3.5
14989,5826,26585,346,3.5
14990,5825,26581,547,2
14991,5824,26578,81,5
14992,5823,26574,481,4
14993,5822,26564,207,0.5
14994,5822,26564,547,4
14995,5821,26562,68,4
14996,5821,26562,547,4
14997,5820,26555,353,1
14998,5820,26555,577,4.5
14999,5820,26555,607,4
15000,5819,26554,199,4
15001,5819,26554,346,4.5
15002,5818,26547,73,4.5
15003,5818,26547,157,3.5
15004,5817,26528,287,4.5
15005,5817,26528,394,1
15006,5817,26528,547,4
15007,5817,26528,584,3
15008,5816,26524,299,5
15009,5816,26524,427,5
15010,5816,26524,529,4
15011,5816,26524,547,4
15012,5815,26513,309,2.5
15013,5814,26509,430,4.5
15014,5813,26505,547,4.5
15015,5812,26501,547,5
15016,5811,26494,299,4.5
15017,5811,26494,580,3.5
15018,5811,26494,648,3.5
15019,5810,26492,77,3.5
15020,5809,26487,547,2
15021,5808,26485,547,0.5
15022,5807,26480,73,3
15023,5806,26472,529,4
15024,5806,26472,547,2.5
15025,5806,26472,587,5
15026,5805,26471,56,2
15027,5804,26467,547,1
15028,5803,26464,624,3
15029,5802,26462,627,3
15030,5801,26435,547,2.5
15031,5800,26430,547,1
15032,5799,26425,394,3.5
15033,5799,26425,468,2.5
15034,5799,26425,472,4.5
15035,5798,26422,187,5
15036,5797,26414,468,3.5
15037,5796,26413,580,4
15038,5795,26409,624,1
15039,5794,26404,547,2.5
15040,5793,26403,73,3.5
15041,5793,26403,471,4.5
15042,5792,26400,468,4.5
15043,5791,26394,263,3
15044,5790,26393,471,3.5
15045,5789,26391,468,2.5
15046,5789,26391,547,1.5
15047,5788,26386,294,4
15048,5788,26386,624,3.5
15049,5787,26375,213,2.5
15050,5787,26375,529,2.5
15051,5786,26371,547,2.5
15052,5785,26366,394,0.5
15053,5785,26366,529,4
15054,5784,26350,547,4.5
15055,5783,26349,547,3.5
15056,5782,26346,547,3
15057,5781,26342,394,3.5
15058,5780,26338,547,3
15059,5779,26326,81,4.5
15060,5779,26326,262,3
15061,5779,26326,299,5
15062,5779,26326,481,5
15063,5779,26326,519,5
15064,5778,26325,529,4
15065,5777,26324,529,3.5
15066,5776,26323,547,4.5
15067,5775,26322,522,3.5
15068,5774,26320,262,2.5
15069,5773,26318,81,4.5
15070,5773,26318,406,4.5
15071,5772,26317,580,2
15072,5771,26313,468,4
15073,5771,26313,547,3.5
15074,5770,26303,262,2
15075,5770,26303,547,3
15076,5769,26302,468,3.5
15077,5768,26294,54,4
15078,5768,26294,159,3.5
15079,5767,26271,547,4
15080,5766,26268,394,4
15081,5765,26265,470,3.5
15082,5764,26258,73,4.5
15083,5764,26258,81,5
15084,5764,26258,299,5
15085,5764,26258,481,4
15086,5764,26258,547,1.5
15087,5763,26251,547,4
15088,5762,26242,23,5
15089,5762,26242,311,3.5
15090,5762,26242,452,3.5
15091,5762,26242,547,4
15092,5761,26241,262,3.5
15093,5761,26241,299,4.5
15094,5760,26231,262,3
15095,5760,26231,299,5
15096,5760,26231,472,3.5
15097,5759,26229,547,3.5
15098,5758,26228,81,4
15099,5757,26208,529,4
15100,5756,26199,547,4
15101,5755,26198,169,3.5
15102,5755,26198,547,2.5
15103,5754,26188,394,0.5
15104,5753,26180,547,3.5
15105,5752,26178,452,3.5
15106,5752,26178,468,3
15107,5752,26178,547,4.5
15108,5751,26176,262,3
15109,5750,26172,472,4
15110,5750,26172,584,4
15111,5749,26171,262,3
15112,5749,26171,468,4.5
15113,5748,26164,299,4
15114,5747,26163,547,4
15115,5746,26160,54,3.5
15116,5745,26157,547,0.5
15117,5744,26152,15,4
15118,5744,26152,294,4
15119,5744,26152,346,5
15120,5744,26152,624,3
15121,5743,26151,45,5
15122,5742,26150,81,5
15123,5741,26147,547,4.5
15124,5740,26133,187,2.5
15125,5740,26133,382,4
15126,5740,26133,468,3.5
15127,5740,26133,624,3.5
15128,5739,26131,15,5
15129,5739,26131,23,4
15130,5739,26131,281,3.5
15131,5739,26131,283,4
15132,5739,26131,529,4
15133,5739,26131,648,4
15134,5738,26125,262,3.5
15135,5737,26122,468,3.5
15136,5736,26117,547,3.5
15137,5735,26116,187,3.5
15138,5735,26116,547,2.5
15139,5734,26111,20,4
15140,5734,26111,468,3
15141,5734,26111,529,3
15142,5733,26094,481,5
15143,5732,26093,547,3.5
15144,5731,26086,547,4
15145,5730,26085,452,3
15146,5729,26084,56,5
15147,5729,26084,294,4.5
15148,5729,26084,452,4
15149,5729,26084,547,4.5
15150,5729,26084,580,3.5
15151,5729,26084,582,1
15152,5728,26082,257,5
15153,5728,26082,529,4
15154,5727,26079,547,4
15155,5726,26052,23,4
15156,5726,26052,468,3.5
15157,5725,26025,68,3.5
15158,5725,26025,394,0.5
15159,5724,26013,547,2.5
15160,5723,26012,580,3.5
15161,5722,26010,547,3
15162,5721,26009,394,0.5
15163,5720,26007,471,4.5
15164,5719,26005,580,3.5
15165,5718,26003,262,3.5
15166,5718,26003,529,3.5
15167,5717,25999,547,4.5
15168,5716,25996,547,4.5
15169,5715,25995,580,3.5
15170,5714,25993,468,2.5
15171,5713,25972,547,4
15172,5712,25971,294,3.5
15173,5712,25971,546,4
15174,5711,25965,547,2
15175,5710,25962,73,4
15176,5709,25952,236,4.5
15177,5709,25952,547,4
15178,5708,25947,96,5
15179,5708,25947,547,3.5
15180,5707,25945,547,4.5
15181,5706,25941,547,4
15182,5705,25940,547,2.5
15183,5704,25937,294,4
15184,5704,25937,382,2
15185,5704,25937,547,2.5
15186,5703,25930,547,3.5
15187,5702,25929,547,4
15188,5700,25920,547,3.5
15189,5699,25916,468,2.5
15190,5698,25911,501,3
15191,5697,25906,547,2.5
15192,5696,25904,547,3.5
15193,5695,25901,394,0.5
15194,5694,25900,547,3.5
15195,5693,25898,529,3.5
15196,5692,25891,452,2.5
15197,5692,25891,505,3
15198,5691,25886,547,4
15199,5690,25882,547,4.5
15200,5689,25874,394,0.5
15201,5689,25874,547,3
15202,5688,25868,96,4
15203,5688,25868,468,3
15204,5688,25868,529,4
15205,5687,25865,547,4
15206,5686,25856,547,4
15207,5685,25852,587,5
15208,5684,25850,96,5
15209,5684,25850,505,4
15210,5684,25850,529,2.5
15211,5684,25850,547,4
15212,5683,25842,547,3.5
15213,5682,25841,547,2.5
15214,5681,25839,468,3.5
15215,5680,25828,547,4
15216,5679,25827,468,3.5
15217,5679,25827,505,3.5
15218,5679,25827,587,3.5
15219,5678,25826,394,0.5
15220,5677,25825,529,3.5
15221,5677,25825,547,4
15222,5676,25807,262,3
15223,5675,25805,23,2.5
15224,5675,25805,255,5
15225,5675,25805,587,4
15226,5674,25801,98,5
15227,5673,25795,547,4
15228,5672,25792,529,3.5
15229,5671,25788,212,3
15230,5671,25788,501,4.5
15231,5671,25788,527,3.5
15232,5671,25788,547,3
15233,5670,25777,423,3.5
15234,5670,25777,468,4
15235,5670,25777,547,3.5
15236,5669,25774,262,3
15237,5668,25773,547,4
15238,5667,25771,257,3
15239,5667,25771,262,3.5
15240,5667,25771,297,4
15241,5667,25771,299,5
15242,5667,25771,406,4.5
15243,5667,25771,428,2.5
15244,5667,25771,468,3.5
15245,5667,25771,470,0.5
15246,5667,25771,481,5
15247,5667,25771,505,2
15248,5666,25769,23,4.5
15249,5666,25769,297,3
15250,5666,25769,468,4.5
15251,5666,25769,547,4
15252,5665,25764,468,4.5
15253,5664,25763,470,2
15254,5663,25755,468,3.5
15255,5662,25753,23,3.5
15256,5662,25753,529,3.5
15257,5661,25752,468,4
15258,5660,25750,268,4.5
15259,5660,25750,287,4.5
15260,5660,25750,297,3
15261,5660,25750,468,4.5
15262,5660,25750,481,5
15263,5659,25744,299,4.5
15264,5658,25737,394,0.5
15265,5657,9018,165,2.5
15266,5657,9018,427,5
15267,5657,9018,452,3.5
15268,5656,9012,547,4
15269,5655,9010,165,5
15270,5655,9010,623,5
15271,5654,9005,311,2.5
15272,5653,9004,311,3.5
15273,5652,9001,287,4
15274,5651,9000,294,3.5
15275,5650,8999,294,4
15276,5649,8998,212,3.5
15277,5649,8998,294,4
15278,5649,8998,529,3.5
15279,5649,8998,547,3
15280,5648,8989,281,3
15281,5648,8989,294,4
15282,5647,8988,294,4
15283,5646,8987,452,4
15284,5646,8987,547,3
15285,5645,8986,294,4
15286,5644,8985,75,3
15287,5644,8985,157,1
15288,5644,8985,213,2
15289,5644,8985,255,1
15290,5644,8985,294,3.5
15291,5644,8985,355,3
15292,5644,8985,380,3
15293,5644,8985,384,2
15294,5644,8985,475,1
15295,5644,8985,584,0.5
15296,5644,8985,596,0.5
15297,5644,8985,611,1
15298,5643,8984,15,2
15299,5643,8984,23,3
15300,5643,8984,73,2.5
15301,5643,8984,157,2
15302,5643,8984,165,1
15303,5643,8984,200,3
15304,5643,8984,212,3
15305,5643,8984,311,4
15306,5643,8984,313,3.5
15307,5643,8984,316,4
15308,5643,8984,365,4
15309,5643,8984,371,3
15310,5643,8984,378,0.5
15311,5643,8984,380,2
15312,5643,8984,384,2
15313,5643,8984,402,3.5
15314,5643,8984,417,4.5
15315,5643,8984,418,4
15316,5643,8984,423,2
15317,5643,8984,452,2
15318,5643,8984,457,3
15319,5643,8984,473,2.5
15320,5643,8984,475,2.5
15321,5643,8984,478,4.5
15322,5643,8984,522,2.5
15323,5643,8984,544,4
15324,5643,8984,547,2.5
15325,5643,8984,561,4
15326,5643,8984,574,3
15327,5643,8984,596,3.5
15328,5643,8984,607,3.5
15329,5643,8984,611,3.5
15330,5643,8984,615,3
15331,5643,8984,624,1.5
15332,5642,8983,17,2.5
15333,5642,8983,52,3.5
15334,5642,8983,81,4
15335,5642,8983,176,4
15336,5642,8983,262,2
15337,5642,8983,294,4
15338,5642,8983,311,3.5
15339,5642,8983,345,3.5
15340,5642,8983,353,2.5
15341,5642,8983,380,4
15342,5642,8983,388,4
15343,5642,8983,562,4
15344,5642,8983,574,3.5
15345,5642,8983,580,2
15346,5642,8983,582,1.5
15347,5642,8983,587,4
15348,5642,8983,624,4
15349,5641,8982,169,3.5
15350,5640,8981,60,5
15351,5640,8981,125,4
15352,5640,8981,176,1.5
15353,5640,8981,187,5
15354,5640,8981,235,4.5
15355,5640,8981,255,4.5
15356,5640,8981,262,3
15357,5640,8981,294,3.5
15358,5640,8981,345,4
15359,5640,8981,371,4.5
15360,5640,8981,384,5
15361,5640,8981,431,4
15362,5640,8981,452,4
15363,5640,8981,468,3
15364,5640,8981,481,4
15365,5640,8981,528,2.5
15366,5640,8981,547,4
15367,5640,8981,574,4.5
15368,5640,8981,652,4
15369,5639,8979,427,4
15370,5639,8979,547,4.5
15371,5638,8977,571,4
15372,5638,8977,596,3
15373,5637,8974,15,2.5
15374,5637,8974,165,2.5
15375,5636,8973,17,3.5
15376,5636,8973,23,4
15377,5636,8973,255,4.5
15378,5636,8973,283,3.5
15379,5636,8973,299,3.5
15380,5636,8973,427,4
15381,5636,8973,481,4.5
15382,5636,8973,648,4
15383,5635,8972,15,3.5
15384,5635,8972,56,2
15385,5635,8972,68,4
15386,5635,8972,73,3
15387,5635,8972,78,3.5
15388,5635,8972,84,3.5
15389,5635,8972,104,3.5
15390,5635,8972,150,4
15391,5635,8972,176,3
15392,5635,8972,179,4
15393,5635,8972,213,4.5
15394,5635,8972,226,4
15395,5635,8972,272,5
15396,5635,8972,287,4
15397,5635,8972,294,4.5
15398,5635,8972,311,3.5
15399,5635,8972,316,3.5
15400,5635,8972,324,3.5
15401,5635,8972,353,2
15402,5635,8972,371,3.5
15403,5635,8972,380,2
15404,5635,8972,382,3
15405,5635,8972,384,4
15406,5635,8972,402,4
15407,5635,8972,418,4.5
15408,5635,8972,426,4
15409,5635,8972,457,0.5
15410,5635,8972,475,2.5
15411,5635,8972,480,3.5
15412,5635,8972,505,3
15413,5635,8972,561,4
15414,5635,8972,582,2.5
15415,5635,8972,596,3.5
15416,5635,8972,624,2
15417,5635,8972,652,4.5
15418,5634,8970,15,2
15419,5634,8970,20,2.5
15420,5634,8970,23,4.5
15421,5634,8970,61,2.5
15422,5634,8970,130,4
15423,5634,8970,133,4
15424,5634,8970,143,5
15425,5634,8970,169,5
15426,5634,8970,176,3.5
15427,5634,8970,187,3.5
15428,5634,8970,201,4
15429,5634,8970,212,4
15430,5634,8970,235,4.5
15431,5634,8970,251,4.5
15432,5634,8970,255,3.5
15433,5634,8970,283,3
15434,5634,8970,294,4
15435,5634,8970,297,4
15436,5634,8970,313,3
15437,5634,8970,324,3
15438,5634,8970,333,4.5
15439,5634,8970,345,3
15440,5634,8970,362,4
15441,5634,8970,380,4
15442,5634,8970,382,3.5
15443,5634,8970,427,4
15444,5634,8970,431,5
15445,5634,8970,468,3
15446,5634,8970,475,3.5
15447,5634,8970,481,4
15448,5634,8970,505,4
15449,5634,8970,529,4.5
15450,5634,8970,547,3.5
15451,5634,8970,577,5
15452,5634,8970,654,4.5
15453,5634,8970,660,4
15454,5634,8970,664,4.5
15455,5633,8969,98,5
15456,5633,8969,176,3.5
15457,5633,8969,255,2
15458,5633,8969,262,1
15459,5633,8969,452,2
15460,5633,8969,481,4
15461,5633,8969,599,4
15462,5633,8969,652,5
15463,5632,8968,150,3
15464,5632,8968,367,2.5
15465,5632,8968,468,1.5
15466,5631,8966,23,3.5
15467,5631,8966,52,4
15468,5631,8966,159,1.5
15469,5631,8966,178,3.5
15470,5631,8966,212,3
15471,5631,8966,283,4.5
15472,5631,8966,345,4
15473,5631,8966,407,4
15474,5631,8966,427,3.5
15475,5631,8966,452,3.5
15476,5631,8966,481,3
15477,5631,8966,505,4
15478,5631,8966,528,3.5
15479,5631,8966,547,4
15480,5630,8965,48,3
15481,5630,8965,213,3
15482,5630,8965,287,3.5
15483,5630,8965,328,1.5
15484,5630,8965,382,3
15485,5630,8965,442,4
15486,5630,8965,531,1.5
15487,5629,8964,394,1.5
15488,5628,8963,313,0.5
15489,5627,8961,15,2
15490,5627,8961,22,3.5
15491,5627,8961,26,4
15492,5627,8961,31,4
15493,5627,8961,40,4.5
15494,5627,8961,42,4
15495,5627,8961,48,3.5
15496,5627,8961,56,4
15497,5627,8961,59,5
15498,5627,8961,61,4
15499,5627,8961,68,4
15500,5627,8961,69,4
15501,5627,8961,72,2
15502,5627,8961,73,3
15503,5627,8961,77,4
15504,5627,8961,84,4
15505,5627,8961,93,5
15506,5627,8961,94,3
15507,5627,8961,106,3
15508,5627,8961,124,4
15509,5627,8961,125,4
15510,5627,8961,130,4
15511,5627,8961,134,3
15512,5627,8961,136,4
15513,5627,8961,138,0.5
15514,5627,8961,146,4.5
15515,5627,8961,152,3.5
15516,5627,8961,157,3
15517,5627,8961,164,3.5
15518,5627,8961,165,3
15519,5627,8961,169,4.5
15520,5627,8961,187,3.5
15521,5627,8961,200,3
15522,5627,8961,201,5
15523,5627,8961,205,4
15524,5627,8961,212,3.5
15525,5627,8961,213,4
15526,5627,8961,219,3.5
15527,5627,8961,228,4
15528,5627,8961,234,3
15529,5627,8961,253,4
15530,5627,8961,257,2.5
15531,5627,8961,268,4.5
15532,5627,8961,271,4.5
15533,5627,8961,273,4.5
15534,5627,8961,275,4
15535,5627,8961,281,3.5
15536,5627,8961,283,4.5
15537,5627,8961,287,5
15538,5627,8961,292,4.5
15539,5627,8961,294,4.5
15540,5627,8961,295,4.5
15541,5627,8961,297,3.5
15542,5627,8961,309,4
15543,5627,8961,313,4.5
15544,5627,8961,316,4
15545,5627,8961,324,4
15546,5627,8961,328,3.5
15547,5627,8961,345,5
15548,5627,8961,346,4
15549,5627,8961,353,3
15550,5627,8961,355,4.5
15551,5627,8961,362,4.5
15552,5627,8961,365,4.5
15553,5627,8961,366,5
15554,5627,8961,378,0.5
15555,5627,8961,380,5
15556,5627,8961,382,5
15557,5627,8961,394,3
15558,5627,8961,397,4
15559,5627,8961,402,3.5
15560,5627,8961,410,4.5
15561,5627,8961,417,4.5
15562,5627,8961,418,4
15563,5627,8961,419,4.5
15564,5627,8961,425,3
15565,5627,8961,426,4
15566,5627,8961,427,3.5
15567,5627,8961,428,4
15568,5627,8961,430,5
15569,5627,8961,431,5
15570,5627,8961,433,4.5
15571,5627,8961,442,4
15572,5627,8961,450,3
15573,5627,8961,457,2
15574,5627,8961,461,4.5
15575,5627,8961,468,3.5
15576,5627,8961,472,3.5
15577,5627,8961,475,4
15578,5627,8961,479,4.5
15579,5627,8961,481,3
15580,5627,8961,500,3
15581,5627,8961,501,4.5
15582,5627,8961,505,3.5
15583,5627,8961,509,4.5
15584,5627,8961,520,4
15585,5627,8961,522,3
15586,5627,8961,523,4.5
15587,5627,8961,524,3
15588,5627,8961,526,4
15589,5627,8961,529,4.5
15590,5627,8961,531,3.5
15591,5627,8961,542,3
15592,5627,8961,553,3.5
15593,5627,8961,561,4.5
15594,5627,8961,562,4.5
15595,5627,8961,570,2
15596,5627,8961,574,3.5
15597,5627,8961,577,5
15598,5627,8961,580,4.5
15599,5627,8961,584,3.5
15600,5627,8961,596,4
15601,5627,8961,607,4.5
15602,5627,8961,613,5
15603,5627,8961,615,4
15604,5627,8961,620,4
15605,5627,8961,621,1
15606,5627,8961,622,5
15607,5627,8961,623,4
15608,5627,8961,624,4.5
15609,5627,8961,632,4
15610,5627,8961,648,4
15611,5627,8961,654,5
15612,5627,8961,660,4
15613,5627,8961,661,4
15614,5627,8961,664,4
15615,5626,8958,15,3.5
15616,5626,8958,17,5
15617,5626,8958,23,4.5
15618,5626,8958,77,3.5
15619,5626,8958,165,3.5
15620,5626,8958,200,3.5
15621,5626,8958,201,5
15622,5626,8958,275,4.5
15623,5626,8958,292,4
15624,5626,8958,295,4.5
15625,5626,8958,431,4
15626,5626,8958,452,4
15627,5626,8958,457,3
15628,5626,8958,468,3
15629,5626,8958,480,3.5
15630,5626,8958,505,3.5
15631,5626,8958,522,4
15632,5626,8958,547,4.5
15633,5626,8958,587,4
15634,5626,8958,596,3.5
15635,5626,8958,654,4.5
15636,5625,8957,15,3
15637,5625,8957,17,3
15638,5625,8957,22,4.5
15639,5625,8957,48,3
15640,5625,8957,73,4
15641,5625,8957,75,4.5
15642,5625,8957,124,3
15643,5625,8957,150,4.5
15644,5625,8957,165,4.5
15645,5625,8957,176,0.5
15646,5625,8957,199,4.5
15647,5625,8957,200,1
15648,5625,8957,212,3
15649,5625,8957,213,2
15650,5625,8957,295,4
15651,5625,8957,313,3.5
15652,5625,8957,332,4
15653,5625,8957,353,2.5
15654,5625,8957,378,0.5
15655,5625,8957,384,4
15656,5625,8957,457,2.5
15657,5625,8957,471,3.5
15658,5625,8957,475,2.5
15659,5625,8957,480,4.5
15660,5625,8957,500,1
15661,5625,8957,501,5
15662,5625,8957,584,5
15663,5625,8957,596,3.5
15664,5625,8957,620,0.5
15665,5625,8957,624,2.5
15666,5625,8957,627,4.5
15667,5625,8957,655,5
15668,5625,8957,664,4.5
15669,5624,8955,23,5
15670,5623,8954,587,3.5
15671,5622,8951,283,4
15672,5622,8951,427,4
15673,5621,8950,15,2
15674,5621,8950,17,5
15675,5621,8950,22,4
15676,5621,8950,48,4.5
15677,5621,8950,72,3.5
15678,5621,8950,73,4.5
15679,5621,8950,97,1.5
15680,5621,8950,134,4.5
15681,5621,8950,157,4.5
15682,5621,8950,199,3.5
15683,5621,8950,262,3
15684,5621,8950,307,4.5
15685,5621,8950,457,3.5
15686,5621,8950,468,3.5
15687,5621,8950,480,4
15688,5621,8950,501,3
15689,5621,8950,509,3
15690,5621,8950,596,3.5
15691,5621,8950,664,4.5
15692,5620,8949,15,4.5
15693,5620,8949,23,3.5
15694,5620,8949,73,3.5
15695,5620,8949,93,4
15696,5620,8949,94,1.5
15697,5620,8949,97,3
15698,5620,8949,105,4
15699,5620,8949,117,4
15700,5620,8949,125,5
15701,5620,8949,132,4
15702,5620,8949,201,4
15703,5620,8949,212,3
15704,5620,8949,230,3.5
15705,5620,8949,255,3.5
15706,5620,8949,275,5
15707,5620,8949,283,4.5
15708,5620,8949,294,3.5
15709,5620,8949,297,4
15710,5620,8949,303,3
15711,5620,8949,307,4
15712,5620,8949,313,3
15713,5620,8949,345,4.5
15714,5620,8949,365,3
15715,5620,8949,380,3.5
15716,5620,8949,384,3.5
15717,5620,8949,388,5
15718,5620,8949,407,4.5
15719,5620,8949,427,4
15720,5620,8949,452,2
15721,5620,8949,457,4.5
15722,5620,8949,472,4
15723,5620,8949,480,0.5
15724,5620,8949,481,4
15725,5620,8949,486,4
15726,5620,8949,500,1
15727,5620,8949,509,4
15728,5620,8949,547,5
15729,5620,8949,562,3.5
15730,5620,8949,577,5
15731,5620,8949,587,4
15732,5620,8949,596,4
15733,5620,8949,610,3.5
15734,5620,8949,624,4
15735,5620,8949,648,2.5
15736,5620,8949,654,3.5
15737,5619,8948,15,1
15738,5619,8948,255,3
15739,5619,8948,294,3
15740,5619,8948,547,3.5
15741,5618,8947,22,3
15742,5618,8947,73,0.5
15743,5618,8947,78,3.5
15744,5618,8947,165,1
15745,5618,8947,187,2
15746,5618,8947,201,5
15747,5618,8947,262,2.5
15748,5618,8947,295,4.5
15749,5618,8947,362,3
15750,5618,8947,370,5
15751,5618,8947,475,1
15752,5618,8947,624,2
15753,5618,8947,664,3
15754,5617,8946,380,2.5
15755,5616,8943,212,3.5
15756,5615,8938,299,5
15757,5615,8938,427,5
15758,5615,8938,587,4
15759,5614,8937,165,4.5
15760,5614,8937,380,4
15761,5614,8937,544,5
15762,5614,8937,566,4
15763,5613,8935,212,1.5
15764,5613,8935,581,0.5
15765,5612,8933,406,5
15766,5612,8933,547,4
15767,5612,8933,587,5
15768,5611,8931,380,3.5
15769,5610,8930,15,2.5
15770,5610,8930,481,4.5
15771,5609,8929,311,4
15772,5608,8928,17,3
15773,5608,8928,73,3.5
15774,5608,8928,212,4
15775,5608,8928,370,3.5
15776,5607,8927,509,3
15777,5607,8927,596,3
15778,5606,8923,299,4.5
15779,5606,8923,547,4
15780,5605,8921,311,2.5
15781,5604,8920,311,3.5
15782,5603,8918,52,3.5
15783,5603,8918,165,2.5
15784,5602,8917,15,4
15785,5602,8917,56,4
15786,5602,8917,73,3.5
15787,5602,8917,149,3.5
15788,5602,8917,187,3
15789,5602,8917,240,4.5
15790,5602,8917,244,2
15791,5602,8917,313,2
15792,5602,8917,346,4
15793,5602,8917,353,2.5
15794,5602,8917,380,4.5
15795,5602,8917,423,4
15796,5602,8917,430,3.5
15797,5602,8917,457,2.5
15798,5602,8917,519,4.5
15799,5602,8917,540,1.5
15800,5602,8917,547,3.5
15801,5602,8917,580,4.5
15802,5602,8917,591,2.5
15803,5602,8917,624,4.5
15804,5601,8916,294,4
15805,5601,8916,311,4
15806,5601,8916,382,3
15807,5601,8916,418,4
15808,5601,8916,452,3
15809,5601,8916,505,3.5
15810,5601,8916,563,2.5
15811,5600,8915,429,2
15812,5599,8914,15,4.5
15813,5599,8914,17,4.5
15814,5599,8914,56,2
15815,5599,8914,73,3
15816,5599,8914,134,4.5
15817,5599,8914,157,4
15818,5599,8914,287,3.5
15819,5599,8914,423,3.5
15820,5599,8914,601,4
15821,5599,8914,615,3.5
15822,5599,8914,654,4
15823,5599,8914,664,4
15824,5598,8911,165,2.5
15825,5598,8911,382,2.5
15826,5597,8910,15,2.5
15827,5597,8910,23,4
15828,5597,8910,73,4
15829,5597,8910,132,5
15830,5597,8910,156,5
15831,5597,8910,165,1.5
15832,5597,8910,212,3
15833,5597,8910,255,4.5
15834,5597,8910,283,3.5
15835,5597,8910,309,4
15836,5597,8910,367,4
15837,5597,8910,380,4
15838,5597,8910,427,3.5
15839,5597,8910,457,2.5
15840,5597,8910,505,3
15841,5597,8910,610,4
15842,5597,8910,615,3.5
15843,5597,8910,624,3.5
15844,5596,8908,165,1
15845,5596,8908,295,3
15846,5596,8908,313,5
15847,5596,8908,480,4
15848,5595,8907,48,2.5
15849,5595,8907,165,2
15850,5595,8907,213,1.5
15851,5595,8907,283,2
15852,5595,8907,295,3
15853,5595,8907,313,3.5
15854,5595,8907,328,3.5
15855,5595,8907,418,4.5
15856,5595,8907,475,1
15857,5595,8907,480,3.5
15858,5595,8907,547,2.5
15859,5594,8906,48,2.5
15860,5594,8906,73,4
15861,5594,8906,262,3.5
15862,5594,8906,299,4
15863,5593,8903,547,3.5
15864,5592,8899,204,4
15865,5591,8893,299,4.5
15866,5590,8892,299,4
15867,5589,8884,295,4
15868,5588,8882,468,3
15869,5588,8882,547,3.5
15870,5587,8880,311,3
15871,5587,8880,452,3.5
15872,5587,8880,582,5
15873,5587,8880,624,2
15874,5586,8879,130,3.5
15875,5586,8879,240,4.5
15876,5586,8879,294,4
15877,5586,8879,407,4.5
15878,5586,8879,624,3.5
15879,5585,8874,6,4.5
15880,5585,8874,8,3
15881,5585,8874,15,2.5
15882,5585,8874,17,3.5
15883,5585,8874,26,1.5
15884,5585,8874,40,4.5
15885,5585,8874,48,4.5
15886,5585,8874,56,5
15887,5585,8874,72,3
15888,5585,8874,73,4
15889,5585,8874,77,4.5
15890,5585,8874,78,4
15891,5585,8874,83,4.5
15892,5585,8874,88,3.5
15893,5585,8874,94,2
15894,5585,8874,98,5
15895,5585,8874,105,3.5
15896,5585,8874,124,3
15897,5585,8874,134,4.5
15898,5585,8874,149,3.5
15899,5585,8874,150,3.5
15900,5585,8874,157,3.5
15901,5585,8874,165,4
15902,5585,8874,178,3
15903,5585,8874,187,4
15904,5585,8874,199,4
15905,5585,8874,200,4.5
15906,5585,8874,201,4
15907,5585,8874,212,3.5
15908,5585,8874,230,5
15909,5585,8874,262,5
15910,5585,8874,270,5
15911,5585,8874,273,5
15912,5585,8874,294,3.5
15913,5585,8874,309,4
15914,5585,8874,313,3.5
15915,5585,8874,316,5
15916,5585,8874,328,2
15917,5585,8874,346,5
15918,5585,8874,353,3.5
15919,5585,8874,355,4
15920,5585,8874,366,4
15921,5585,8874,367,3.5
15922,5585,8874,370,4.5
15923,5585,8874,380,3
15924,5585,8874,423,4.5
15925,5585,8874,427,4
15926,5585,8874,461,4
15927,5585,8874,468,3.5
15928,5585,8874,475,4
15929,5585,8874,480,5
15930,5585,8874,483,4
15931,5585,8874,486,4
15932,5585,8874,509,2
15933,5585,8874,519,4.5
15934,5585,8874,524,5
15935,5585,8874,547,2.5
15936,5585,8874,553,4
15937,5585,8874,561,4
15938,5585,8874,563,3.5
15939,5585,8874,574,3.5
15940,5585,8874,580,4
15941,5585,8874,584,3
15942,5585,8874,610,4
15943,5585,8874,615,5
15944,5585,8874,624,4
15945,5585,8874,628,4
15946,5585,8874,635,3.5
15947,5585,8874,655,4
15948,5585,8874,664,4
15949,5584,8873,8,4
15950,5584,8873,23,4.5
15951,5584,8873,94,2.5
15952,5584,8873,143,4
15953,5584,8873,147,4
15954,5584,8873,159,3.5
15955,5584,8873,201,0.5
15956,5584,8873,212,4
15957,5584,8873,230,3.5
15958,5584,8873,255,5
15959,5584,8873,262,2.5
15960,5584,8873,283,5
15961,5584,8873,307,4
15962,5584,8873,334,3
15963,5584,8873,382,3
15964,5584,8873,388,3.5
15965,5584,8873,427,2.5
15966,5584,8873,431,5
15967,5584,8873,457,3.5
15968,5584,8873,475,2.5
15969,5584,8873,481,4.5
15970,5584,8873,509,4
15971,5584,8873,524,4
15972,5584,8873,587,4.5
15973,5584,8873,596,4.5
15974,5584,8873,648,4
15975,5583,8872,299,3.5
15976,5582,8871,380,3.5
15977,5581,8870,165,4
15978,5581,8870,201,4
15979,5581,8870,213,2.5
15980,5581,8870,384,2.5
15981,5581,8870,452,2.5
15982,5580,8866,382,3.5
15983,5580,8866,402,3.5
15984,5580,8866,475,3
15985,5580,8866,540,1
15986,5579,8865,15,1
15987,5579,8865,17,0.5
15988,5579,8865,68,3.5
15989,5579,8865,165,1.5
15990,5579,8865,201,4
15991,5579,8865,226,3
15992,5579,8865,240,4
15993,5579,8865,294,4.5
15994,5579,8865,324,3
15995,5579,8865,353,1.5
15996,5579,8865,624,3.5
15997,5578,8864,165,3.5
15998,5577,8861,41,4
15999,5577,8861,73,2.5
16000,5577,8861,78,5
16001,5577,8861,157,2
16002,5577,8861,165,0.5
16003,5577,8861,199,1.5
16004,5577,8861,201,4
16005,5577,8861,212,2.5
16006,5577,8861,353,2.5
16007,5577,8861,370,3.5
16008,5577,8861,380,3
16009,5577,8861,384,4
16010,5577,8861,475,1
16011,5577,8861,580,2.5
16012,5576,8860,165,1
16013,5576,8860,201,4
16014,5576,8860,212,3
16015,5576,8860,213,4
16016,5576,8860,255,3
16017,5576,8860,313,3
16018,5576,8860,353,0.5
16019,5576,8860,380,3
16020,5576,8860,427,0.5
16021,5576,8860,452,2
16022,5576,8860,480,4
16023,5575,8859,73,0.5
16024,5575,8859,428,0.5
16025,5574,8857,187,3
16026,5573,8854,73,3.5
16027,5572,8853,547,2.5
16028,5571,8851,547,2
16029,5570,8850,311,2.5
16030,5569,8848,262,2
16031,5568,8840,468,2.5
16032,5567,8839,165,2.5
16033,5566,8838,204,3
16034,5566,8838,452,3
16035,5566,8838,468,4
16036,5566,8838,529,4
16037,5566,8838,547,4
16038,5565,8836,165,0.5
16039,5565,8836,201,3
16040,5565,8836,664,3.5
16041,5564,8835,165,1.5
16042,5563,8833,212,3.5
16043,5563,8833,240,4
16044,5563,8833,294,4
16045,5563,8833,365,4
16046,5562,8832,165,1.5
16047,5561,8831,313,2.5
16048,5560,8830,216,2
16049,5560,8830,313,2.5
16050,5559,8828,547,3
16051,5558,8827,201,4
16052,5558,8827,309,5
16053,5558,8827,417,4.5
16054,5558,8827,442,4.5
16055,5558,8827,452,3
16056,5558,8827,515,5
16057,5558,8827,654,4.5
16058,5557,8823,485,3
16059,5556,8821,311,2.5
16060,5555,8820,311,2.5
16061,5554,8819,311,2.5
16062,5553,8814,213,1
16063,5552,8813,427,3.5
16064,5552,8813,547,2.5
16065,5551,8811,73,0.5
16066,5550,8810,73,2
16067,5550,8810,134,4
16068,5550,8810,165,1
16069,5550,8810,199,2.5
16070,5550,8810,201,4
16071,5550,8810,213,4
16072,5550,8810,268,1.5
16073,5550,8810,295,3
16074,5550,8810,324,3.5
16075,5550,8810,353,1.5
16076,5550,8810,355,3
16077,5550,8810,367,3.5
16078,5550,8810,370,3
16079,5550,8810,380,3
16080,5550,8810,384,2
16081,5550,8810,475,0.5
16082,5550,8810,580,2.5
16083,5550,8810,664,3
16084,5549,8808,169,3
16085,5549,8808,213,2.5
16086,5549,8808,294,4
16087,5549,8808,311,3.5
16088,5549,8808,382,3
16089,5549,8808,402,3.5
16090,5549,8808,457,1
16091,5549,8808,599,4
16092,5548,8807,15,2.5
16093,5548,8807,48,4
16094,5548,8807,56,4
16095,5548,8807,73,3
16096,5548,8807,83,5
16097,5548,8807,165,3.5
16098,5548,8807,187,4
16099,5548,8807,212,1
16100,5548,8807,244,4.5
16101,5548,8807,270,3.5
16102,5548,8807,297,3.5
16103,5548,8807,346,5
16104,5548,8807,380,4.5
16105,5548,8807,388,3.5
16106,5548,8807,402,3.5
16107,5548,8807,457,2.5
16108,5548,8807,461,3
16109,5548,8807,519,4.5
16110,5548,8807,574,4
16111,5548,8807,584,4
16112,5548,8807,607,4
16113,5548,8807,624,3
16114,5547,8800,299,4.5
16115,5547,8800,388,3.5
16116,5546,8799,384,2.5
16117,5545,8798,15,3
16118,5545,8798,17,4.5
16119,5545,8798,22,3
16120,5545,8798,26,5
16121,5545,8798,73,3
16122,5545,8798,94,2.5
16123,5545,8798,105,4
16124,5545,8798,124,2.5
16125,5545,8798,125,3.5
16126,5545,8798,152,4
16127,5545,8798,165,4
16128,5545,8798,201,4
16129,5545,8798,205,3
16130,5545,8798,213,3.5
16131,5545,8798,218,4.5
16132,5545,8798,240,3
16133,5545,8798,243,4
16134,5545,8798,263,3
16135,5545,8798,295,4.5
16136,5545,8798,313,4
16137,5545,8798,328,3.5
16138,5545,8798,353,3
16139,5545,8798,380,3.5
16140,5545,8798,384,2.5
16141,5545,8798,388,4
16142,5545,8798,417,4.5
16143,5545,8798,461,4.5
16144,5545,8798,480,5
16145,5545,8798,481,3.5
16146,5545,8798,483,5
16147,5545,8798,509,3.5
16148,5545,8798,547,3
16149,5545,8798,572,4
16150,5545,8798,574,4.5
16151,5545,8798,596,4
16152,5545,8798,607,4
16153,5545,8798,613,3.5
16154,5545,8798,624,3
16155,5545,8798,627,4
16156,5545,8798,664,3.5
16157,5544,8797,468,4.5
16158,5543,8796,294,4
16159,5543,8796,365,3.5
16160,5543,8796,380,2.5
16161,5543,8796,405,3
16162,5542,8795,346,2.5
16163,5541,8790,199,3
16164,5540,8785,529,3.5
16165,5539,8784,6,3
16166,5539,8784,8,4.5
16167,5539,8784,15,2
16168,5539,8784,26,2
16169,5539,8784,48,4.5
16170,5539,8784,56,2
16171,5539,8784,73,4
16172,5539,8784,83,4
16173,5539,8784,88,4
16174,5539,8784,94,2.5
16175,5539,8784,97,1.5
16176,5539,8784,125,4
16177,5539,8784,143,4.5
16178,5539,8784,149,3.5
16179,5539,8784,164,5
16180,5539,8784,165,4
16181,5539,8784,187,5
16182,5539,8784,201,5
16183,5539,8784,212,4.5
16184,5539,8784,216,5
16185,5539,8784,219,5
16186,5539,8784,235,5
16187,5539,8784,240,4
16188,5539,8784,253,1.5
16189,5539,8784,262,2
16190,5539,8784,263,1
16191,5539,8784,267,5
16192,5539,8784,275,5
16193,5539,8784,283,3.5
16194,5539,8784,292,4.5
16195,5539,8784,307,4.5
16196,5539,8784,309,3.5
16197,5539,8784,345,4
16198,5539,8784,380,4
16199,5539,8784,382,3
16200,5539,8784,388,3
16201,5539,8784,392,4
16202,5539,8784,407,4
16203,5539,8784,425,0.5
16204,5539,8784,427,4
16205,5539,8784,431,4.5
16206,5539,8784,452,4.5
16207,5539,8784,469,2.5
16208,5539,8784,500,3.5
16209,5539,8784,509,3.5
16210,5539,8784,520,3
16211,5539,8784,547,4
16212,5539,8784,561,3.5
16213,5539,8784,562,3.5
16214,5539,8784,574,4.5
16215,5539,8784,580,3.5
16216,5539,8784,596,4
16217,5539,8784,610,3.5
16218,5539,8784,612,2.5
16219,5539,8784,615,2
16220,5539,8784,624,3.5
16221,5539,8784,654,4.5
16222,5539,8784,664,4.5
16223,5538,8783,17,0.5
16224,5538,8783,73,2.5
16225,5538,8783,165,1.5
16226,5538,8783,186,5
16227,5538,8783,201,4
16228,5538,8783,212,3
16229,5538,8783,213,2
16230,5538,8783,216,4.5
16231,5538,8783,243,3.5
16232,5538,8783,244,2
16233,5538,8783,255,3
16234,5538,8783,262,2.5
16235,5538,8783,287,4
16236,5538,8783,313,2.5
16237,5538,8783,355,2.5
16238,5538,8783,380,3
16239,5538,8783,388,3.5
16240,5538,8783,417,4.5
16241,5538,8783,452,2
16242,5538,8783,457,2
16243,5538,8783,461,3.5
16244,5538,8783,468,2.5
16245,5538,8783,471,2.5
16246,5538,8783,475,2.5
16247,5538,8783,480,3.5
16248,5538,8783,509,3
16249,5538,8783,540,4.5
16250,5538,8783,577,4
16251,5538,8783,664,3.5
16252,5537,8781,15,0.5
16253,5537,8781,17,2
16254,5537,8781,52,3.5
16255,5537,8781,94,3
16256,5537,8781,165,3
16257,5537,8781,201,4
16258,5537,8781,212,3
16259,5537,8781,380,3.5
16260,5537,8781,452,2.5
16261,5537,8781,509,2.5
16262,5537,8781,547,4
16263,5537,8781,607,4
16264,5537,8781,624,3.5
16265,5536,8779,587,4
16266,5535,8777,394,0.5
16267,5534,8772,311,3.5
16268,5534,8772,547,4
16269,5533,8768,547,3.5
16270,5530,8765,96,4
16271,5529,8763,547,1.5
16272,5528,8761,547,3.5
16273,5527,8754,204,5
16274,5527,8754,468,3
16275,5527,8754,529,3.5
16276,5527,8754,587,4.5
16277,5526,8753,452,4
16278,5525,8752,547,4
16279,5524,8751,204,5
16280,5524,8751,468,4
16281,5523,8745,311,3.5
16282,5522,8743,624,2.5
16283,5521,8730,417,4.5
16284,5520,8727,547,1.5
16285,5519,8725,547,2.5
16286,5518,8724,547,3.5
16287,5518,8724,587,4
16288,5517,8722,461,1
16289,5516,8720,165,2.5
16290,5515,8718,311,2.5
16291,5514,8713,596,3.5
16292,5513,8712,294,4.5
16293,5513,8712,547,3.5
16294,5512,8711,394,4.5
16295,5512,8711,468,3
16296,5511,8709,111,3
16297,5510,8700,468,3
16298,5509,8699,652,5
16299,5508,8695,311,3
16300,5507,8690,17,3
16301,5506,8689,367,4
16302,5505,8684,468,4
16303,5504,8675,405,5
16304,5503,8672,311,3.5
16305,5502,8670,236,4.5
16306,5501,8667,165,2
16307,5501,8667,547,3.5
16308,5500,8666,201,0.5
16309,5500,8666,213,3
16310,5500,8666,294,4
16311,5500,8666,353,1
16312,5500,8666,377,3.5
16313,5500,8666,384,2
16314,5500,8666,475,0.5
16315,5499,8665,15,3.5
16316,5499,8665,17,3.5
16317,5499,8665,26,4
16318,5499,8665,54,4.5
16319,5499,8665,56,4
16320,5499,8665,62,4.5
16321,5499,8665,73,3
16322,5499,8665,77,4
16323,5499,8665,78,5
16324,5499,8665,84,3.5
16325,5499,8665,88,4
16326,5499,8665,124,2.5
16327,5499,8665,130,3
16328,5499,8665,150,4.5
16329,5499,8665,152,4
16330,5499,8665,157,3.5
16331,5499,8665,164,3.5
16332,5499,8665,165,3.5
16333,5499,8665,169,5
16334,5499,8665,179,2.5
16335,5499,8665,199,4
16336,5499,8665,200,4.5
16337,5499,8665,201,4
16338,5499,8665,212,4
16339,5499,8665,213,2.5
16340,5499,8665,240,4.5
16341,5499,8665,282,4.5
16342,5499,8665,283,3
16343,5499,8665,287,5
16344,5499,8665,294,4
16345,5499,8665,295,3.5
16346,5499,8665,309,4.5
16347,5499,8665,311,5
16348,5499,8665,313,4
16349,5499,8665,316,4
16350,5499,8665,333,4.5
16351,5499,8665,353,3.5
16352,5499,8665,355,3.5
16353,5499,8665,365,5
16354,5499,8665,367,4
16355,5499,8665,371,3
16356,5499,8665,378,0.5
16357,5499,8665,379,3.5
16358,5499,8665,380,4
16359,5499,8665,384,2.5
16360,5499,8665,388,4
16361,5499,8665,394,4
16362,5499,8665,405,3.5
16363,5499,8665,407,4
16364,5499,8665,410,4.5
16365,5499,8665,430,0.5
16366,5499,8665,431,5
16367,5499,8665,433,3
16368,5499,8665,446,5
16369,5499,8665,452,3.5
16370,5499,8665,456,3.5
16371,5499,8665,457,2
16372,5499,8665,461,4
16373,5499,8665,468,3
16374,5499,8665,475,4
16375,5499,8665,480,5
16376,5499,8665,481,5
16377,5499,8665,483,5
16378,5499,8665,547,3.5
16379,5499,8665,553,4
16380,5499,8665,574,4
16381,5499,8665,577,5
16382,5499,8665,580,3
16383,5499,8665,584,5
16384,5499,8665,596,2
16385,5499,8665,607,4
16386,5499,8665,623,4
16387,5499,8665,624,3.5
16388,5499,8665,664,3.5
16389,5498,8661,212,3
16390,5498,8661,311,3.5
16391,5498,8661,468,3
16392,5498,8661,547,3.5
16393,5497,8657,311,3.5
16394,5496,8656,23,2.5
16395,5496,8656,38,4.5
16396,5496,8656,359,4.5
16397,5495,8654,199,2
16398,5494,8650,547,3.5
16399,5494,8650,587,5
16400,5493,8645,15,2
16401,5493,8645,48,3
16402,5493,8645,94,3.5
16403,5493,8645,143,4.5
16404,5493,8645,159,4
16405,5493,8645,165,5
16406,5493,8645,283,4.5
16407,5493,8645,380,3.5
16408,5493,8645,388,3.5
16409,5493,8645,426,1
16410,5493,8645,427,4.5
16411,5493,8645,431,5
16412,5493,8645,452,3.5
16413,5493,8645,481,3.5
16414,5493,8645,509,4
16415,5493,8645,529,3.5
16416,5493,8645,648,4
16417,5492,8644,5,4
16418,5492,8644,15,1
16419,5492,8644,17,2
16420,5492,8644,41,4.5
16421,5492,8644,72,3
16422,5492,8644,73,3
16423,5492,8644,77,2
16424,5492,8644,78,5
16425,5492,8644,84,3.5
16426,5492,8644,88,4
16427,5492,8644,94,3
16428,5492,8644,104,4
16429,5492,8644,130,3
16430,5492,8644,149,1.5
16431,5492,8644,157,2.5
16432,5492,8644,169,4.5
16433,5492,8644,179,0.5
16434,5492,8644,199,2.5
16435,5492,8644,200,3.5
16436,5492,8644,201,4
16437,5492,8644,212,4
16438,5492,8644,213,5
16439,5492,8644,240,3
16440,5492,8644,251,5
16441,5492,8644,261,4.5
16442,5492,8644,277,4
16443,5492,8644,287,5
16444,5492,8644,295,3.5
16445,5492,8644,311,4
16446,5492,8644,313,4
16447,5492,8644,324,3.5
16448,5492,8644,339,4.5
16449,5492,8644,353,2.5
16450,5492,8644,365,4
16451,5492,8644,371,3.5
16452,5492,8644,380,3
16453,5492,8644,384,2.5
16454,5492,8644,402,3
16455,5492,8644,426,4
16456,5492,8644,446,4.5
16457,5492,8644,456,4
16458,5492,8644,457,1.5
16459,5492,8644,468,2
16460,5492,8644,475,2
16461,5492,8644,480,4
16462,5492,8644,483,1
16463,5492,8644,501,4
16464,5492,8644,526,3.5
16465,5492,8644,553,4
16466,5492,8644,562,4
16467,5492,8644,570,3.5
16468,5492,8644,572,3
16469,5492,8644,574,3
16470,5492,8644,580,2.5
16471,5492,8644,607,4
16472,5492,8644,624,3
16473,5492,8644,664,3.5
16474,5491,8643,169,3
16475,5491,8643,213,3
16476,5491,8643,382,3.5
16477,5491,8643,599,4.5
16478,5490,8642,599,3
16479,5489,8641,15,3
16480,5489,8641,56,4
16481,5489,8641,73,4.5
16482,5489,8641,97,4
16483,5489,8641,106,4
16484,5489,8641,165,2.5
16485,5489,8641,179,3.5
16486,5489,8641,199,4
16487,5489,8641,212,1.5
16488,5489,8641,270,4
16489,5489,8641,297,4
16490,5489,8641,324,3
16491,5489,8641,353,3
16492,5489,8641,382,1
16493,5489,8641,402,3
16494,5489,8641,433,4.5
16495,5489,8641,442,4.5
16496,5489,8641,452,3
16497,5489,8641,457,2.5
16498,5489,8641,468,2.5
16499,5489,8641,475,3
16500,5489,8641,480,5
16501,5489,8641,486,4
16502,5489,8641,522,2.5
16503,5489,8641,547,3.5
16504,5489,8641,561,4
16505,5489,8641,562,4.5
16506,5489,8641,571,4
16507,5489,8641,580,3.5
16508,5489,8641,582,4.5
16509,5489,8641,607,3
16510,5489,8641,624,4
16511,5489,8641,648,3.5
16512,5489,8641,664,4.5
16513,5488,8640,73,2.5
16514,5488,8640,213,3.5
16515,5488,8640,243,1
16516,5488,8640,262,2.5
16517,5488,8640,384,2.5
16518,5488,8640,388,3
16519,5488,8640,471,3
16520,5488,8640,475,2
16521,5487,8638,15,4
16522,5487,8638,60,5
16523,5487,8638,73,4.5
16524,5487,8638,75,4
16525,5487,8638,81,5
16526,5487,8638,117,4
16527,5487,8638,133,0.5
16528,5487,8638,240,2.5
16529,5487,8638,275,4.5
16530,5487,8638,283,4.5
16531,5487,8638,292,4
16532,5487,8638,481,3
16533,5487,8638,505,3.5
16534,5487,8638,509,4.5
16535,5487,8638,529,4
16536,5487,8638,544,4.5
16537,5487,8638,574,4
16538,5486,8636,3,3
16539,5486,8636,5,4.5
16540,5486,8636,6,4
16541,5486,8636,15,3
16542,5486,8636,22,4.5
16543,5486,8636,23,3.5
16544,5486,8636,42,4
16545,5486,8636,48,4
16546,5486,8636,68,4
16547,5486,8636,73,3.5
16548,5486,8636,77,4
16549,5486,8636,88,3
16550,5486,8636,93,3.5
16551,5486,8636,94,3.5
16552,5486,8636,103,3.5
16553,5486,8636,104,4
16554,5486,8636,120,4
16555,5486,8636,130,3
16556,5486,8636,136,3.5
16557,5486,8636,138,0.5
16558,5486,8636,152,3.5
16559,5486,8636,157,3
16560,5486,8636,163,2.5
16561,5486,8636,164,3
16562,5486,8636,165,4
16563,5486,8636,169,4
16564,5486,8636,187,3.5
16565,5486,8636,199,1.5
16566,5486,8636,201,4
16567,5486,8636,212,3.5
16568,5486,8636,213,4
16569,5486,8636,216,4
16570,5486,8636,235,4.5
16571,5486,8636,240,4.5
16572,5486,8636,243,3.5
16573,5486,8636,253,4
16574,5486,8636,263,3.5
16575,5486,8636,268,4.5
16576,5486,8636,271,5
16577,5486,8636,272,3.5
16578,5486,8636,287,4.5
16579,5486,8636,291,5
16580,5486,8636,294,3.5
16581,5486,8636,295,5
16582,5486,8636,311,4.5
16583,5486,8636,313,3.5
16584,5486,8636,346,4.5
16585,5486,8636,353,2.5
16586,5486,8636,355,3
16587,5486,8636,380,4
16588,5486,8636,384,4.5
16589,5486,8636,388,4.5
16590,5486,8636,394,3
16591,5486,8636,402,3.5
16592,5486,8636,407,4
16593,5486,8636,417,4.5
16594,5486,8636,426,2.5
16595,5486,8636,428,3.5
16596,5486,8636,430,0.5
16597,5486,8636,431,5
16598,5486,8636,433,4
16599,5486,8636,450,2
16600,5486,8636,457,0.5
16601,5486,8636,461,4.5
16602,5486,8636,475,4
16603,5486,8636,481,2.5
16604,5486,8636,498,3
16605,5486,8636,509,3
16606,5486,8636,520,3.5
16607,5486,8636,528,4
16608,5486,8636,547,3.5
16609,5486,8636,553,4
16610,5486,8636,561,3.5
16611,5486,8636,562,4.5
16612,5486,8636,574,2.5
16613,5486,8636,580,4
16614,5486,8636,607,4.5
16615,5486,8636,615,1.5
16616,5486,8636,622,5
16617,5486,8636,623,3.5
16618,5486,8636,624,5
16619,5486,8636,652,3.5
16620,5486,8636,654,5
16621,5486,8636,664,4
16622,5485,8633,41,4
16623,5485,8633,213,3
16624,5485,8633,295,4
16625,5485,8633,311,3.5
16626,5485,8633,346,5
16627,5485,8633,405,3.5
16628,5485,8633,607,3.5
16629,5485,8633,624,3
16630,5484,8629,96,3
16631,5483,8625,547,3
16632,5482,8623,15,3
16633,5482,8623,68,4
16634,5482,8623,291,4
16635,5482,8623,311,3.5
16636,5482,8623,328,4
16637,5482,8623,346,4
16638,5482,8623,367,4
16639,5482,8623,405,4
16640,5482,8623,457,2
16641,5482,8623,468,2.5
16642,5482,8623,547,2.5
16643,5482,8623,587,4
16644,5482,8623,624,3.5
16645,5481,8622,3,3.5
16646,5481,8622,5,3.5
16647,5481,8622,15,3.5
16648,5481,8622,17,3
16649,5481,8622,73,3.5
16650,5481,8622,77,0.5
16651,5481,8622,78,5
16652,5481,8622,111,4
16653,5481,8622,150,4.5
16654,5481,8622,176,3.5
16655,5481,8622,187,4
16656,5481,8622,200,1.5
16657,5481,8622,216,5
16658,5481,8622,240,5
16659,5481,8622,243,4
16660,5481,8622,283,4
16661,5481,8622,290,5
16662,5481,8622,295,4.5
16663,5481,8622,303,4
16664,5481,8622,311,4
16665,5481,8622,313,4.5
16666,5481,8622,320,3.5
16667,5481,8622,353,3
16668,5481,8622,380,3.5
16669,5481,8622,388,4
16670,5481,8622,407,4.5
16671,5481,8622,418,3.5
16672,5481,8622,423,4
16673,5481,8622,427,5
16674,5481,8622,430,4
16675,5481,8622,452,4
16676,5481,8622,457,3
16677,5481,8622,471,3.5
16678,5481,8622,479,4
16679,5481,8622,509,4
16680,5481,8622,546,0.5
16681,5481,8622,547,3.5
16682,5481,8622,561,1
16683,5481,8622,577,3.5
16684,5481,8622,580,2
16685,5481,8622,596,4
16686,5481,8622,610,3
16687,5481,8622,624,3.5
16688,5481,8622,627,4.5
16689,5481,8622,648,3.5
16690,5481,8622,654,1.5
16691,5480,8620,17,3.5
16692,5480,8620,468,3.5
16693,5480,8620,481,4
16694,5480,8620,587,4
16695,5479,8618,311,3
16696,5479,8618,547,4
16697,5479,8618,587,4
16698,5478,8617,311,3.5
16699,5478,8617,547,3
16700,5477,8616,311,3.5
16701,5476,8614,150,2.5
16702,5476,8614,311,3.5
16703,5476,8614,457,2.5
16704,5476,8614,624,2
16705,5475,8612,311,3
16706,5475,8612,547,3.5
16707,5474,8611,20,1.5
16708,5474,8611,311,3
16709,5473,8610,405,4
16710,5473,8610,452,3
16711,5473,8610,468,2.5
16712,5473,8610,547,2.5
16713,5473,8610,587,4
16714,5473,8610,621,4.5
16715,5472,8609,468,4.5
16716,5471,8607,213,4
16717,5471,8607,423,4.5
16718,5471,8607,580,3
16719,5470,8604,200,2.5
16720,5469,8600,17,4
16721,5469,8600,164,4
16722,5469,8600,201,4
16723,5469,8600,468,4
16724,5468,8596,243,4
16725,5468,8596,417,4
16726,5468,8596,624,3
16727,5467,8591,587,3.5
16728,5466,8589,243,4.5
16729,5466,8589,471,4
16730,5465,8584,236,4.5
16731,5465,8584,311,3
16732,5464,8583,547,2.5
16733,5463,8582,15,3.5
16734,5463,8582,48,4
16735,5463,8582,304,4.5
16736,5463,8582,452,3.5
16737,5463,8582,587,4
16738,5462,8581,15,2.5
16739,5462,8581,75,4
16740,5462,8581,199,3
16741,5462,8581,333,4
16742,5462,8581,471,4
16743,5461,8580,130,3.5
16744,5461,8580,294,4.5
16745,5461,8580,529,5
16746,5460,8577,648,4
16747,5459,8576,313,3.5
16748,5459,8576,648,4.5
16749,5458,8575,382,2
16750,5457,8574,294,4
16751,5457,8574,394,0.5
16752,5456,8572,547,4.5
16753,5455,8571,547,2.5
16754,5455,8571,587,3.5
16755,5454,8544,61,3.5
16756,5453,8542,405,3.5
16757,5453,8542,468,3.5
16758,5453,8542,505,3
16759,5453,8542,529,3.5
16760,5453,8542,547,4.5
16761,5453,8542,587,5
16762,5453,8542,624,5
16763,5452,8537,77,4
16764,5451,8535,311,4
16765,5451,8535,505,4.5
16766,5451,8535,547,2
16767,5450,8534,165,2.5
16768,5449,8533,8,2.5
16769,5449,8533,54,4.5
16770,5449,8533,78,5
16771,5449,8533,81,2.5
16772,5449,8533,98,5
16773,5449,8533,133,3
16774,5449,8533,152,2.5
16775,5449,8533,156,5
16776,5449,8533,165,2
16777,5449,8533,212,2
16778,5449,8533,213,2
16779,5449,8533,216,2.5
16780,5449,8533,226,4
16781,5449,8533,229,4.5
16782,5449,8533,230,4
16783,5449,8533,238,5
16784,5449,8533,251,5
16785,5449,8533,311,4
16786,5449,8533,402,5
16787,5449,8533,481,2.5
16788,5449,8533,500,3.5
16789,5449,8533,505,3
16790,5449,8533,509,2.5
16791,5449,8533,531,1
16792,5449,8533,547,3.5
16793,5449,8533,570,3.5
16794,5449,8533,572,3
16795,5449,8533,574,4.5
16796,5449,8533,578,3
16797,5449,8533,599,4
16798,5449,8533,611,3.5
16799,5449,8533,620,0.5
16800,5449,8533,652,4
16801,5448,8531,15,1.5
16802,5448,8531,73,2
16803,5448,8531,84,3.5
16804,5448,8531,91,3
16805,5448,8531,187,3.5
16806,5447,8530,212,5
16807,5447,8530,427,3.5
16808,5447,8530,431,5
16809,5447,8530,547,2
16810,5446,8529,15,1.5
16811,5446,8529,23,2
16812,5446,8529,68,3
16813,5446,8529,73,4
16814,5446,8529,149,3.5
16815,5446,8529,165,3.5
16816,5446,8529,200,3.5
16817,5446,8529,212,3.5
16818,5446,8529,213,2.5
16819,5446,8529,235,4
16820,5446,8529,238,3.5
16821,5446,8529,255,3
16822,5446,8529,294,3.5
16823,5446,8529,295,3
16824,5446,8529,311,4
16825,5446,8529,313,3
16826,5446,8529,324,3
16827,5446,8529,333,5
16828,5446,8529,371,4
16829,5446,8529,380,2.5
16830,5446,8529,402,3.5
16831,5446,8529,418,5
16832,5446,8529,452,2
16833,5446,8529,468,3
16834,5446,8529,473,4
16835,5446,8529,480,3.5
16836,5446,8529,481,3.5
16837,5446,8529,500,3
16838,5446,8529,512,5
16839,5446,8529,522,3
16840,5446,8529,547,3
16841,5446,8529,562,4
16842,5446,8529,574,3.5
16843,5446,8529,582,2.5
16844,5446,8529,596,3.5
16845,5446,8529,624,3
16846,5446,8529,664,4
16847,5445,8528,15,1
16848,5445,8528,56,2
16849,5445,8528,73,3
16850,5445,8528,83,3.5
16851,5445,8528,89,5
16852,5445,8528,149,3.5
16853,5445,8528,150,4
16854,5445,8528,165,2
16855,5445,8528,181,4
16856,5445,8528,212,2
16857,5445,8528,219,5
16858,5445,8528,292,4
16859,5445,8528,294,3.5
16860,5445,8528,297,2
16861,5445,8528,316,4
16862,5445,8528,324,3.5
16863,5445,8528,380,3
16864,5445,8528,384,4
16865,5445,8528,388,4
16866,5445,8528,426,3
16867,5445,8528,433,3.5
16868,5445,8528,457,2
16869,5445,8528,468,2
16870,5445,8528,471,3
16871,5445,8528,475,2.5
16872,5445,8528,480,3
16873,5445,8528,500,3.5
16874,5445,8528,522,4
16875,5445,8528,547,3.5
16876,5445,8528,561,4
16877,5445,8528,562,4
16878,5445,8528,574,3.5
16879,5445,8528,580,4
16880,5445,8528,596,3
16881,5445,8528,624,4
16882,5445,8528,654,4.5
16883,5445,8528,664,3.5
16884,5444,8527,388,3
16885,5443,8526,73,2.5
16886,5443,8526,471,3
16887,5443,8526,624,1.5
16888,5442,8525,294,3.5
16889,5442,8525,547,1.5
16890,5441,8524,311,3.5
16891,5440,8522,98,5
16892,5440,8522,547,2.5
16893,5439,8511,468,4.5
16894,5439,8511,648,4
16895,5438,8507,23,3.5
16896,5438,8507,73,3.5
16897,5438,8507,236,4
16898,5438,8507,240,3.5
16899,5438,8507,262,4
16900,5438,8507,299,3.5
16901,5438,8507,394,0.5
16902,5438,8507,468,4
16903,5438,8507,547,4
16904,5437,8504,654,4.5
16905,5436,8502,294,4
16906,5436,8502,311,3.5
16907,5436,8502,328,3
16908,5435,8499,41,4
16909,5435,8499,299,4
16910,5435,8499,547,1.5
16911,5435,8499,587,3
16912,5433,8493,20,3.5
16913,5433,8493,83,5
16914,5433,8493,111,4
16915,5433,8493,150,3
16916,5433,8493,212,4
16917,5433,8493,217,4.5
16918,5433,8493,282,4
16919,5433,8493,311,2.5
16920,5433,8493,353,3
16921,5433,8493,355,3
16922,5433,8493,405,4.5
16923,5433,8493,442,4
16924,5433,8493,471,4
16925,5433,8493,624,3
16926,5432,8492,268,3
16927,5432,8492,281,4
16928,5432,8492,547,4.5
16929,5431,8491,394,2
16930,5431,8491,468,4
16931,5431,8491,547,4.5
16932,5430,8487,311,3
16933,5430,8487,547,2.5
16934,5429,8485,81,4
16935,5428,8484,257,3.5
16936,5427,8482,294,3.5
16937,5427,8482,311,2.5
16938,5426,8477,17,4.5
16939,5426,8477,262,3.5
16940,5426,8477,481,5
16941,5426,8477,547,4
16942,5425,8465,547,2.5
16943,5424,8464,5,4
16944,5424,8464,15,3
16945,5424,8464,23,3.5
16946,5424,8464,61,3
16947,5424,8464,78,3.5
16948,5424,8464,94,3
16949,5424,8464,133,0.5
16950,5424,8464,134,4
16951,5424,8464,164,4
16952,5424,8464,234,3.5
16953,5424,8464,238,2
16954,5424,8464,240,4
16955,5424,8464,243,3
16956,5424,8464,262,2
16957,5424,8464,283,2.5
16958,5424,8464,287,4.5
16959,5424,8464,294,4.5
16960,5424,8464,303,4
16961,5424,8464,309,4.5
16962,5424,8464,324,2.5
16963,5424,8464,328,3.5
16964,5424,8464,345,4
16965,5424,8464,353,3.5
16966,5424,8464,355,3.5
16967,5424,8464,364,4.5
16968,5424,8464,380,4
16969,5424,8464,388,4
16970,5424,8464,423,4
16971,5424,8464,427,5
16972,5424,8464,431,5
16973,5424,8464,452,3.5
16974,5424,8464,457,2.5
16975,5424,8464,461,3.5
16976,5424,8464,468,2.5
16977,5424,8464,473,5
16978,5424,8464,479,4
16979,5424,8464,509,3
16980,5424,8464,519,2
16981,5424,8464,547,4.5
16982,5424,8464,561,3.5
16983,5424,8464,596,4
16984,5424,8464,624,3.5
16985,5424,8464,627,3
16986,5424,8464,648,4
16987,5424,8464,654,4
16988,5423,8463,311,2.5
16989,5422,8462,547,2.5
16990,5421,8460,294,4
16991,5421,8460,311,3.5
16992,5420,8459,547,4
16993,5419,8453,652,4
16994,5418,8451,311,3.5
16995,5418,8451,388,4
16996,5418,8451,468,3
16997,5417,8447,624,1
16998,5416,8423,468,3
16999,5415,8422,547,3
17000,5414,8420,547,4
17001,5413,8410,547,4
17002,5412,8404,471,4
17003,5411,8403,199,2
17004,5410,8392,547,2
17005,5409,8388,547,4
17006,5408,8387,46,5
17007,5408,8387,217,3
17008,5408,8387,353,0.5
17009,5408,8387,577,1
17010,5408,8387,624,1.5
17011,5408,8387,643,0.5
17012,5407,8385,294,4
17013,5407,8385,311,3
17014,5406,8376,5,4
17015,5406,8376,15,2.5
17016,5406,8376,23,4.5
17017,5406,8376,48,3.5
17018,5406,8376,56,4
17019,5406,8376,61,0.5
17020,5406,8376,73,3.5
17021,5406,8376,83,4
17022,5406,8376,97,3.5
17023,5406,8376,125,4
17024,5406,8376,130,4
17025,5406,8376,150,4
17026,5406,8376,200,2.5
17027,5406,8376,201,3
17028,5406,8376,212,2
17029,5406,8376,219,0.5
17030,5406,8376,255,5
17031,5406,8376,262,3.5
17032,5406,8376,297,3
17033,5406,8376,303,2.5
17034,5406,8376,304,1.5
17035,5406,8376,324,4
17036,5406,8376,353,2.5
17037,5406,8376,362,3
17038,5406,8376,378,3.5
17039,5406,8376,380,4
17040,5406,8376,382,1
17041,5406,8376,402,3
17042,5406,8376,417,4.5
17043,5406,8376,423,2
17044,5406,8376,427,4
17045,5406,8376,433,3.5
17046,5406,8376,468,2.5
17047,5406,8376,486,3.5
17048,5406,8376,500,3
17049,5406,8376,509,4
17050,5406,8376,561,2
17051,5406,8376,580,4.5
17052,5406,8376,582,1
17053,5406,8376,596,4.5
17054,5406,8376,599,3.5
17055,5406,8376,607,0.5
17056,5406,8376,624,3
17057,5406,8376,648,4
17058,5406,8376,654,4.5
17059,5405,8373,73,2.5
17060,5405,8373,169,2.5
17061,5405,8373,213,1.5
17062,5405,8373,243,3.5
17063,5405,8373,292,3.5
17064,5405,8373,294,4
17065,5405,8373,384,2.5
17066,5405,8373,452,1
17067,5405,8373,509,1
17068,5405,8373,547,2.5
17069,5404,8372,73,1
17070,5404,8372,165,1
17071,5404,8372,328,3
17072,5404,8372,475,1
17073,5403,8371,41,4
17074,5403,8371,73,3
17075,5403,8371,104,3.5
17076,5403,8371,199,3
17077,5403,8371,212,4
17078,5403,8371,213,2
17079,5403,8371,243,4
17080,5403,8371,244,3
17081,5403,8371,251,5
17082,5403,8371,353,2
17083,5403,8371,355,1
17084,5403,8371,380,3.5
17085,5403,8371,384,4
17086,5403,8371,418,3
17087,5403,8371,457,1.5
17088,5403,8371,475,2.5
17089,5403,8371,477,5
17090,5403,8371,580,3.5
17091,5403,8371,607,3.5
17092,5403,8371,615,3
17093,5402,8370,17,3
17094,5402,8370,157,4
17095,5402,8370,236,4.5
17096,5402,8370,255,3.5
17097,5402,8370,423,5
17098,5402,8370,580,4
17099,5402,8370,596,3.5
17100,5401,8369,200,4.5
17101,5401,8369,313,3
17102,5401,8369,355,3
17103,5401,8369,380,1.5
17104,5401,8369,480,4.5
17105,5400,8368,6,3.5
17106,5400,8368,15,1.5
17107,5400,8368,22,3.5
17108,5400,8368,23,4
17109,5400,8368,26,3
17110,5400,8368,52,5
17111,5400,8368,56,4
17112,5400,8368,61,2.5
17113,5400,8368,73,3.5
17114,5400,8368,77,3
17115,5400,8368,78,3.5
17116,5400,8368,84,4
17117,5400,8368,88,3.5
17118,5400,8368,130,4
17119,5400,8368,133,4
17120,5400,8368,138,3
17121,5400,8368,140,4.5
17122,5400,8368,150,2
17123,5400,8368,152,4
17124,5400,8368,169,3
17125,5400,8368,176,3.5
17126,5400,8368,179,5
17127,5400,8368,187,3.5
17128,5400,8368,201,5
17129,5400,8368,205,3
17130,5400,8368,212,2.5
17131,5400,8368,213,3
17132,5400,8368,235,4.5
17133,5400,8368,240,4.5
17134,5400,8368,243,4
17135,5400,8368,251,4
17136,5400,8368,262,1.5
17137,5400,8368,268,3
17138,5400,8368,273,5
17139,5400,8368,275,4.5
17140,5400,8368,294,4.5
17141,5400,8368,295,4
17142,5400,8368,303,4
17143,5400,8368,309,4
17144,5400,8368,316,4
17145,5400,8368,324,3.5
17146,5400,8368,328,4
17147,5400,8368,346,4
17148,5400,8368,355,3
17149,5400,8368,382,4
17150,5400,8368,394,4.5
17151,5400,8368,402,4
17152,5400,8368,405,4.5
17153,5400,8368,407,4
17154,5400,8368,418,4.5
17155,5400,8368,426,4
17156,5400,8368,428,3
17157,5400,8368,430,3.5
17158,5400,8368,446,5
17159,5400,8368,456,3
17160,5400,8368,457,1.5
17161,5400,8368,461,4.5
17162,5400,8368,468,2.5
17163,5400,8368,475,4
17164,5400,8368,478,4.5
17165,5400,8368,480,5
17166,5400,8368,481,3.5
17167,5400,8368,500,3
17168,5400,8368,509,3
17169,5400,8368,520,3.5
17170,5400,8368,524,4.5
17171,5400,8368,526,4
17172,5400,8368,542,3
17173,5400,8368,553,4
17174,5400,8368,561,4
17175,5400,8368,562,4.5
17176,5400,8368,570,4.5
17177,5400,8368,577,4.5
17178,5400,8368,580,4
17179,5400,8368,584,3.5
17180,5400,8368,596,3
17181,5400,8368,599,5
17182,5400,8368,600,3
17183,5400,8368,607,4.5
17184,5400,8368,615,3
17185,5400,8368,620,4.5
17186,5400,8368,625,4
17187,5400,8368,627,4
17188,5400,8368,654,5
17189,5399,8367,81,4
17190,5399,8367,165,2
17191,5398,8366,15,2.5
17192,5398,8366,106,5
17193,5398,8366,111,4.5
17194,5398,8366,165,2
17195,5398,8366,187,5
17196,5398,8366,292,4
17197,5398,8366,367,3.5
17198,5398,8366,380,3.5
17199,5398,8366,427,3.5
17200,5398,8366,468,2.5
17201,5398,8366,500,4
17202,5398,8366,509,3
17203,5398,8366,528,3
17204,5398,8366,547,3
17205,5398,8366,582,1
17206,5397,8364,509,2.5
17207,5397,8364,547,4
17208,5396,8363,73,1.5
17209,5396,8363,165,1
17210,5396,8363,353,2.5
17211,5396,8363,522,3
17212,5395,8362,452,2.5
17213,5394,8361,15,4
17214,5394,8361,73,3
17215,5394,8361,78,4.5
17216,5394,8361,84,3
17217,5394,8361,157,2
17218,5394,8361,200,2.5
17219,5394,8361,213,4
17220,5394,8361,244,3
17221,5394,8361,287,4.5
17222,5394,8361,313,3
17223,5394,8361,355,1
17224,5394,8361,380,1
17225,5394,8361,388,3.5
17226,5394,8361,402,3.5
17227,5394,8361,418,4.5
17228,5394,8361,426,4.5
17229,5394,8361,452,3.5
17230,5394,8361,468,2
17231,5394,8361,471,3
17232,5394,8361,475,2.5
17233,5394,8361,480,4
17234,5394,8361,505,3
17235,5394,8361,596,2
17236,5394,8361,624,2
17237,5394,8361,664,3
17238,5393,8360,15,2.5
17239,5393,8360,17,3
17240,5393,8360,22,3.5
17241,5393,8360,48,3
17242,5393,8360,56,4
17243,5393,8360,61,2
17244,5393,8360,68,4.5
17245,5393,8360,73,3.5
17246,5393,8360,91,4.5
17247,5393,8360,93,3
17248,5393,8360,94,3.5
17249,5393,8360,98,5
17250,5393,8360,106,3.5
17251,5393,8360,124,4.5
17252,5393,8360,125,3.5
17253,5393,8360,138,0.5
17254,5393,8360,146,3
17255,5393,8360,157,3
17256,5393,8360,164,2.5
17257,5393,8360,165,4
17258,5393,8360,169,5
17259,5393,8360,176,3.5
17260,5393,8360,200,4
17261,5393,8360,201,5
17262,5393,8360,212,3.5
17263,5393,8360,213,3.5
17264,5393,8360,217,5
17265,5393,8360,234,2.5
17266,5393,8360,235,4.5
17267,5393,8360,240,4
17268,5393,8360,251,4.5
17269,5393,8360,262,2.5
17270,5393,8360,268,4
17271,5393,8360,271,4.5
17272,5393,8360,273,4
17273,5393,8360,282,4.5
17274,5393,8360,291,2.5
17275,5393,8360,294,4.5
17276,5393,8360,295,4
17277,5393,8360,313,4.5
17278,5393,8360,327,4
17279,5393,8360,328,4
17280,5393,8360,333,4
17281,5393,8360,353,3
17282,5393,8360,355,4.5
17283,5393,8360,371,4
17284,5393,8360,378,0.5
17285,5393,8360,380,4
17286,5393,8360,382,3
17287,5393,8360,384,4.5
17288,5393,8360,394,4
17289,5393,8360,405,5
17290,5393,8360,417,4
17291,5393,8360,418,3
17292,5393,8360,419,3.5
17293,5393,8360,423,1.5
17294,5393,8360,426,2.5
17295,5393,8360,427,3
17296,5393,8360,428,2
17297,5393,8360,430,4.5
17298,5393,8360,431,4.5
17299,5393,8360,442,4.5
17300,5393,8360,468,2
17301,5393,8360,475,2
17302,5393,8360,480,3.5
17303,5393,8360,500,3.5
17304,5393,8360,501,4
17305,5393,8360,520,1.5
17306,5393,8360,531,4
17307,5393,8360,547,3.5
17308,5393,8360,553,4
17309,5393,8360,562,4
17310,5393,8360,574,2.5
17311,5393,8360,577,5
17312,5393,8360,580,3
17313,5393,8360,596,3
17314,5393,8360,607,4
17315,5393,8360,615,3.5
17316,5393,8360,620,3.5
17317,5393,8360,622,4.5
17318,5393,8360,654,4.5
17319,5392,8341,291,5
17320,5392,8341,587,4
17321,5391,8340,73,4.5
17322,5391,8340,353,3.5
17323,5391,8340,468,3
17324,5390,8338,23,3.5
17325,5390,8338,81,4.5
17326,5390,8338,468,3.5
17327,5389,8337,263,3.5
17328,5389,8337,311,4
17329,5389,8337,345,4.5
17330,5389,8337,388,4
17331,5389,8337,452,3.5
17332,5389,8337,468,3
17333,5389,8337,529,2.5
17334,5389,8337,547,4
17335,5389,8337,587,4
17336,5388,8336,468,3.5
17337,5387,8332,452,3.5
17338,5386,8331,547,3.5
17339,5385,8327,81,4
17340,5385,8327,362,4.5
17341,5384,8290,624,0.5
17342,5383,8275,297,3.5
17343,5383,8275,394,0.5
17344,5383,8275,468,4
17345,5382,8273,648,4
17346,5381,8268,311,3
17347,5381,8268,457,2.5
17348,5380,8267,468,3.5
17349,5379,8266,547,2.5
17350,5378,8264,15,4
17351,5378,8264,468,4
17352,5378,8264,547,5
17353,5377,8263,294,3.5
17354,5377,8263,311,3.5
17355,5376,8261,547,5
17356,5375,8257,468,3
17357,5374,8256,652,4
17358,5373,8254,255,5
17359,5372,8253,243,4
17360,5372,8253,257,4.5
17361,5372,8253,406,2
17362,5371,8240,299,5
17363,5370,8239,23,3.5
17364,5370,8239,38,4.5
17365,5370,8239,81,5
17366,5370,8239,481,5
17367,5368,8235,468,4
17368,5367,8228,17,5
17369,5367,8228,88,4.5
17370,5367,8228,105,3.5
17371,5367,8228,236,4
17372,5367,8228,240,4.5
17373,5367,8228,281,4
17374,5367,8228,294,3.5
17375,5367,8228,367,4
17376,5367,8228,405,2.5
17377,5367,8228,423,4.5
17378,5367,8228,452,5
17379,5367,8228,472,4.5
17380,5367,8228,505,3
17381,5367,8228,529,4
17382,5367,8228,587,5
17383,5366,8225,165,2.5
17384,5366,8225,199,4
17385,5366,8225,332,4
17386,5366,8225,355,4
17387,5365,8208,527,5
17388,5364,8207,345,4.5
17389,5364,8207,388,5
17390,5364,8207,442,4.5
17391,5364,8207,468,3.5
17392,5364,8207,587,3.5
17393,5363,8199,81,4.5
17394,5363,8199,236,5
17395,5362,8197,38,4.5
17396,5362,8197,481,5
17397,5362,8197,547,1.5
17398,5361,8196,294,2
17399,5361,8196,547,3
17400,5360,8195,17,3
17401,5360,8195,23,3
17402,5360,8195,262,2.5
17403,5359,8194,262,2.5
17404,5359,8194,547,3
17405,5358,8191,20,4
17406,5358,8191,452,4.5
17407,5358,8191,529,4
17408,5358,8191,547,3.5
17409,5357,8190,311,4
17410,5357,8190,405,2
17411,5356,8189,299,4
17412,5355,8188,236,5
17413,5355,8188,547,4
17414,5355,8188,587,4
17415,5354,8187,311,3.5
17416,5353,8183,311,3.5
17417,5353,8183,405,5
17418,5353,8183,547,4
17419,5353,8183,587,4
17420,5352,8169,130,4
17421,5352,8169,134,3.5
17422,5352,8169,213,2.5
17423,5352,8169,303,3.5
17424,5352,8169,311,3.5
17425,5352,8169,468,2.5
17426,5352,8169,624,2.5
17427,5351,8167,268,3.5
17428,5351,8167,394,1
17429,5350,8158,291,3.5
17430,5350,8158,430,4.5
17431,5350,8158,547,2.5
17432,5349,8157,48,2.5
17433,5349,8157,77,4
17434,5349,8157,103,4
17435,5349,8157,157,4
17436,5349,8157,236,4
17437,5349,8157,257,3.5
17438,5349,8157,423,4.5
17439,5349,8157,580,3
17440,5348,8154,23,3.5
17441,5348,8154,38,4
17442,5348,8154,236,5
17443,5348,8154,406,5
17444,5348,8154,423,4
17445,5348,8154,481,5
17446,5348,8154,509,4
17447,5348,8154,587,2
17448,5347,8147,452,4
17449,5347,8147,547,3
17450,5346,8143,587,3.5
17451,5345,8142,423,4
17452,5344,8138,580,3
17453,5344,8138,624,0.5
17454,5343,8137,547,3.5
17455,5343,8137,624,0.5
17456,5342,8136,624,0.5
17457,5341,8133,356,1.5
17458,5340,8132,48,5
17459,5340,8132,94,4.5
17460,5340,8132,124,4.5
17461,5340,8132,212,4.5
17462,5340,8132,355,4
17463,5340,8132,384,3.5
17464,5340,8132,397,4.5
17465,5340,8132,426,4
17466,5340,8132,512,5
17467,5340,8132,596,5
17468,5340,8132,627,4.5
17469,5339,8131,73,4
17470,5339,8131,169,5
17471,5339,8131,500,3.5
17472,5338,8130,165,3
17473,5338,8130,380,3
17474,5337,8129,187,2
17475,5337,8129,427,1.5
17476,5336,8128,96,4.5
17477,5336,8128,262,2.5
17478,5336,8128,452,4.5
17479,5336,8128,587,3
17480,5335,8126,299,4.5
17481,5334,8125,23,4
17482,5334,8125,236,5
17483,5334,8125,547,4
17484,5333,8123,547,5
17485,5332,8121,587,5
17486,5331,8117,152,1.5
17487,5331,8117,157,4
17488,5330,8094,96,4.5
17489,5330,8094,311,3.5
17490,5329,8093,103,3.5
17491,5329,8093,313,2
17492,5328,8070,596,3.5
17493,5327,8057,311,3
17494,5326,8056,547,2.5
17495,5325,8044,547,4
17496,5325,8044,587,3.5
17497,5324,8042,23,4.5
17498,5324,8042,105,3.5
17499,5324,8042,468,4
17500,5324,8042,472,4
17501,5324,8042,509,3.5
17502,5324,8042,529,3.5
17503,5324,8042,547,4.5
17504,5323,8039,311,3
17505,5323,8039,452,3.5
17506,5322,8033,547,3
17507,5322,8033,620,3
17508,5321,8019,23,3.5
17509,5321,8019,103,4.5
17510,5320,8016,529,2.5
17511,5320,8016,547,2
17512,5319,8015,294,3.5
17513,5318,8014,81,3.5
17514,5318,8014,132,4.5
17515,5318,8014,262,3
17516,5318,8014,359,4
17517,5318,8014,488,4.5
17518,5318,8014,628,2
17519,5317,8012,132,5
17520,5317,8012,157,4
17521,5317,8012,236,4.5
17522,5317,8012,648,4
17523,5316,8011,15,2
17524,5316,8011,427,4
17525,5316,8011,452,3.5
17526,5316,8011,468,3
17527,5316,8011,547,4
17528,5315,8010,150,4
17529,5315,8010,353,3
17530,5314,8009,311,3.5
17531,5313,8008,217,3
17532,5313,8008,294,4
17533,5313,8008,311,3
17534,5312,8003,547,2
17535,5311,7995,547,3
17536,5310,7991,17,0.5
17537,5310,7991,41,4
17538,5310,7991,370,4
17539,5309,7990,648,3
17540,5308,7987,73,3.5
17541,5307,7984,73,3.5
17542,5306,7983,468,3.5
17543,5306,7983,486,4.5
17544,5306,7983,505,3.5
17545,5306,7983,547,2
17546,5305,7982,17,3.5
17547,5305,7982,48,4
17548,5305,7982,262,2
17549,5304,7981,17,5
17550,5304,7981,157,3.5
17551,5304,7981,547,4
17552,5303,7980,311,3.5
17553,5303,7980,355,3
17554,5303,7980,417,3.5
17555,5303,7980,452,2.5
17556,5303,7980,471,3.5
17557,5303,7980,527,3.5
17558,5303,7980,544,4
17559,5302,7979,81,4.5
17560,5302,7979,442,4
17561,5302,7979,468,3.5
17562,5302,7979,529,3.5
17563,5302,7979,547,4
17564,5301,7976,73,4
17565,5301,7976,262,3
17566,5301,7976,299,4.5
17567,5300,7959,547,3.5
17568,5299,7958,547,3.5
17569,5298,7951,580,2.5
17570,5297,7948,547,4
17571,5296,7947,486,4
17572,5295,7946,547,1.5
17573,5294,7944,281,4.5
17574,5294,7944,311,3.5
17575,5294,7944,547,4
17576,5293,7943,236,4.5
17577,5293,7943,470,3
17578,5293,7943,547,4.5
17579,5293,7943,587,4.5
17580,5292,7942,23,3
17581,5291,7941,38,5
17582,5291,7941,281,4
17583,5291,7941,297,4.5
17584,5291,7941,529,3
17585,5290,7939,468,3
17586,5289,7938,81,4
17587,5289,7938,468,3
17588,5288,7936,38,4.5
17589,5287,7935,547,4
17590,5286,7934,309,4
17591,5286,7934,394,3
17592,5286,7934,468,3.5
17593,5286,7934,501,4
17594,5286,7934,505,3.5
17595,5286,7934,547,3.5
17596,5285,7932,427,5
17597,5284,7926,236,4.5
17598,5284,7926,529,4.5
17599,5283,7925,15,3
17600,5283,7925,243,3.5
17601,5283,7925,257,2.5
17602,5283,7925,297,2.5
17603,5283,7925,406,4.5
17604,5283,7925,580,3.5
17605,5282,7924,423,4.5
17606,5281,7922,547,2.5
17607,5280,7921,547,3
17608,5279,7920,262,3
17609,5279,7920,299,4
17610,5278,7919,257,4.5
17611,5277,7916,294,3.5
17612,5277,7916,311,3.5
17613,5276,7915,73,3.5
17614,5275,7914,468,4
17615,5274,7899,165,3
17616,5274,7899,346,3.5
17617,5274,7899,580,3
17618,5273,7897,468,3
17619,5272,7895,624,3.5
17620,5271,7894,353,3.5
17621,5271,7894,624,4.5
17622,5270,7892,580,2
17623,5269,7889,299,4.5
17624,5268,7888,294,3.5
17625,5267,7883,547,3
17626,5266,7882,262,2.5
17627,5265,7881,547,3.5
17628,5264,7878,299,4.5
17629,5263,7872,547,2.5
17630,5262,7846,73,2.5
17631,5261,7845,73,3
17632,5260,7844,73,4
17633,5260,7844,346,5
17634,5260,7844,523,4
17635,5260,7844,580,3
17636,5259,7843,297,3.5
17637,5258,7842,73,2.5
17638,5258,7842,77,4
17639,5258,7842,132,4.5
17640,5258,7842,199,4
17641,5258,7842,353,1
17642,5257,7841,20,1
17643,5257,7841,77,4
17644,5257,7841,199,3.5
17645,5256,7840,281,4
17646,5256,7840,529,3.5
17647,5256,7840,587,4
17648,5255,7836,105,3
17649,5255,7836,382,3
17650,5255,7836,452,3.5
17651,5255,7836,505,3
17652,5255,7836,529,4
17653,5255,7836,547,5
17654,5254,7835,405,4
17655,5254,7835,547,3.5
17656,5253,7834,405,4
17657,5253,7834,468,3.5
17658,5253,7834,547,3.5
17659,5252,7833,394,4.5
17660,5252,7833,405,4
17661,5252,7833,547,3
17662,5251,7832,405,4
17663,5250,7831,96,4
17664,5250,7831,405,4
17665,5250,7831,547,3
17666,5249,7827,17,4
17667,5249,7827,261,5
17668,5249,7827,664,4.5
17669,5248,7826,234,5
17670,5248,7826,328,3
17671,5247,7822,294,3.5
17672,5247,7822,311,3.5
17673,5246,7820,81,4
17674,5245,7818,430,2.5
17675,5244,7817,41,3
17676,5244,7817,655,4
17677,5243,7815,547,1.5
17678,5242,7812,77,4
17679,5242,7812,370,3.5
17680,5241,7811,77,4
17681,5241,7811,370,3.5
17682,5240,7810,77,4
17683,5240,7810,199,2.5
17684,5240,7810,370,4.5
17685,5239,7809,243,3.5
17686,5239,7809,471,3.5
17687,5238,7802,73,5
17688,5238,7802,105,3.5
17689,5238,7802,165,4
17690,5238,7802,457,4
17691,5238,7802,472,4.5
17692,5237,7792,15,2.5
17693,5237,7792,17,4
17694,5237,7792,587,3.5
17695,5236,7791,311,2.5
17696,5236,7791,405,4
17697,5236,7791,547,2
17698,5235,7790,294,4
17699,5234,7789,353,2
17700,5233,7787,311,4.5
17701,5232,7786,81,3.5
17702,5231,7782,311,3
17703,5231,7782,652,4
17704,5230,7774,405,3.5
17705,5229,7773,106,5
17706,5228,7771,17,5
17707,5228,7771,23,4
17708,5228,7771,309,4
17709,5228,7771,472,5
17710,5227,7767,384,4
17711,5227,7767,529,4
17712,5227,7767,547,4
17713,5227,7767,587,5
17714,5226,7766,23,4
17715,5226,7766,236,4.5
17716,5226,7766,297,4.5
17717,5226,7766,470,3.5
17718,5226,7766,529,4
17719,5226,7766,547,4
17720,5226,7766,580,4
17721,5225,7764,299,3
17722,5224,7762,394,3
17723,5223,7759,23,1
17724,5222,7757,291,4
17725,5222,7757,294,4
17726,5222,7757,346,4.5
17727,5222,7757,624,4
17728,5221,7753,212,3.5
17729,5220,7748,23,3.5
17730,5220,7748,468,3.5
17731,5219,7743,73,3.5
17732,5219,7743,75,3
17733,5218,7738,580,3.5
17734,5218,7738,582,4
17735,5217,7728,17,4.5
17736,5217,7728,452,2.5
17737,5217,7728,547,3
17738,5217,7728,587,4.5
17739,5216,7720,294,3.5
17740,5216,7720,577,5
17741,5215,7714,212,3.5
17742,5215,7714,547,4
17743,5214,7713,23,3.5
17744,5214,7713,236,4.5
17745,5214,7713,547,2.5
17746,5213,7708,77,2.5
17747,5212,7706,268,1.5
17748,5212,7706,468,4
17749,5212,7706,529,4
17750,5212,7706,547,3.5
17751,5212,7706,587,4
17752,5212,7706,624,4.5
17753,5211,7705,452,3.5
17754,5210,7702,311,3.5
17755,5209,7701,73,1.5
17756,5209,7701,295,2.5
17757,5209,7701,547,1
17758,5208,7700,17,5
17759,5208,7700,587,4.5
17760,5207,7698,15,3
17761,5207,7698,452,4.5
17762,5207,7698,529,4.5
17763,5207,7698,547,4.5
17764,5206,7697,328,3.5
17765,5205,7669,212,4
17766,5205,7669,371,4.5
17767,5205,7669,494,4
17768,5205,7669,500,5
17769,5205,7669,547,5
17770,5205,7669,587,4
17771,5204,7650,262,3
17772,5203,7649,77,4.5
17773,5203,7649,176,3.5
17774,5203,7649,199,2.5
17775,5203,7649,243,4
17776,5203,7649,291,5
17777,5203,7649,311,3.5
17778,5203,7649,370,5
17779,5202,7636,547,1
17780,5201,7627,652,4.5
17781,5200,7625,652,4
17782,5199,7624,187,4
17783,5199,7624,292,4
17784,5198,7620,547,4
17785,5197,7619,452,3.5
17786,5197,7619,529,4
17787,5197,7619,547,4
17788,5196,7616,120,4.5
17789,5196,7616,457,3
17790,5195,7615,52,4
17791,5195,7615,547,3.5
17792,5194,7614,294,4
17793,5194,7614,311,4
17794,5194,7614,328,3.5
17795,5194,7614,452,3
17796,5194,7614,547,4
17797,5194,7614,582,3
17798,5193,7613,547,3
17799,5192,7587,17,5
17800,5192,7587,23,4
17801,5192,7587,96,4
17802,5192,7587,470,4
17803,5192,7587,472,4
17804,5192,7587,529,3
17805,5191,7586,355,4
17806,5190,7585,547,2
17807,5189,7584,294,3.5
17808,5189,7584,311,3.5
17809,5189,7584,452,3
17810,5189,7584,529,3.5
17811,5188,7583,547,3.5
17812,5187,7579,212,2
17813,5187,7579,294,4.5
17814,5187,7579,430,2
17815,5186,7577,236,4
17816,5186,7577,547,0.5
17817,5185,7574,81,5
17818,5184,7573,15,2.5
17819,5184,7573,150,2
17820,5184,7573,294,3.5
17821,5184,7573,405,4
17822,5184,7573,471,4
17823,5184,7573,505,3
17824,5184,7573,624,2.5
17825,5183,7572,431,3
17826,5183,7572,452,4
17827,5183,7572,529,3.5
17828,5182,7571,547,4
17829,5181,7570,150,3.5
17830,5181,7570,294,4
17831,5181,7570,405,3.5
17832,5181,7570,471,4
17833,5181,7570,624,2.5
17834,5180,7569,15,3.5
17835,5180,7569,23,3.5
17836,5180,7569,150,3
17837,5180,7569,217,4
17838,5180,7569,384,3
17839,5180,7569,405,4
17840,5180,7569,471,4.5
17841,5180,7569,505,3.5
17842,5180,7569,577,5
17843,5180,7569,624,3
17844,5180,7569,654,4
17845,5179,7566,78,5
17846,5179,7566,468,4.5
17847,5179,7566,547,4.5
17848,5179,7566,587,4.5
17849,5178,7564,81,5
17850,5177,7560,15,3.5
17851,5177,7560,311,3.5
17852,5177,7560,452,3.5
17853,5177,7560,587,3
17854,5176,7541,187,3
17855,5176,7541,557,3.5
17856,5175,7505,299,4.5
17857,5175,7505,394,0.5
17858,5175,7505,481,4.5
17859,5174,7502,13,4.5
17860,5174,7502,42,5
17861,5174,7502,72,3.5
17862,5174,7502,73,4
17863,5174,7502,138,4
17864,5174,7502,152,5
17865,5174,7502,208,4
17866,5174,7502,244,5
17867,5174,7502,262,4
17868,5174,7502,324,3
17869,5174,7502,340,4
17870,5174,7502,380,5
17871,5174,7502,394,1.5
17872,5174,7502,475,5
17873,5174,7502,480,5
17874,5174,7502,494,4.5
17875,5174,7502,521,5
17876,5174,7502,544,5
17877,5174,7502,553,5
17878,5174,7502,615,5
17879,5174,7502,622,5
17880,5174,7502,664,4.5
17881,5173,7493,240,4
17882,5173,7493,311,3.5
17883,5173,7493,452,4
17884,5173,7493,529,3.5
17885,5173,7493,547,4
17886,5172,7492,262,3
17887,5171,7487,15,1.5
17888,5171,7487,547,4.5
17889,5171,7487,587,4
17890,5170,7484,15,4
17891,5170,7484,468,4
17892,5170,7484,547,3.5
17893,5169,7482,22,4
17894,5169,7482,73,4
17895,5169,7482,291,4.5
17896,5169,7482,309,4.5
17897,5169,7482,346,3.5
17898,5169,7482,355,3
17899,5169,7482,367,4.5
17900,5169,7482,423,4
17901,5169,7482,580,4
17902,5168,7481,73,4
17903,5168,7481,103,2
17904,5168,7481,380,4.5
17905,5168,7481,580,3
17906,5167,7478,452,3.5
17907,5167,7478,547,4.5
17908,5167,7478,587,4
17909,5166,7460,81,4
17910,5166,7460,255,4
17911,5166,7460,299,4.5
17912,5166,7460,429,2
17913,5166,7460,486,3.5
17914,5166,7460,509,1
17915,5166,7460,596,3
17916,5165,7459,283,5
17917,5165,7459,648,4.5
17918,5164,7458,15,1.5
17919,5164,7458,23,2
17920,5164,7458,72,2.5
17921,5164,7458,73,2
17922,5164,7458,78,5
17923,5164,7458,84,4
17924,5164,7458,98,3
17925,5164,7458,104,3.5
17926,5164,7458,165,2.5
17927,5164,7458,176,2.5
17928,5164,7458,199,4
17929,5164,7458,201,4
17930,5164,7458,212,3.5
17931,5164,7458,213,2.5
17932,5164,7458,243,3
17933,5164,7458,244,2.5
17934,5164,7458,295,4
17935,5164,7458,313,4
17936,5164,7458,324,4
17937,5164,7458,380,3
17938,5164,7458,384,2.5
17939,5164,7458,475,2
17940,5164,7458,478,4.5
17941,5164,7458,480,4.5
17942,5164,7458,561,3.5
17943,5164,7458,562,4
17944,5164,7458,596,3.5
17945,5164,7458,620,1
17946,5164,7458,624,3
17947,5164,7458,627,3.5
17948,5164,7458,654,4
17949,5164,7458,664,3
17950,5163,7456,283,4.5
17951,5162,7454,22,3
17952,5162,7454,73,1.5
17953,5162,7454,89,4
17954,5162,7454,157,1.5
17955,5162,7454,212,3
17956,5162,7454,213,3.5
17957,5162,7454,243,2
17958,5162,7454,294,4.5
17959,5162,7454,355,2
17960,5162,7454,384,2.5
17961,5162,7454,470,3
17962,5162,7454,475,2
17963,5162,7454,572,4
17964,5162,7454,577,4
17965,5162,7454,615,3
17966,5162,7454,624,2
17967,5161,7453,599,3
17968,5160,7451,15,3.5
17969,5160,7451,56,5
17970,5160,7451,61,4
17971,5160,7451,111,4.5
17972,5160,7451,149,4.5
17973,5160,7451,178,3
17974,5160,7451,179,4.5
17975,5160,7451,187,5
17976,5160,7451,212,3
17977,5160,7451,213,2
17978,5160,7451,240,3.5
17979,5160,7451,262,2
17980,5160,7451,294,4
17981,5160,7451,378,2
17982,5160,7451,380,3.5
17983,5160,7451,382,3
17984,5160,7451,384,4
17985,5160,7451,402,3
17986,5160,7451,427,4
17987,5160,7451,433,4
17988,5160,7451,475,2.5
17989,5160,7451,481,2
17990,5160,7451,519,4.5
17991,5160,7451,547,2.5
17992,5160,7451,561,4
17993,5160,7451,574,3.5
17994,5160,7451,599,4.5
17995,5160,7451,620,3
17996,5159,7450,452,2
17997,5158,7449,295,4
17998,5158,7449,452,1.5
17999,5157,7448,384,0.5
18000,5156,7445,15,1.5
18001,5156,7445,17,1
18002,5156,7445,26,4.5
18003,5156,7445,73,3.5
18004,5156,7445,124,4
18005,5156,7445,159,4.5
18006,5156,7445,165,4
18007,5156,7445,213,2
18008,5156,7445,270,4
18009,5156,7445,295,3.5
18010,5156,7445,353,4
18011,5156,7445,370,4
18012,5156,7445,380,3
18013,5156,7445,384,3
18014,5156,7445,452,3
18015,5156,7445,457,2.5
18016,5156,7445,480,4
18017,5156,7445,509,3
18018,5156,7445,570,4
18019,5156,7445,596,3
18020,5156,7445,607,4
18021,5156,7445,612,3.5
18022,5156,7445,664,4.5
18023,5155,7444,15,1
18024,5155,7444,98,5
18025,5155,7444,134,1.5
18026,5155,7444,169,3.5
18027,5155,7444,187,4
18028,5155,7444,213,1.5
18029,5155,7444,255,2.5
18030,5155,7444,262,0.5
18031,5155,7444,268,3.5
18032,5155,7444,289,4.5
18033,5155,7444,294,4
18034,5155,7444,377,3
18035,5155,7444,384,1.5
18036,5155,7444,500,4
18037,5155,7444,574,3
18038,5155,7444,599,4
18039,5155,7444,620,1.5
18040,5154,7439,150,4
18041,5154,7439,213,1.5
18042,5154,7439,313,4
18043,5154,7439,353,3.5
18044,5154,7439,370,3
18045,5154,7439,384,2.5
18046,5154,7439,475,1
18047,5153,7438,8,4
18048,5153,7438,15,0.5
18049,5153,7438,17,4.5
18050,5153,7438,22,4.5
18051,5153,7438,23,3.5
18052,5153,7438,26,3.5
18053,5153,7438,38,3.5
18054,5153,7438,56,4
18055,5153,7438,72,3
18056,5153,7438,73,4
18057,5153,7438,77,3.5
18058,5153,7438,78,4
18059,5153,7438,84,4
18060,5153,7438,88,4
18061,5153,7438,89,5
18062,5153,7438,94,2
18063,5153,7438,98,5
18064,5153,7438,103,5
18065,5153,7438,105,4
18066,5153,7438,124,2
18067,5153,7438,134,5
18068,5153,7438,143,5
18069,5153,7438,146,2.5
18070,5153,7438,149,3.5
18071,5153,7438,157,2.5
18072,5153,7438,165,4
18073,5153,7438,176,3.5
18074,5153,7438,181,5
18075,5153,7438,187,3
18076,5153,7438,199,3.5
18077,5153,7438,204,3
18078,5153,7438,212,3.5
18079,5153,7438,216,4.5
18080,5153,7438,240,3
18081,5153,7438,243,5
18082,5153,7438,262,2.5
18083,5153,7438,268,5
18084,5153,7438,270,4
18085,5153,7438,283,4.5
18086,5153,7438,292,4.5
18087,5153,7438,294,3.5
18088,5153,7438,295,4
18089,5153,7438,299,4
18090,5153,7438,309,4.5
18091,5153,7438,313,3.5
18092,5153,7438,316,4
18093,5153,7438,320,4
18094,5153,7438,324,1.5
18095,5153,7438,332,5
18096,5153,7438,339,2
18097,5153,7438,345,4.5
18098,5153,7438,353,3.5
18099,5153,7438,355,1
18100,5153,7438,362,3.5
18101,5153,7438,367,2
18102,5153,7438,370,5
18103,5153,7438,371,0.5
18104,5153,7438,378,4
18105,5153,7438,379,3
18106,5153,7438,380,4
18107,5153,7438,384,4
18108,5153,7438,388,2
18109,5153,7438,394,3.5
18110,5153,7438,426,4.5
18111,5153,7438,430,5
18112,5153,7438,431,4.5
18113,5153,7438,432,5
18114,5153,7438,433,3
18115,5153,7438,450,3.5
18116,5153,7438,456,3.5
18117,5153,7438,457,3
18118,5153,7438,458,4
18119,5153,7438,461,4
18120,5153,7438,468,3
18121,5153,7438,472,2.5
18122,5153,7438,475,4.5
18123,5153,7438,478,4
18124,5153,7438,480,2
18125,5153,7438,481,5
18126,5153,7438,483,1
18127,5153,7438,509,4
18128,5153,7438,519,4.5
18129,5153,7438,520,4
18130,5153,7438,522,4
18131,5153,7438,524,3.5
18132,5153,7438,544,4.5
18133,5153,7438,553,3.5
18134,5153,7438,561,4.5
18135,5153,7438,570,3.5
18136,5153,7438,574,4
18137,5153,7438,580,3.5
18138,5153,7438,596,4.5
18139,5153,7438,606,5
18140,5153,7438,607,4.5
18141,5153,7438,613,4
18142,5153,7438,615,4
18143,5153,7438,622,2
18144,5153,7438,623,4
18145,5153,7438,624,3.5
18146,5153,7438,648,3
18147,5153,7438,654,4
18148,5153,7438,655,2.5
18149,5153,7438,664,4
18150,5152,7437,240,3
18151,5151,7419,23,3.5
18152,5151,7419,73,4
18153,5151,7419,324,4
18154,5151,7419,394,4
18155,5151,7419,457,3
18156,5151,7419,468,3.5
18157,5151,7419,481,4
18158,5151,7419,547,5
18159,5150,7415,547,2.5
18160,5149,7411,73,3
18161,5149,7411,580,1
18162,5148,7407,468,2.5
18163,5147,7396,38,4.5
18164,5147,7396,236,4
18165,5147,7396,359,4
18166,5147,7396,547,4
18167,5147,7396,587,4
18168,5146,7395,328,3.5
18169,5145,7394,311,3
18170,5145,7394,547,3
18171,5144,7387,60,4.5
18172,5144,7387,73,3.5
18173,5144,7387,77,4.5
18174,5144,7387,165,1.5
18175,5144,7387,199,3.5
18176,5144,7387,262,3
18177,5144,7387,299,4.5
18178,5144,7387,355,4.5
18179,5144,7387,468,3.5
18180,5144,7387,547,3
18181,5143,7386,178,3
18182,5143,7386,212,4
18183,5143,7386,217,5
18184,5143,7386,282,2.5
18185,5143,7386,291,5
18186,5143,7386,294,3.5
18187,5143,7386,311,4
18188,5143,7386,431,4.5
18189,5143,7386,442,4.5
18190,5143,7386,461,4.5
18191,5143,7386,468,3
18192,5143,7386,547,3.5
18193,5143,7386,577,5
18194,5142,7382,48,3
18195,5142,7382,240,4
18196,5142,7382,427,3.5
18197,5141,7381,150,3
18198,5141,7381,418,3.5
18199,5141,7381,452,1.5
18200,5140,7380,149,4
18201,5140,7380,213,3
18202,5140,7380,294,4.5
18203,5140,7380,500,4
18204,5140,7380,599,4.5
18205,5140,7380,652,4
18206,5139,7379,370,4
18207,5138,7376,263,3
18208,5138,7376,353,3
18209,5138,7376,457,1
18210,5137,7375,294,4
18211,5137,7375,382,4
18212,5137,7375,599,5
18213,5136,7374,287,4
18214,5135,7373,15,1.5
18215,5135,7373,22,3
18216,5135,7373,41,4
18217,5135,7373,48,3.5
18218,5135,7373,73,3.5
18219,5135,7373,77,4
18220,5135,7373,130,1
18221,5135,7373,212,3
18222,5135,7373,213,4
18223,5135,7373,244,3
18224,5135,7373,270,3.5
18225,5135,7373,294,4
18226,5135,7373,346,2.5
18227,5135,7373,353,2.5
18228,5135,7373,355,1.5
18229,5135,7373,380,3.5
18230,5135,7373,384,4
18231,5135,7373,426,3
18232,5135,7373,461,3.5
18233,5135,7373,475,3
18234,5135,7373,540,4
18235,5135,7373,553,4.5
18236,5135,7373,561,4
18237,5135,7373,574,4
18238,5135,7373,580,3
18239,5135,7373,607,4.5
18240,5135,7373,615,3.5
18241,5135,7373,624,3
18242,5134,7372,624,3
18243,5133,7371,15,1
18244,5133,7371,17,5
18245,5133,7371,23,4.5
18246,5133,7371,133,4
18247,5133,7371,270,4
18248,5133,7371,299,4.5
18249,5133,7371,429,3
18250,5133,7371,481,5
18251,5132,7369,294,4
18252,5132,7369,475,0.5
18253,5131,7367,73,2
18254,5131,7367,213,2
18255,5131,7367,295,2.5
18256,5131,7367,311,3
18257,5131,7367,388,3
18258,5131,7367,457,2.5
18259,5131,7367,468,2.5
18260,5130,7366,345,1.5
18261,5130,7366,370,3
18262,5130,7366,380,3
18263,5130,7366,426,1
18264,5130,7366,452,1
18265,5130,7366,561,3.5
18266,5129,7362,294,4
18267,5129,7362,380,2.5
18268,5129,7362,480,4
18269,5129,7362,664,3
18270,5128,7361,3,3
18271,5128,7361,6,4
18272,5128,7361,8,4
18273,5128,7361,13,4
18274,5128,7361,15,5
18275,5128,7361,17,4.5
18276,5128,7361,23,4.5
18277,5128,7361,26,3.5
18278,5128,7361,31,5
18279,5128,7361,40,4.5
18280,5128,7361,48,4.5
18281,5128,7361,56,5
18282,5128,7361,59,4
18283,5128,7361,60,5
18284,5128,7361,68,3
18285,5128,7361,69,4.5
18286,5128,7361,72,3.5
18287,5128,7361,73,4.5
18288,5128,7361,75,4.5
18289,5128,7361,81,4
18290,5128,7361,88,4
18291,5128,7361,94,3
18292,5128,7361,96,4
18293,5128,7361,97,3.5
18294,5128,7361,107,4
18295,5128,7361,115,5
18296,5128,7361,125,5
18297,5128,7361,149,3.5
18298,5128,7361,152,4
18299,5128,7361,157,4
18300,5128,7361,165,4
18301,5128,7361,179,3.5
18302,5128,7361,186,3
18303,5128,7361,187,5
18304,5128,7361,200,3.5
18305,5128,7361,201,5
18306,5128,7361,208,4
18307,5128,7361,212,3.5
18308,5128,7361,216,5
18309,5128,7361,230,5
18310,5128,7361,240,3.5
18311,5128,7361,251,5
18312,5128,7361,255,5
18313,5128,7361,262,3
18314,5128,7361,267,4.5
18315,5128,7361,268,4.5
18316,5128,7361,270,4.5
18317,5128,7361,283,5
18318,5128,7361,294,4
18319,5128,7361,298,5
18320,5128,7361,299,4.5
18321,5128,7361,307,5
18322,5128,7361,309,4.5
18323,5128,7361,313,2.5
18324,5128,7361,324,4
18325,5128,7361,345,5
18326,5128,7361,346,4
18327,5128,7361,355,4.5
18328,5128,7361,367,4.5
18329,5128,7361,379,4
18330,5128,7361,380,4.5
18331,5128,7361,382,1
18332,5128,7361,384,4.5
18333,5128,7361,388,4
18334,5128,7361,392,4
18335,5128,7361,394,4.5
18336,5128,7361,407,3.5
18337,5128,7361,428,4.5
18338,5128,7361,430,5
18339,5128,7361,431,4
18340,5128,7361,433,4.5
18341,5128,7361,450,5
18342,5128,7361,457,3.5
18343,5128,7361,468,2.5
18344,5128,7361,475,4
18345,5128,7361,478,4
18346,5128,7361,479,4
18347,5128,7361,481,5
18348,5128,7361,486,4.5
18349,5128,7361,488,4.5
18350,5128,7361,500,3.5
18351,5128,7361,501,5
18352,5128,7361,505,3
18353,5128,7361,509,3.5
18354,5128,7361,519,4.5
18355,5128,7361,523,3
18356,5128,7361,531,0.5
18357,5128,7361,544,3.5
18358,5128,7361,547,4.5
18359,5128,7361,561,4
18360,5128,7361,562,3.5
18361,5128,7361,574,3.5
18362,5128,7361,577,5
18363,5128,7361,580,4.5
18364,5128,7361,584,5
18365,5128,7361,587,4
18366,5128,7361,596,5
18367,5128,7361,601,5
18368,5128,7361,610,4.5
18369,5128,7361,615,4
18370,5128,7361,620,4.5
18371,5128,7361,623,4.5
18372,5128,7361,627,3.5
18373,5128,7361,648,4
18374,5128,7361,654,4
18375,5128,7361,664,4
18376,5127,7360,22,3.5
18377,5127,7360,48,2.5
18378,5127,7360,73,3
18379,5127,7360,77,4
18380,5127,7360,124,3
18381,5127,7360,150,3.5
18382,5127,7360,157,4
18383,5127,7360,165,4
18384,5127,7360,199,3.5
18385,5127,7360,213,0.5
18386,5127,7360,244,4.5
18387,5127,7360,262,2
18388,5127,7360,340,3
18389,5127,7360,346,4
18390,5127,7360,353,3
18391,5127,7360,355,3.5
18392,5127,7360,384,4
18393,5127,7360,423,4
18394,5127,7360,457,1.5
18395,5127,7360,475,4
18396,5127,7360,480,4.5
18397,5127,7360,547,4.5
18398,5127,7360,613,3.5
18399,5127,7360,615,4
18400,5127,7360,664,3.5
18401,5126,7358,547,2.5
18402,5125,7357,311,4
18403,5125,7357,547,3.5
18404,5124,7355,577,5
18405,5123,7354,547,3
18406,5122,7352,596,4
18407,5121,7349,132,4.5
18408,5120,7348,15,2
18409,5120,7348,208,4
18410,5120,7348,295,4
18411,5120,7348,380,3
18412,5120,7348,388,4
18413,5120,7348,417,4
18414,5120,7348,547,2.5
18415,5119,7347,23,3
18416,5119,7347,355,3.5
18417,5119,7347,468,1.5
18418,5119,7347,480,3.5
18419,5119,7347,481,3.5
18420,5119,7347,664,4
18421,5118,7346,15,3
18422,5118,7346,16,4
18423,5118,7346,73,3
18424,5118,7346,91,4
18425,5118,7346,150,4
18426,5118,7346,226,3
18427,5118,7346,270,1.5
18428,5118,7346,380,3
18429,5118,7346,384,3
18430,5118,7346,402,3.5
18431,5118,7346,572,3.5
18432,5118,7346,574,3.5
18433,5118,7346,664,3.5
18434,5117,7343,165,1.5
18435,5116,7340,621,4.5
18436,5114,7334,452,3.5
18437,5114,7334,468,3
18438,5114,7334,547,3
18439,5113,7327,15,1.5
18440,5113,7327,38,4.5
18441,5113,7327,81,4
18442,5113,7327,236,4.5
18443,5113,7327,262,4
18444,5113,7327,359,4
18445,5113,7327,481,5
18446,5113,7327,547,4
18447,5113,7327,587,3
18448,5112,7325,15,0.5
18449,5112,7325,73,2.5
18450,5112,7325,150,3.5
18451,5112,7325,297,2
18452,5112,7325,313,2
18453,5112,7325,353,3.5
18454,5112,7325,380,2
18455,5112,7325,384,3
18456,5112,7325,388,3.5
18457,5112,7325,418,3.5
18458,5112,7325,423,2.5
18459,5112,7325,457,1.5
18460,5112,7325,468,2
18461,5112,7325,486,3
18462,5112,7325,522,4
18463,5112,7325,547,0.5
18464,5112,7325,624,3
18465,5111,7324,73,2.5
18466,5111,7324,212,3.5
18467,5111,7324,213,2
18468,5111,7324,287,4.5
18469,5111,7324,313,3.5
18470,5111,7324,561,4
18471,5111,7324,607,4.5
18472,5110,7323,15,2
18473,5110,7323,23,4
18474,5110,7323,26,4
18475,5110,7323,78,4
18476,5110,7323,81,4
18477,5110,7323,133,0.5
18478,5110,7323,147,5
18479,5110,7323,152,4
18480,5110,7323,283,4
18481,5110,7323,297,3
18482,5110,7323,304,4.5
18483,5110,7323,378,4.5
18484,5110,7323,427,3
18485,5110,7323,481,5
18486,5110,7323,486,2.5
18487,5110,7323,488,4
18488,5110,7323,501,4
18489,5110,7323,509,3.5
18490,5110,7323,544,5
18491,5110,7323,596,3.5
18492,5110,7323,648,4
18493,5109,7320,294,4
18494,5109,7320,313,4
18495,5109,7320,382,3
18496,5109,7320,582,5
18497,5108,7319,624,3
18498,5107,7318,63,3.5
18499,5107,7318,73,3
18500,5107,7318,212,3
18501,5107,7318,243,3
18502,5107,7318,262,2
18503,5107,7318,295,4
18504,5107,7318,370,2
18505,5107,7318,402,3.5
18506,5107,7318,426,4
18507,5107,7318,442,4.5
18508,5107,7318,457,0.5
18509,5107,7318,596,3.5
18510,5106,7317,15,3
18511,5106,7317,73,4
18512,5106,7317,91,4
18513,5106,7317,187,3.5
18514,5106,7317,212,1
18515,5106,7317,217,4.5
18516,5106,7317,297,3
18517,5106,7317,353,2
18518,5106,7317,366,4
18519,5106,7317,380,3.5
18520,5106,7317,384,4
18521,5106,7317,402,3
18522,5106,7317,457,2
18523,5106,7317,475,2.5
18524,5106,7317,574,3
18525,5106,7317,607,4
18526,5105,7316,149,3
18527,5105,7316,382,1
18528,5105,7316,599,4
18529,5104,7315,165,2
18530,5103,7312,581,0.5
18531,5102,7311,311,3
18532,5101,7309,468,4
18533,5100,7308,73,3.5
18534,5100,7308,294,3
18535,5099,7307,580,4
18536,5098,7305,311,2.5
18537,5097,7303,212,3
18538,5097,7303,294,4
18539,5097,7303,441,4
18540,5097,7303,452,3
18541,5097,7303,529,3.5
18542,5096,7302,519,5
18543,5095,7300,304,3.5
18544,5095,7300,547,4.5
18545,5094,7299,587,4
18546,5093,7294,294,3
18547,5093,7294,380,2
18548,5093,7294,452,1.5
18549,5092,7293,15,1
18550,5092,7293,73,3.5
18551,5092,7293,84,3.5
18552,5092,7293,150,4
18553,5092,7293,200,3
18554,5092,7293,212,4
18555,5092,7293,213,2
18556,5092,7293,244,4
18557,5092,7293,250,4.5
18558,5092,7293,262,0.5
18559,5092,7293,268,3
18560,5092,7293,294,4
18561,5092,7293,333,4.5
18562,5092,7293,353,3
18563,5092,7293,380,3
18564,5092,7293,418,4
18565,5092,7293,423,1.5
18566,5092,7293,473,5
18567,5092,7293,478,3.5
18568,5092,7293,480,4.5
18569,5092,7293,481,3.5
18570,5092,7293,500,4
18571,5092,7293,540,4.5
18572,5092,7293,557,3.5
18573,5092,7293,571,2.5
18574,5092,7293,572,3.5
18575,5092,7293,574,3.5
18576,5092,7293,620,0.5
18577,5092,7293,664,3.5
18578,5091,7285,73,4
18579,5091,7285,88,4
18580,5091,7285,187,4.5
18581,5091,7285,212,4
18582,5091,7285,380,3.5
18583,5091,7285,384,4
18584,5091,7285,452,4
18585,5091,7285,547,3.5
18586,5090,7283,311,3
18587,5090,7283,581,0.5
18588,5089,7282,199,0.5
18589,5088,7272,105,2.5
18590,5087,7266,547,3.5
18591,5087,7266,580,3
18592,5086,7265,15,3.5
18593,5086,7265,23,4
18594,5086,7265,81,3.5
18595,5086,7265,187,4.5
18596,5086,7265,255,5
18597,5086,7265,262,4
18598,5086,7265,384,3
18599,5086,7265,418,3
18600,5086,7265,547,4
18601,5085,7263,56,4
18602,5085,7263,165,2.5
18603,5085,7263,253,4
18604,5085,7263,295,3.5
18605,5085,7263,311,3
18606,5085,7263,380,4
18607,5085,7263,382,5
18608,5085,7263,402,4
18609,5085,7263,425,4.5
18610,5085,7263,442,4.5
18611,5085,7263,509,3.5
18612,5084,7260,652,5
18613,5083,7258,624,1.5
18614,5082,7257,353,2.5
18615,5082,7257,624,2
18616,5081,7256,48,4.5
18617,5081,7256,111,4.5
18618,5081,7256,283,3.5
18619,5081,7256,427,4
18620,5081,7256,452,3.5
18621,5081,7256,468,3.5
18622,5081,7256,480,4
18623,5081,7256,509,4.5
18624,5081,7256,577,5
18625,5081,7256,587,5
18626,5080,7255,111,3
18627,5080,7255,212,1.5
18628,5080,7255,294,3.5
18629,5080,7255,311,4
18630,5080,7255,452,1.5
18631,5080,7255,509,0.5
18632,5080,7255,547,2.5
18633,5079,7254,15,1
18634,5079,7254,17,4
18635,5079,7254,48,4
18636,5079,7254,72,3
18637,5079,7254,73,3.5
18638,5079,7254,75,4
18639,5079,7254,78,4
18640,5079,7254,84,3.5
18641,5079,7254,94,2
18642,5079,7254,124,4.5
18643,5079,7254,133,2.5
18644,5079,7254,150,4
18645,5079,7254,152,3.5
18646,5079,7254,157,4
18647,5079,7254,165,3.5
18648,5079,7254,187,4.5
18649,5079,7254,199,4
18650,5079,7254,238,4
18651,5079,7254,250,5
18652,5079,7254,251,5
18653,5079,7254,255,3
18654,5079,7254,261,4.5
18655,5079,7254,270,2.5
18656,5079,7254,283,1
18657,5079,7254,290,5
18658,5079,7254,324,3
18659,5079,7254,353,3
18660,5079,7254,371,4
18661,5079,7254,378,2.5
18662,5079,7254,380,4
18663,5079,7254,382,0.5
18664,5079,7254,384,3.5
18665,5079,7254,480,4.5
18666,5079,7254,481,4
18667,5079,7254,483,2.5
18668,5079,7254,500,2.5
18669,5079,7254,501,4.5
18670,5079,7254,546,3
18671,5079,7254,561,3
18672,5079,7254,562,3
18673,5079,7254,596,4.5
18674,5079,7254,601,2.5
18675,5079,7254,615,3.5
18676,5079,7254,620,3.5
18677,5079,7254,627,5
18678,5079,7254,654,4
18679,5079,7254,655,2
18680,5079,7254,664,4.5
18681,5078,7250,311,2
18682,5077,7248,547,3
18683,5076,7247,130,3
18684,5076,7247,311,3.5
18685,5076,7247,547,1.5
18686,5076,7247,577,4
18687,5076,7247,624,5
18688,5075,7245,624,1
18689,5073,7238,468,4
18690,5072,7236,77,4
18691,5072,7236,580,2
18692,5071,7235,48,3
18693,5071,7235,73,4.5
18694,5071,7235,103,4.5
18695,5071,7235,262,3
18696,5071,7235,299,5
18697,5071,7235,380,3
18698,5071,7235,423,5
18699,5070,7234,23,4
18700,5070,7234,38,4
18701,5070,7234,236,4
18702,5070,7234,255,4
18703,5070,7234,587,3.5
18704,5069,7228,294,2.5
18705,5068,7223,17,4
18706,5068,7223,452,2.5
18707,5068,7223,547,3
18708,5067,7222,547,3
18709,5066,7219,547,4
18710,5065,7217,452,3.5
18711,5065,7217,547,4
18712,5064,7216,505,2.5
18713,5064,7216,529,3.5
18714,5064,7216,547,3.5
18715,5063,7215,236,4
18716,5063,7215,452,4.5
18717,5063,7215,505,3.5
18718,5063,7215,529,3.5
18719,5063,7215,547,4.5
18720,5063,7215,587,4
18721,5062,7212,20,5
18722,5062,7212,240,3.5
18723,5062,7212,294,4
18724,5062,7212,311,3.5
18725,5061,7211,236,4.5
18726,5060,7210,236,4
18727,5060,7210,468,3.5
18728,5060,7210,587,4
18729,5059,7209,236,4
18730,5059,7209,468,4
18731,5059,7209,587,3
18732,5058,7208,587,5
18733,5057,7207,311,3
18734,5056,7206,486,4
18735,5055,7204,581,0.5
18736,5054,7199,15,1
18737,5053,7198,311,3
18738,5052,7196,468,3
18739,5051,7195,468,3.5
18740,5050,7193,105,3.5
18741,5049,7192,580,2
18742,5048,7190,547,4
18743,5047,7189,165,1.5
18744,5046,7186,294,3.5
18745,5045,7182,547,3
18746,5044,7180,547,4
18747,5043,7179,212,4
18748,5042,7178,311,3.5
18749,5041,7177,283,4
18750,5041,7177,388,4
18751,5040,7173,15,0.5
18752,5040,7173,150,3
18753,5040,7173,255,1.5
18754,5040,7173,294,3.5
18755,5040,7173,313,3
18756,5040,7173,380,1
18757,5040,7173,384,2.5
18758,5040,7173,452,2
18759,5040,7173,500,2.5
18760,5040,7173,522,3.5
18761,5040,7173,571,2
18762,5040,7173,574,3
18763,5040,7173,624,2.5
18764,5039,7172,81,4
18765,5038,7171,461,2.5
18766,5038,7171,509,3
18767,5038,7171,547,3.5
18768,5037,7165,294,4
18769,5037,7165,547,3
18770,5036,7164,41,4.5
18771,5036,7164,212,4
18772,5036,7164,213,3
18773,5036,7164,353,3
18774,5036,7164,382,4
18775,5036,7164,475,1.5
18776,5035,7163,17,2
18777,5035,7163,77,3.5
18778,5035,7163,169,5
18779,5035,7163,200,3
18780,5035,7163,213,4
18781,5035,7163,313,3
18782,5035,7163,353,2
18783,5035,7163,384,2.5
18784,5035,7163,520,1
18785,5035,7163,572,3.5
18786,5034,7162,15,1
18787,5034,7162,23,2
18788,5034,7162,212,3
18789,5034,7162,255,3
18790,5034,7162,313,4
18791,5034,7162,380,3
18792,5034,7162,382,2
18793,5034,7162,388,4
18794,5034,7162,407,4
18795,5034,7162,452,2.5
18796,5034,7162,480,4
18797,5034,7162,481,4
18798,5034,7162,509,4
18799,5034,7162,547,4.5
18800,5034,7162,572,3
18801,5034,7162,654,4.5
18802,5033,7161,23,2
18803,5033,7161,61,2
18804,5033,7161,73,2
18805,5033,7161,106,2
18806,5033,7161,292,3.5
18807,5033,7161,294,3
18808,5033,7161,364,3.5
18809,5032,7160,23,3
18810,5032,7160,52,4.5
18811,5032,7160,165,1.5
18812,5032,7160,212,3.5
18813,5032,7160,240,4.5
18814,5032,7160,295,2
18815,5032,7160,380,4
18816,5032,7160,452,4
18817,5032,7160,468,2.5
18818,5032,7160,481,4
18819,5032,7160,509,3.5
18820,5032,7160,547,4
18821,5032,7160,580,4
18822,5032,7160,587,4
18823,5032,7160,596,4
18824,5032,7160,664,4
18825,5031,7158,178,4
18826,5031,7158,292,3.5
18827,5031,7158,313,2.5
18828,5031,7158,388,3.5
18829,5031,7158,407,3
18830,5031,7158,430,2
18831,5031,7158,509,3.5
18832,5031,7158,529,4.5
18833,5031,7158,547,3
18834,5031,7158,562,3.5
18835,5030,7156,15,3
18836,5030,7156,212,4
18837,5030,7156,216,4.5
18838,5030,7156,281,4
18839,5030,7156,380,5
18840,5030,7156,427,4.5
18841,5030,7156,452,3.5
18842,5030,7156,468,4
18843,5030,7156,509,3.5
18844,5030,7156,529,3.5
18845,5030,7156,544,5
18846,5030,7156,547,4
18847,5030,7156,580,4
18848,5030,7156,587,4
18849,5030,7156,607,3.5
18850,5029,7155,200,4
18851,5029,7155,201,1
18852,5029,7155,240,4
18853,5029,7155,294,4
18854,5028,7154,98,5
18855,5028,7154,200,3
18856,5028,7154,313,4
18857,5028,7154,382,4
18858,5028,7154,418,4
18859,5028,7154,452,3
18860,5028,7154,547,1.5
18861,5028,7154,578,3
18862,5027,7153,3,2.5
18863,5027,7153,6,5
18864,5027,7153,8,4
18865,5027,7153,15,1.5
18866,5027,7153,17,4.5
18867,5027,7153,20,4
18868,5027,7153,22,4
18869,5027,7153,23,4.5
18870,5027,7153,31,4.5
18871,5027,7153,38,4.5
18872,5027,7153,40,4.5
18873,5027,7153,42,4
18874,5027,7153,46,5
18875,5027,7153,48,4
18876,5027,7153,56,4
18877,5027,7153,59,5
18878,5027,7153,61,5
18879,5027,7153,63,5
18880,5027,7153,68,5
18881,5027,7153,69,5
18882,5027,7153,72,3
18883,5027,7153,73,5
18884,5027,7153,75,5
18885,5027,7153,78,5
18886,5027,7153,79,3
18887,5027,7153,84,5
18888,5027,7153,88,3.5
18889,5027,7153,89,5
18890,5027,7153,91,5
18891,5027,7153,93,5
18892,5027,7153,94,4.5
18893,5027,7153,97,3
18894,5027,7153,101,4.5
18895,5027,7153,104,4
18896,5027,7153,105,5
18897,5027,7153,111,4.5
18898,5027,7153,116,5
18899,5027,7153,124,5
18900,5027,7153,125,4
18901,5027,7153,130,5
18902,5027,7153,134,3
18903,5027,7153,136,4
18904,5027,7153,138,3.5
18905,5027,7153,149,3.5
18906,5027,7153,150,4.5
18907,5027,7153,152,4
18908,5027,7153,157,3.5
18909,5027,7153,159,4.5
18910,5027,7153,163,3
18911,5027,7153,164,3
18912,5027,7153,169,5
18913,5027,7153,176,5
18914,5027,7153,181,5
18915,5027,7153,186,4.5
18916,5027,7153,187,1
18917,5027,7153,199,3.5
18918,5027,7153,201,5
18919,5027,7153,205,3.5
18920,5027,7153,212,5
18921,5027,7153,213,5
18922,5027,7153,216,5
18923,5027,7153,219,0.5
18924,5027,7153,228,4
18925,5027,7153,234,4
18926,5027,7153,236,2.5
18927,5027,7153,240,4
18928,5027,7153,243,5
18929,5027,7153,244,4.5
18930,5027,7153,251,4.5
18931,5027,7153,253,4.5
18932,5027,7153,255,5
18933,5027,7153,262,3
18934,5027,7153,268,4.5
18935,5027,7153,270,5
18936,5027,7153,271,5
18937,5027,7153,273,5
18938,5027,7153,282,5
18939,5027,7153,283,2.5
18940,5027,7153,287,5
18941,5027,7153,292,3.5
18942,5027,7153,294,4
18943,5027,7153,295,4.5
18944,5027,7153,298,3
18945,5027,7153,309,5
18946,5027,7153,313,5
18947,5027,7153,316,4
18948,5027,7153,332,0.5
18949,5027,7153,339,4
18950,5027,7153,345,4.5
18951,5027,7153,346,1
18952,5027,7153,347,4.5
18953,5027,7153,353,3
18954,5027,7153,355,5
18955,5027,7153,365,4.5
18956,5027,7153,370,5
18957,5027,7153,371,2
18958,5027,7153,379,4
18959,5027,7153,380,3.5
18960,5027,7153,382,4
18961,5027,7153,384,4.5
18962,5027,7153,388,4
18963,5027,7153,402,4
18964,5027,7153,405,5
18965,5027,7153,406,4.5
18966,5027,7153,407,4.5
18967,5027,7153,417,4.5
18968,5027,7153,418,5
18969,5027,7153,419,3.5
18970,5027,7153,423,3.5
18971,5027,7153,425,4
18972,5027,7153,426,5
18973,5027,7153,428,4
18974,5027,7153,429,2
18975,5027,7153,430,3.5
18976,5027,7153,431,4.5
18977,5027,7153,432,5
18978,5027,7153,433,5
18979,5027,7153,442,4.5
18980,5027,7153,446,5
18981,5027,7153,448,5
18982,5027,7153,450,1
18983,5027,7153,456,4
18984,5027,7153,457,0.5
18985,5027,7153,458,5
18986,5027,7153,460,4.5
18987,5027,7153,461,5
18988,5027,7153,468,3.5
18989,5027,7153,471,5
18990,5027,7153,472,2
18991,5027,7153,475,5
18992,5027,7153,478,5
18993,5027,7153,479,1
18994,5027,7153,480,5
18995,5027,7153,481,4
18996,5027,7153,483,4
18997,5027,7153,488,3.5
18998,5027,7153,501,4.5
18999,5027,7153,503,3
19000,5027,7153,509,4.5
19001,5027,7153,520,4
19002,5027,7153,523,4.5
19003,5027,7153,526,3.5
19004,5027,7153,527,3.5
19005,5027,7153,528,3.5
19006,5027,7153,532,5
19007,5027,7153,542,4.5
19008,5027,7153,544,4
19009,5027,7153,546,5
19010,5027,7153,553,5
19011,5027,7153,561,5
19012,5027,7153,562,5
19013,5027,7153,567,3.5
19014,5027,7153,570,5
19015,5027,7153,572,4
19016,5027,7153,574,3.5
19017,5027,7153,577,5
19018,5027,7153,580,4.5
19019,5027,7153,582,4
19020,5027,7153,584,5
19021,5027,7153,586,5
19022,5027,7153,587,4
19023,5027,7153,599,4
19024,5027,7153,607,4.5
19025,5027,7153,613,4.5
19026,5027,7153,615,4
19027,5027,7153,620,1
19028,5027,7153,621,5
19029,5027,7153,622,5
19030,5027,7153,623,5
19031,5027,7153,624,4.5
19032,5027,7153,627,2.5
19033,5027,7153,654,5
19034,5027,7153,655,5
19035,5027,7153,660,4.5
19036,5027,7153,661,5
19037,5027,7153,664,4
19038,5026,7152,417,4
19039,5025,7151,294,4
19040,5025,7151,388,4
19041,5025,7151,452,3
19042,5025,7151,481,4
19043,5024,7150,212,2
19044,5024,7150,380,2
19045,5024,7150,384,1
19046,5024,7150,547,3
19047,5024,7150,624,3.5
19048,5023,7149,105,3.5
19049,5023,7149,212,3
19050,5023,7149,213,2
19051,5023,7149,294,4
19052,5023,7149,418,4.5
19053,5023,7149,452,2.5
19054,5023,7149,468,2.5
19055,5023,7149,471,3.5
19056,5023,7149,481,3.5
19057,5023,7149,505,4
19058,5023,7149,509,2.5
19059,5023,7149,547,3
19060,5022,7147,15,1.5
19061,5022,7147,22,4
19062,5022,7147,23,4
19063,5022,7147,48,3.5
19064,5022,7147,56,4
19065,5022,7147,68,3.5
19066,5022,7147,72,3.5
19067,5022,7147,73,2
19068,5022,7147,77,4
19069,5022,7147,88,4
19070,5022,7147,93,3.5
19071,5022,7147,125,5
19072,5022,7147,133,0.5
19073,5022,7147,143,5
19074,5022,7147,152,4
19075,5022,7147,176,4
19076,5022,7147,187,3.5
19077,5022,7147,201,5
19078,5022,7147,212,5
19079,5022,7147,216,5
19080,5022,7147,234,4.5
19081,5022,7147,240,3.5
19082,5022,7147,243,4
19083,5022,7147,250,4
19084,5022,7147,251,5
19085,5022,7147,255,5
19086,5022,7147,268,4.5
19087,5022,7147,275,5
19088,5022,7147,292,4.5
19089,5022,7147,294,3.5
19090,5022,7147,295,4
19091,5022,7147,299,3.5
19092,5022,7147,309,4
19093,5022,7147,313,3.5
19094,5022,7147,324,3.5
19095,5022,7147,355,4
19096,5022,7147,362,4.5
19097,5022,7147,380,4
19098,5022,7147,384,4
19099,5022,7147,394,2
19100,5022,7147,423,3
19101,5022,7147,430,5
19102,5022,7147,468,3
19103,5022,7147,472,3
19104,5022,7147,475,4
19105,5022,7147,481,4
19106,5022,7147,500,4
19107,5022,7147,509,2
19108,5022,7147,529,3.5
19109,5022,7147,547,4
19110,5022,7147,562,4
19111,5022,7147,580,4
19112,5022,7147,620,3
19113,5022,7147,654,5
19114,5022,7147,664,4
19115,5021,7143,8,3.5
19116,5021,7143,15,2
19117,5021,7143,22,4
19118,5021,7143,72,3
19119,5021,7143,73,2.5
19120,5021,7143,77,2
19121,5021,7143,105,4
19122,5021,7143,159,3
19123,5021,7143,165,5
19124,5021,7143,169,4.5
19125,5021,7143,176,4.5
19126,5021,7143,243,3.5
19127,5021,7143,251,4
19128,5021,7143,261,4
19129,5021,7143,263,3.5
19130,5021,7143,282,4
19131,5021,7143,295,4
19132,5021,7143,313,5
19133,5021,7143,327,4.5
19134,5021,7143,339,3.5
19135,5021,7143,353,3.5
19136,5021,7143,380,4
19137,5021,7143,384,4
19138,5021,7143,388,2.5
19139,5021,7143,402,3
19140,5021,7143,405,3.5
19141,5021,7143,417,3
19142,5021,7143,426,4.5
19143,5021,7143,456,4
19144,5021,7143,457,1.5
19145,5021,7143,475,3.5
19146,5021,7143,480,4.5
19147,5021,7143,522,4
19148,5021,7143,544,4
19149,5021,7143,553,5
19150,5021,7143,562,3
19151,5021,7143,563,4
19152,5021,7143,570,3.5
19153,5021,7143,572,3.5
19154,5021,7143,596,3.5
19155,5021,7143,607,4
19156,5021,7143,615,3.5
19157,5021,7143,624,4
19158,5021,7143,654,3.5
19159,5021,7143,664,3
19160,5020,7142,294,4
19161,5020,7142,547,2
19162,5019,7139,23,3.5
19163,5019,7139,165,3
19164,5019,7139,169,3.5
19165,5019,7139,212,5
19166,5019,7139,240,4
19167,5019,7139,283,2
19168,5019,7139,345,4.5
19169,5019,7139,388,4
19170,5019,7139,427,4
19171,5019,7139,431,5
19172,5019,7139,452,4
19173,5019,7139,468,3.5
19174,5019,7139,509,3.5
19175,5019,7139,529,4.5
19176,5019,7139,547,4.5
19177,5019,7139,587,3
19178,5019,7139,610,4
19179,5018,7137,73,4
19180,5018,7137,165,2.5
19181,5018,7137,345,4
19182,5018,7137,427,5
19183,5018,7137,452,4.5
19184,5018,7137,574,4
19185,5018,7137,624,4
19186,5017,7136,23,5
19187,5017,7136,236,4
19188,5017,7136,547,4
19189,5017,7136,587,4
19190,5016,7135,17,4.5
19191,5016,7135,236,4
19192,5016,7135,468,3
19193,5016,7135,529,3
19194,5015,7132,15,3
19195,5015,7132,23,3.5
19196,5015,7132,56,4
19197,5015,7132,417,4
19198,5015,7132,442,4
19199,5015,7132,468,4
19200,5015,7132,505,3.5
19201,5015,7132,529,3
19202,5015,7132,547,5
19203,5015,7132,587,5
19204,5015,7132,624,5
19205,5014,7131,547,3.5
19206,5013,7130,547,4
19207,5012,7126,547,4.5
19208,5011,7125,547,3.5
19209,5010,7123,15,3.5
19210,5010,7123,17,5
19211,5010,7123,262,2
19212,5010,7123,299,5
19213,5010,7123,457,3
19214,5010,7123,580,4
19215,5009,7122,294,3.5
19216,5009,7122,547,4
19217,5008,7121,240,4.5
19218,5008,7121,268,3.5
19219,5008,7121,311,3
19220,5008,7121,405,4
19221,5008,7121,529,4
19222,5008,7121,587,3.5
19223,5007,7117,73,3
19224,5007,7117,165,3
19225,5006,7116,17,4.5
19226,5006,7116,96,5
19227,5006,7116,236,5
19228,5006,7116,529,4
19229,5006,7116,547,5
19230,5005,7115,17,4.5
19231,5005,7115,262,3
19232,5004,7111,547,4.5
19233,5003,7110,262,3
19234,5002,7108,353,1.5
19235,5001,7107,311,3
19236,5001,7107,367,4
19237,5001,7107,547,3
19238,5000,7104,23,2
19239,5000,7104,105,3
19240,5000,7104,134,3.5
19241,5000,7104,624,2
19242,4999,7102,294,3
19243,4999,7102,457,2.5
19244,4999,7102,547,1.5
19245,4999,7102,624,2.5
19246,4998,7101,111,3.5
19247,4998,7101,150,2.5
19248,4998,7101,624,3
19249,4997,7099,48,4
19250,4997,7099,73,4.5
19251,4997,7099,77,4.5
19252,4997,7099,176,4
19253,4997,7099,199,2.5
19254,4997,7099,243,4
19255,4997,7099,257,5
19256,4997,7099,298,5
19257,4997,7099,328,2
19258,4997,7099,345,4.5
19259,4997,7099,352,4.5
19260,4997,7099,402,3
19261,4997,7099,406,4.5
19262,4997,7099,443,5
19263,4997,7099,456,3.5
19264,4997,7099,470,4
19265,4997,7099,561,5
19266,4997,7099,563,4.5
19267,4997,7099,580,3.5
19268,4997,7099,660,4.5
19269,4996,7096,452,5
19270,4996,7096,468,3
19271,4995,7095,452,2.5
19272,4994,7093,367,0.5
19273,4993,7091,281,3
19274,4993,7091,309,4.5
19275,4993,7091,452,3.5
19276,4993,7091,468,4
19277,4993,7091,481,4
19278,4993,7091,529,4
19279,4993,7091,547,4.5
19280,4993,7091,587,5
19281,4993,7091,624,4.5
19282,4992,7090,6,3
19283,4992,7090,15,3
19284,4992,7090,17,4
19285,4992,7090,23,4.5
19286,4992,7090,73,4
19287,4992,7090,103,4.5
19288,4992,7090,124,2.5
19289,4992,7090,157,4
19290,4992,7090,165,3.5
19291,4992,7090,176,4.5
19292,4992,7090,205,4
19293,4992,7090,236,3.5
19294,4992,7090,240,5
19295,4992,7090,283,4
19296,4992,7090,304,5
19297,4992,7090,313,2
19298,4992,7090,346,4.5
19299,4992,7090,353,2.5
19300,4992,7090,380,3.5
19301,4992,7090,388,4
19302,4992,7090,417,4
19303,4992,7090,430,4.5
19304,4992,7090,461,3.5
19305,4992,7090,468,3
19306,4992,7090,481,4.5
19307,4992,7090,561,4
19308,4992,7090,574,3.5
19309,4992,7090,580,4.5
19310,4992,7090,596,3
19311,4992,7090,607,5
19312,4992,7090,623,5
19313,4992,7090,628,3
19314,4992,7090,654,4.5
19315,4991,7089,38,5
19316,4991,7089,236,4
19317,4991,7089,452,3.5
19318,4991,7089,468,4
19319,4991,7089,547,4.5
19320,4991,7089,587,3.5
19321,4990,7088,23,4
19322,4990,7088,547,4.5
19323,4989,7087,281,5
19324,4989,7087,547,5
19325,4988,7086,281,3
19326,4987,7085,311,3.5
19327,4986,7084,17,3.5
19328,4986,7084,452,3.5
19329,4986,7084,468,3
19330,4986,7084,472,4
19331,4986,7084,529,3.5
19332,4986,7084,547,4.5
19333,4986,7084,587,4
19334,4986,7084,624,3
19335,4985,7083,547,2.5
19336,4984,7082,294,4
19337,4983,7081,98,5
19338,4982,7080,294,4
19339,4982,7080,547,3
19340,4981,7079,431,4
19341,4981,7079,547,3
19342,4980,7078,240,4
19343,4980,7078,294,3.5
19344,4980,7078,529,3.5
19345,4980,7078,547,3
19346,4979,7076,452,1.5
19347,4979,7076,468,3
19348,4979,7076,624,4
19349,4978,7075,234,5
19350,4978,7075,291,5
19351,4978,7075,294,4.5
19352,4978,7075,468,3.5
19353,4978,7075,547,4.5
19354,4977,7074,468,4.5
19355,4976,7073,268,4.5
19356,4976,7073,362,3.5
19357,4976,7073,468,3.5
19358,4976,7073,529,3
19359,4976,7073,547,4.5
19360,4975,7072,23,4.5
19361,4975,7072,56,4
19362,4975,7072,472,3
19363,4975,7072,529,4.5
19364,4974,7071,481,4
19365,4974,7071,547,2.5
19366,4973,7070,23,4.5
19367,4973,7070,472,3
19368,4972,7069,17,4.5
19369,4972,7069,547,4
19370,4971,7068,17,4.5
19371,4971,7068,470,3
19372,4971,7068,547,3
19373,4971,7068,587,2.5
19374,4970,7067,547,3
19375,4969,7065,262,2.5
19376,4969,7065,468,3.5
19377,4968,7064,45,5
19378,4968,7064,236,3
19379,4968,7064,292,4
19380,4968,7064,470,5
19381,4968,7064,529,3.5
19382,4968,7064,542,2
19383,4968,7064,587,4.5
19384,4967,7063,23,4.5
19385,4967,7063,38,4.5
19386,4967,7063,73,4
19387,4967,7063,297,4.5
19388,4967,7063,450,5
19389,4967,7063,468,5
19390,4967,7063,481,5
19391,4967,7063,547,2
19392,4967,7063,587,4.5
19393,4966,7062,281,4
19394,4966,7062,468,3
19395,4966,7062,547,4
19396,4966,7062,621,3
19397,4965,7061,240,4.5
19398,4965,7061,529,3.5
19399,4965,7061,547,3.5
19400,4964,7060,41,4.5
19401,4964,7060,105,2.5
19402,4964,7060,212,3
19403,4964,7060,257,4
19404,4964,7060,294,3.5
19405,4964,7060,452,3
19406,4964,7060,547,3.5
19407,4964,7060,582,0.5
19408,4963,7059,311,3.5
19409,4962,7058,394,3
19410,4961,7056,96,4
19411,4961,7056,405,3.5
19412,4961,7056,468,4
19413,4961,7056,580,4
19414,4960,7055,505,3.5
19415,4959,7051,470,4
19416,4958,7050,505,3.5
19417,4957,7048,199,4
19418,4956,7046,73,3
19419,4956,7046,212,2.5
19420,4956,7046,243,4
19421,4956,7046,294,3.5
19422,4956,7046,355,3.5
19423,4956,7046,547,0.5
19424,4956,7046,624,3
19425,4955,7045,73,3.5
19426,4955,7045,187,3.5
19427,4955,7045,213,2.5
19428,4955,7045,346,3.5
19429,4955,7045,355,3.5
19430,4955,7045,547,3.5
19431,4955,7045,577,4.5
19432,4954,7044,17,2.5
19433,4954,7044,134,4.5
19434,4954,7044,299,4.5
19435,4954,7044,457,3
19436,4954,7044,468,3
19437,4954,7044,547,3
19438,4953,7043,468,3.5
19439,4953,7043,481,5
19440,4952,7042,23,2.5
19441,4952,7042,133,1.5
19442,4952,7042,547,2
19443,4952,7042,587,4
19444,4951,7040,59,4
19445,4951,7040,547,3
19446,4950,7038,23,4
19447,4950,7038,187,3.5
19448,4950,7038,547,3.5
19449,4949,7036,56,2
19450,4949,7036,73,3.5
19451,4949,7036,311,3
19452,4949,7036,457,2.5
19453,4949,7036,461,3
19454,4949,7036,580,3
19455,4949,7036,624,2.5
19456,4949,7036,652,3.5
19457,4948,7034,15,4.5
19458,4948,7034,105,4
19459,4948,7034,133,2
19460,4948,7034,345,4.5
19461,4948,7034,648,3.5
19462,4947,7029,262,3
19463,4946,7028,15,3.5
19464,4946,7028,83,4.5
19465,4946,7028,654,4
19466,4945,7027,217,5
19467,4945,7027,291,3
19468,4945,7027,367,3
19469,4945,7027,527,5
19470,4945,7027,547,3.5
19471,4944,7026,457,2
19472,4943,7025,388,4.5
19473,4943,7025,452,3.5
19474,4942,7024,262,3
19475,4942,7024,299,5
19476,4941,7023,547,3
19477,4940,7022,17,4.5
19478,4940,7022,56,1
19479,4940,7022,73,4.5
19480,4940,7022,103,5
19481,4940,7022,152,2
19482,4940,7022,157,4
19483,4940,7022,165,3.5
19484,4940,7022,176,1.5
19485,4940,7022,178,2.5
19486,4940,7022,243,4
19487,4940,7022,257,4
19488,4940,7022,262,4
19489,4940,7022,299,4
19490,4940,7022,332,5
19491,4940,7022,346,5
19492,4940,7022,355,3.5
19493,4940,7022,362,3
19494,4940,7022,423,4
19495,4940,7022,433,4.5
19496,4940,7022,461,3.5
19497,4940,7022,519,5
19498,4940,7022,561,4.5
19499,4940,7022,563,4
19500,4940,7022,596,4
19501,4940,7022,601,3.5
19502,4940,7022,664,4
19503,4939,7020,547,4
19504,4938,7018,56,2
19505,4938,7018,212,3.5
19506,4938,7018,311,3.5
19507,4938,7018,547,3
19508,4937,7017,105,2.5
19509,4937,7017,213,3.5
19510,4936,7016,624,1
19511,4935,7013,17,2.5
19512,4935,7013,23,4
19513,4935,7013,96,5
19514,4935,7013,236,5
19515,4935,7013,423,4.5
19516,4935,7013,468,4
19517,4935,7013,470,3.5
19518,4935,7013,472,4.5
19519,4935,7013,505,2
19520,4935,7013,547,4.5
19521,4934,7012,457,2
19522,4933,7011,648,3.5
19523,4932,7010,15,3.5
19524,4932,7010,547,4
19525,4931,7009,212,3
19526,4931,7009,547,3
19527,4930,7008,15,3.5
19528,4930,7008,23,1.5
19529,4930,7008,262,3
19530,4930,7008,452,2
19531,4930,7008,547,4.5
19532,4929,7007,73,4
19533,4929,7007,353,3.5
19534,4929,7007,384,3
19535,4929,7007,457,2
19536,4929,7007,577,4
19537,4929,7007,624,3.5
19538,4928,7005,105,2
19539,4928,7005,353,0.5
19540,4928,7005,418,2
19541,4927,7004,15,2.5
19542,4927,7004,23,2
19543,4927,7004,46,5
19544,4927,7004,61,4
19545,4927,7004,212,1.5
19546,4927,7004,213,1.5
19547,4927,7004,217,4
19548,4927,7004,353,2
19549,4927,7004,384,3
19550,4927,7004,452,3
19551,4927,7004,457,2.5
19552,4927,7004,480,3.5
19553,4927,7004,580,3
19554,4926,7003,15,2
19555,4926,7003,17,4
19556,4925,7002,186,4.5
19557,4924,7001,41,4
19558,4924,7001,73,4
19559,4924,7001,199,4
19560,4924,7001,213,2
19561,4924,7001,294,3.5
19562,4924,7001,452,3
19563,4924,7001,547,4
19564,4923,7000,294,3.5
19565,4923,7000,353,2.5
19566,4923,7000,355,3
19567,4923,7000,607,3.5
19568,4923,7000,624,2
19569,4922,6999,294,3.5
19570,4921,6997,105,3
19571,4920,6996,103,1.5
19572,4920,6996,199,3
19573,4920,6996,213,2.5
19574,4920,6996,294,2.5
19575,4920,6996,624,1.5
19576,4919,6995,353,1
19577,4918,6993,17,4
19578,4918,6993,23,3.5
19579,4918,6993,81,5
19580,4918,6993,236,4.5
19581,4918,6993,405,1.5
19582,4918,6993,452,4
19583,4918,6993,468,3
19584,4918,6993,472,4.5
19585,4918,6993,505,4.5
19586,4918,6993,509,4
19587,4918,6993,519,4.5
19588,4918,6993,529,4
19589,4918,6993,547,1.5
19590,4918,6993,587,4.5
19591,4918,6993,624,4
19592,4917,6992,547,3
19593,4916,6991,580,3.5
19594,4915,6990,425,4
19595,4915,6990,430,4
19596,4915,6990,471,4
19597,4914,6989,15,2.5
19598,4914,6989,105,4
19599,4914,6989,263,3
19600,4913,6987,17,5
19601,4913,6987,23,4
19602,4913,6987,187,3
19603,4913,6987,262,3
19604,4913,6987,299,4.5
19605,4913,6987,430,4.5
19606,4913,6987,468,4
19607,4913,6987,470,3.5
19608,4913,6987,472,4
19609,4913,6987,481,5
19610,4913,6987,547,4.5
19611,4913,6987,580,3
19612,4913,6987,587,4
19613,4912,6986,281,4.5
19614,4912,6986,311,4.5
19615,4912,6986,313,4
19616,4912,6986,431,4
19617,4912,6986,468,3.5
19618,4911,6985,23,4
19619,4911,6985,212,3.5
19620,4911,6985,255,5
19621,4911,6985,481,5
19622,4911,6985,529,4
19623,4910,6983,461,3.5
19624,4909,6982,23,2
19625,4909,6982,529,3.5
19626,4909,6982,587,4
19627,4908,6981,23,2.5
19628,4907,6979,15,3
19629,4907,6979,17,3.5
19630,4907,6979,41,4.5
19631,4907,6979,78,5
19632,4907,6979,125,3
19633,4907,6979,130,4
19634,4907,6979,178,3.5
19635,4907,6979,212,2.5
19636,4907,6979,213,3
19637,4907,6979,217,4
19638,4907,6979,268,2.5
19639,4907,6979,295,4
19640,4907,6979,311,4
19641,4907,6979,328,3
19642,4907,6979,346,5
19643,4907,6979,353,3.5
19644,4907,6979,380,4
19645,4907,6979,388,4.5
19646,4907,6979,452,3.5
19647,4907,6979,460,5
19648,4907,6979,461,3.5
19649,4907,6979,468,2.5
19650,4907,6979,471,3.5
19651,4907,6979,472,4
19652,4907,6979,505,3
19653,4907,6979,544,4
19654,4907,6979,547,3
19655,4907,6979,561,3
19656,4907,6979,580,3.5
19657,4907,6979,596,4
19658,4907,6979,607,3.5
19659,4907,6979,624,3
19660,4907,6979,654,4
19661,4906,6978,15,2.5
19662,4906,6978,56,2
19663,4906,6978,486,3.5
19664,4906,6978,544,5
19665,4906,6978,587,3.5
19666,4905,6977,73,3
19667,4905,6977,547,3.5
19668,4904,6975,15,4
19669,4904,6975,17,3.5
19670,4904,6975,23,4.5
19671,4904,6975,262,2.5
19672,4904,6975,299,4
19673,4904,6975,423,4
19674,4904,6975,457,3
19675,4904,6975,472,3
19676,4904,6975,481,4.5
19677,4904,6975,544,5
19678,4903,6974,111,4
19679,4903,6974,294,4
19680,4903,6974,367,5
19681,4903,6974,388,4
19682,4903,6974,547,3.5
19683,4902,6971,17,5
19684,4902,6971,529,3
19685,4901,6970,294,4
19686,4901,6970,328,4.5
19687,4901,6970,452,3
19688,4901,6970,547,2.5
19689,4900,6966,580,2.5
19690,4900,6966,652,4.5
19691,4899,6964,547,3.5
19692,4898,6963,452,4
19693,4897,6961,15,2.5
19694,4897,6961,580,4
19695,4896,6959,213,4.5
19696,4896,6959,294,3.5
19697,4895,6958,213,2.5
19698,4894,6957,15,4
19699,4894,6957,60,3
19700,4894,6957,73,2
19701,4894,6957,324,3.5
19702,4894,6957,353,3
19703,4894,6957,380,5
19704,4894,6957,384,3.5
19705,4894,6957,388,4
19706,4894,6957,423,4
19707,4894,6957,433,3
19708,4894,6957,452,3
19709,4894,6957,460,3.5
19710,4894,6957,468,2.5
19711,4894,6957,509,3
19712,4894,6957,547,3.5
19713,4894,6957,624,4
19714,4894,6957,648,4
19715,4894,6957,654,4
19716,4894,6957,655,4
19717,4893,6954,23,3
19718,4893,6954,204,5
19719,4893,6954,283,4.5
19720,4893,6954,406,5
19721,4893,6954,547,3.5
19722,4893,6954,587,4.5
19723,4892,6953,15,2
19724,4892,6953,23,3.5
19725,4892,6953,38,4.5
19726,4892,6953,48,3.5
19727,4892,6953,73,3.5
19728,4892,6953,109,4
19729,4892,6953,125,4
19730,4892,6953,133,1.5
19731,4892,6953,143,4
19732,4892,6953,152,3.5
19733,4892,6953,165,1
19734,4892,6953,212,3
19735,4892,6953,255,4
19736,4892,6953,268,3.5
19737,4892,6953,275,1.5
19738,4892,6953,283,2
19739,4892,6953,378,3.5
19740,4892,6953,380,4
19741,4892,6953,384,3
19742,4892,6953,388,4
19743,4892,6953,431,4
19744,4892,6953,433,2
19745,4892,6953,509,4.5
19746,4892,6953,529,4.5
19747,4892,6953,547,3
19748,4892,6953,596,3.5
19749,4892,6953,601,4
19750,4892,6953,610,3
19751,4892,6953,627,4
19752,4892,6953,654,3.5
19753,4891,6952,73,3
19754,4891,6952,187,3.5
19755,4891,6952,418,3.5
19756,4890,6951,41,4
19757,4890,6951,577,2.5
19758,4890,6951,584,0.5
19759,4889,6950,452,2.5
19760,4888,6947,15,1
19761,4888,6947,23,2.5
19762,4888,6947,73,3
19763,4888,6947,83,5
19764,4888,6947,125,3.5
19765,4888,6947,130,3
19766,4888,6947,165,1
19767,4888,6947,212,3
19768,4888,6947,240,4
19769,4888,6947,243,4
19770,4888,6947,287,4.5
19771,4888,6947,313,2.5
19772,4888,6947,328,3.5
19773,4888,6947,355,3.5
19774,4888,6947,379,3
19775,4888,6947,380,3
19776,4888,6947,388,4.5
19777,4888,6947,405,4
19778,4888,6947,417,4
19779,4888,6947,452,3.5
19780,4888,6947,461,3
19781,4888,6947,468,3
19782,4888,6947,472,5
19783,4888,6947,481,3
19784,4888,6947,494,4
19785,4888,6947,509,4
19786,4888,6947,522,2.5
19787,4888,6947,553,3
19788,4888,6947,562,4
19789,4888,6947,577,5
19790,4888,6947,580,4
19791,4888,6947,607,4
19792,4888,6947,624,3
19793,4888,6947,654,4
19794,4887,6945,427,4
19795,4887,6945,452,3
19796,4887,6945,547,4
19797,4886,6944,15,4
19798,4886,6944,23,3
19799,4886,6944,150,3
19800,4886,6944,213,1.5
19801,4886,6944,292,4.5
19802,4886,6944,294,4
19803,4886,6944,313,3.5
19804,4886,6944,382,3
19805,4886,6944,457,2
19806,4886,6944,461,2.5
19807,4886,6944,624,3.5
19808,4885,6942,5,4
19809,4885,6942,15,3
19810,4885,6942,52,4
19811,4885,6942,56,2
19812,4885,6942,88,4.5
19813,4885,6942,93,3.5
19814,4885,6942,111,4
19815,4885,6942,124,3
19816,4885,6942,125,5
19817,4885,6942,140,3
19818,4885,6942,149,4.5
19819,4885,6942,152,3.5
19820,4885,6942,159,4
19821,4885,6942,165,4
19822,4885,6942,187,4.5
19823,4885,6942,212,2.5
19824,4885,6942,213,2
19825,4885,6942,216,4
19826,4885,6942,226,4.5
19827,4885,6942,235,4.5
19828,4885,6942,238,2.5
19829,4885,6942,262,2
19830,4885,6942,294,4
19831,4885,6942,295,3
19832,4885,6942,303,3
19833,4885,6942,316,3.5
19834,4885,6942,320,4
19835,4885,6942,362,4.5
19836,4885,6942,378,3.5
19837,4885,6942,382,3.5
19838,4885,6942,418,5
19839,4885,6942,419,3.5
19840,4885,6942,431,3
19841,4885,6942,452,3
19842,4885,6942,460,4
19843,4885,6942,461,4
19844,4885,6942,465,4
19845,4885,6942,468,2.5
19846,4885,6942,472,4
19847,4885,6942,480,4.5
19848,4885,6942,481,2.5
19849,4885,6942,500,4.5
19850,4885,6942,505,3
19851,4885,6942,512,3.5
19852,4885,6942,522,3
19853,4885,6942,529,3.5
19854,4885,6942,531,4.5
19855,4885,6942,547,4
19856,4885,6942,561,4
19857,4885,6942,580,3
19858,4885,6942,610,2
19859,4885,6942,615,4
19860,4885,6942,620,1.5
19861,4885,6942,627,4
19862,4885,6942,654,5
19863,4884,6940,262,4
19864,4883,6936,15,1
19865,4883,6936,56,4
19866,4883,6936,61,3
19867,4883,6936,73,2
19868,4883,6936,150,3
19869,4883,6936,165,2.5
19870,4883,6936,212,2.5
19871,4883,6936,213,1
19872,4883,6936,262,1.5
19873,4883,6936,287,4.5
19874,4883,6936,353,3.5
19875,4883,6936,380,4
19876,4883,6936,382,5
19877,4883,6936,423,3.5
19878,4883,6936,433,3.5
19879,4883,6936,442,4.5
19880,4883,6936,457,2.5
19881,4883,6936,460,4.5
19882,4883,6936,468,2.5
19883,4883,6936,472,2
19884,4883,6936,475,1.5
19885,4883,6936,577,4.5
19886,4883,6936,580,3.5
19887,4883,6936,596,3
19888,4883,6936,607,4.5
19889,4883,6936,624,3.5
19890,4883,6936,654,4.5
19891,4882,6935,427,4
19892,4882,6935,547,3.5
19893,4882,6935,648,4
19894,4881,6934,15,1.5
19895,4881,6934,22,2
19896,4881,6934,23,3
19897,4881,6934,29,2.5
19898,4881,6934,41,4
19899,4881,6934,48,3
19900,4881,6934,72,2
19901,4881,6934,73,2
19902,4881,6934,77,2.5
19903,4881,6934,78,5
19904,4881,6934,94,1.5
19905,4881,6934,130,2
19906,4881,6934,152,4.5
19907,4881,6934,157,2.5
19908,4881,6934,176,2.5
19909,4881,6934,186,4.5
19910,4881,6934,187,0.5
19911,4881,6934,199,4
19912,4881,6934,200,1
19913,4881,6934,212,3.5
19914,4881,6934,213,2
19915,4881,6934,234,3.5
19916,4881,6934,273,4.5
19917,4881,6934,292,4
19918,4881,6934,304,2
19919,4881,6934,316,4
19920,4881,6934,324,3.5
19921,4881,6934,327,4.5
19922,4881,6934,353,2.5
19923,4881,6934,355,3
19924,4881,6934,380,4
19925,4881,6934,384,4
19926,4881,6934,388,4
19927,4881,6934,402,2.5
19928,4881,6934,417,3
19929,4881,6934,418,3.5
19930,4881,6934,426,4.5
19931,4881,6934,456,4
19932,4881,6934,461,2
19933,4881,6934,475,2
19934,4881,6934,481,3
19935,4881,6934,498,3
19936,4881,6934,509,4
19937,4881,6934,520,3
19938,4881,6934,544,3.5
19939,4881,6934,561,2.5
19940,4881,6934,572,3
19941,4881,6934,580,2
19942,4881,6934,596,2.5
19943,4881,6934,615,3.5
19944,4881,6934,627,2.5
19945,4881,6934,654,4
19946,4881,6934,660,3
19947,4881,6934,664,3.5
19948,4880,6932,15,4.5
19949,4880,6932,23,4
19950,4880,6932,56,4
19951,4880,6932,380,3.5
19952,4880,6932,388,4.5
19953,4880,6932,407,3.5
19954,4880,6932,431,5
19955,4880,6932,452,2
19956,4880,6932,509,3.5
19957,4880,6932,547,3
19958,4879,6930,187,3.5
19959,4878,6927,313,3
19960,4878,6927,452,3.5
19961,4877,6920,236,4.5
19962,4876,6918,23,5
19963,4876,6918,436,5
19964,4875,6909,165,3
19965,4875,6909,201,5
19966,4875,6909,218,4
19967,4875,6909,262,3
19968,4874,6906,547,2.5
19969,4873,6902,73,3.5
19970,4873,6902,478,4
19971,4873,6902,655,4
19972,4872,6898,105,4
19973,4872,6898,648,4
19974,4871,6896,452,3.5
19975,4870,6893,22,2
19976,4870,6893,150,4
19977,4870,6893,212,3
19978,4870,6893,294,4
19979,4870,6893,353,3.5
19980,4870,6893,509,2.5
19981,4870,6893,624,4.5
19982,4869,6892,452,2.5
19983,4868,6890,23,4
19984,4868,6890,48,3
19985,4868,6890,187,3
19986,4868,6890,262,3
19987,4868,6890,299,3
19988,4868,6890,380,3
19989,4868,6890,452,4
19990,4868,6890,509,3
19991,4868,6890,547,4
19992,4868,6890,587,3.5
19993,4867,6889,200,3.5
19994,4867,6889,213,1.5
19995,4867,6889,294,3
19996,4867,6889,328,1.5
19997,4867,6889,580,2.5
19998,4866,6888,73,2
19999,4866,6888,78,5
20000,4866,6888,212,1.5
20001,4866,6888,243,2.5
20002,4866,6888,294,3.5
20003,4866,6888,353,2.5
20004,4866,6888,384,3
20005,4866,6888,475,1
20006,4866,6888,481,1
20007,4866,6888,522,3
20008,4866,6888,574,2.5
20009,4866,6888,624,1.5
20010,4865,6887,73,3.5
20011,4865,6887,380,2.5
20012,4865,6887,452,3
20013,4864,6885,15,1
20014,4864,6885,452,1
20015,4863,6884,648,4
20016,4862,6883,341,4.5
20017,4861,6881,23,4.5
20018,4861,6881,88,4
20019,4861,6881,169,1
20020,4861,6881,240,4
20021,4861,6881,388,4
20022,4861,6881,452,3.5
20023,4861,6881,509,3
20024,4861,6881,547,3.5
20025,4861,6881,574,4
20026,4861,6881,652,4
20027,4860,6880,353,1.5
20028,4860,6880,384,3
20029,4860,6880,426,3.5
20030,4859,6879,8,3
20031,4859,6879,15,2.5
20032,4859,6879,212,3.5
20033,4859,6879,213,4
20034,4859,6879,235,3.5
20035,4859,6879,353,3
20036,4859,6879,380,3.5
20037,4859,6879,452,2.5
20038,4859,6879,468,2
20039,4859,6879,480,4.5
20040,4858,6877,240,4
20041,4857,6875,15,1
20042,4856,6874,8,5
20043,4856,6874,15,1
20044,4856,6874,16,3.5
20045,4856,6874,17,4.5
20046,4856,6874,22,4
20047,4856,6874,23,5
20048,4856,6874,26,4.5
20049,4856,6874,38,4
20050,4856,6874,56,4
20051,4856,6874,68,1
20052,4856,6874,72,3.5
20053,4856,6874,73,4.5
20054,4856,6874,77,3.5
20055,4856,6874,78,4
20056,4856,6874,84,4
20057,4856,6874,88,4
20058,4856,6874,89,5
20059,4856,6874,94,3.5
20060,4856,6874,98,5
20061,4856,6874,103,5
20062,4856,6874,105,4
20063,4856,6874,107,4
20064,4856,6874,120,2
20065,4856,6874,124,2
20066,4856,6874,133,0.5
20067,4856,6874,134,5
20068,4856,6874,143,5
20069,4856,6874,146,3
20070,4856,6874,157,3.5
20071,4856,6874,159,4
20072,4856,6874,165,5
20073,4856,6874,176,3.5
20074,4856,6874,181,5
20075,4856,6874,187,3
20076,4856,6874,199,3.5
20077,4856,6874,212,3.5
20078,4856,6874,240,3
20079,4856,6874,262,3.5
20080,4856,6874,263,1.5
20081,4856,6874,268,4
20082,4856,6874,270,5
20083,4856,6874,273,4
20084,4856,6874,283,4.5
20085,4856,6874,292,4.5
20086,4856,6874,294,3
20087,4856,6874,295,4
20088,4856,6874,299,4
20089,4856,6874,303,2
20090,4856,6874,309,4.5
20091,4856,6874,313,3.5
20092,4856,6874,316,4
20093,4856,6874,320,4
20094,4856,6874,327,5
20095,4856,6874,332,5
20096,4856,6874,334,3.5
20097,4856,6874,339,2
20098,4856,6874,345,5
20099,4856,6874,353,3.5
20100,4856,6874,355,2
20101,4856,6874,362,4
20102,4856,6874,367,3
20103,4856,6874,371,0.5
20104,4856,6874,378,4
20105,4856,6874,379,3
20106,4856,6874,380,4
20107,4856,6874,384,4.5
20108,4856,6874,388,4
20109,4856,6874,394,4
20110,4856,6874,418,1.5
20111,4856,6874,426,4
20112,4856,6874,430,5
20113,4856,6874,431,4
20114,4856,6874,432,5
20115,4856,6874,433,4
20116,4856,6874,441,4
20117,4856,6874,442,4.5
20118,4856,6874,450,4.5
20119,4856,6874,456,3.5
20120,4856,6874,457,3
20121,4856,6874,461,4
20122,4856,6874,468,3
20123,4856,6874,475,4.5
20124,4856,6874,480,4
20125,4856,6874,481,5
20126,4856,6874,494,3
20127,4856,6874,501,3
20128,4856,6874,509,2.5
20129,4856,6874,519,4.5
20130,4856,6874,522,4
20131,4856,6874,523,4
20132,4856,6874,544,4.5
20133,4856,6874,553,3.5
20134,4856,6874,561,4.5
20135,4856,6874,562,3.5
20136,4856,6874,570,4
20137,4856,6874,574,4
20138,4856,6874,580,3.5
20139,4856,6874,586,5
20140,4856,6874,596,5
20141,4856,6874,606,5
20142,4856,6874,607,4.5
20143,4856,6874,613,4
20144,4856,6874,615,4.5
20145,4856,6874,620,3.5
20146,4856,6874,623,4
20147,4856,6874,624,4
20148,4856,6874,648,3.5
20149,4856,6874,654,4.5
20150,4856,6874,655,5
20151,4856,6874,660,4.5
20152,4856,6874,664,4
20153,4855,6873,15,1
20154,4855,6873,23,4
20155,4855,6873,56,2
20156,4855,6873,88,4
20157,4855,6873,213,2
20158,4855,6873,292,3
20159,4855,6873,294,3.5
20160,4855,6873,299,3.5
20161,4855,6873,311,4
20162,4855,6873,313,3
20163,4855,6873,384,4
20164,4855,6873,452,3.5
20165,4855,6873,468,3
20166,4855,6873,547,3
20167,4854,6872,165,0.5
20168,4853,6870,8,4
20169,4853,6870,15,3.5
20170,4853,6870,23,3.5
20171,4853,6870,26,3
20172,4853,6870,38,4.5
20173,4853,6870,56,2
20174,4853,6870,73,4
20175,4853,6870,94,3.5
20176,4853,6870,105,3.5
20177,4853,6870,125,4.5
20178,4853,6870,165,3
20179,4853,6870,199,3.5
20180,4853,6870,212,4
20181,4853,6870,216,4
20182,4853,6870,240,3
20183,4853,6870,255,3.5
20184,4853,6870,262,2
20185,4853,6870,263,3.5
20186,4853,6870,283,3
20187,4853,6870,324,3.5
20188,4853,6870,345,4
20189,4853,6870,353,2
20190,4853,6870,378,4
20191,4853,6870,388,4
20192,4853,6870,419,4.5
20193,4853,6870,431,3
20194,4853,6870,433,3.5
20195,4853,6870,452,4
20196,4853,6870,457,3.5
20197,4853,6870,460,3.5
20198,4853,6870,468,3
20199,4853,6870,480,4
20200,4853,6870,509,3.5
20201,4853,6870,520,4.5
20202,4853,6870,547,4
20203,4853,6870,574,4.5
20204,4853,6870,578,3
20205,4853,6870,584,4
20206,4853,6870,587,4
20207,4853,6870,596,4.5
20208,4853,6870,601,4
20209,4853,6870,607,3.5
20210,4853,6870,610,4
20211,4853,6870,628,2.5
20212,4853,6870,654,4
20213,4853,6870,664,4.5
20214,4852,6869,283,5
20215,4852,6869,427,4.5
20216,4852,6869,468,3
20217,4852,6869,648,4
20218,4851,6868,384,4
20219,4851,6868,547,3.5
20220,4851,6868,596,4
20221,4850,6867,15,3.5
20222,4850,6867,23,3.5
20223,4850,6867,26,4
20224,4850,6867,56,4
20225,4850,6867,132,4.5
20226,4850,6867,165,1
20227,4850,6867,240,4
20228,4850,6867,388,4
20229,4850,6867,427,4.5
20230,4850,6867,505,3
20231,4850,6867,509,3.5
20232,4850,6867,528,3
20233,4850,6867,547,4
20234,4849,6864,430,4.5
20235,4849,6864,505,3
20236,4848,6863,15,2
20237,4848,6863,41,4
20238,4848,6863,56,5
20239,4848,6863,61,4.5
20240,4848,6863,63,4
20241,4848,6863,68,3.5
20242,4848,6863,72,3
20243,4848,6863,73,2.5
20244,4848,6863,83,4.5
20245,4848,6863,88,3
20246,4848,6863,93,3
20247,4848,6863,94,4
20248,4848,6863,97,4
20249,4848,6863,125,3
20250,4848,6863,157,3.5
20251,4848,6863,212,3.5
20252,4848,6863,253,2
20253,4848,6863,262,2
20254,4848,6863,270,3.5
20255,4848,6863,292,3.5
20256,4848,6863,294,3.5
20257,4848,6863,316,3.5
20258,4848,6863,324,4
20259,4848,6863,327,2.5
20260,4848,6863,353,3.5
20261,4848,6863,367,2.5
20262,4848,6863,380,3
20263,4848,6863,382,4
20264,4848,6863,388,4
20265,4848,6863,417,4
20266,4848,6863,457,3
20267,4848,6863,460,3
20268,4848,6863,468,3
20269,4848,6863,475,4
20270,4848,6863,481,4
20271,4848,6863,486,3
20272,4848,6863,500,3.5
20273,4848,6863,501,5
20274,4848,6863,509,3.5
20275,4848,6863,522,4
20276,4848,6863,531,5
20277,4848,6863,544,4
20278,4848,6863,561,4
20279,4848,6863,562,4
20280,4848,6863,580,3
20281,4848,6863,596,3.5
20282,4848,6863,607,3.5
20283,4848,6863,620,4
20284,4848,6863,624,4
20285,4848,6863,627,2
20286,4848,6863,654,4.5
20287,4847,6862,624,3.5
20288,4847,6862,664,3.5
20289,4846,6858,17,2
20290,4846,6858,468,3.5
20291,4846,6858,547,4
20292,4846,6858,587,3.5
20293,4845,6857,48,3.5
20294,4845,6857,73,3.5
20295,4845,6857,103,3
20296,4845,6857,257,0.5
20297,4845,6857,291,4.5
20298,4845,6857,346,4
20299,4845,6857,352,3
20300,4845,6857,443,4.5
20301,4845,6857,461,3.5
20302,4845,6857,561,3.5
20303,4845,6857,580,3.5
20304,4844,6856,311,3
20305,4844,6856,547,4
20306,4843,6852,311,3
20307,4843,6852,431,5
20308,4843,6852,452,4
20309,4843,6852,547,4.5
20310,4842,6851,547,3.5
20311,4841,6850,111,3
20312,4841,6850,311,3
20313,4841,6850,460,3.5
20314,4840,6840,452,3.5
20315,4839,6835,384,4
20316,4838,6832,311,3
20317,4838,6832,388,3
20318,4838,6832,405,2.5
20319,4838,6832,452,4
20320,4836,6829,311,4
20321,4835,6828,587,4
20322,4834,6827,165,2
20323,4834,6827,217,3
20324,4833,6826,199,1
20325,4832,6822,311,3
20326,4831,6820,15,2.5
20327,4831,6820,73,3
20328,4831,6820,75,4
20329,4831,6820,580,2.5
20330,4830,6818,335,4.5
20331,4830,6818,468,4
20332,4829,6816,15,4
20333,4829,6816,73,4
20334,4828,6814,624,3
20335,4827,6813,311,3
20336,4827,6813,547,1.5
20337,4826,6812,624,2.5
20338,4825,6811,77,4
20339,4825,6811,111,4
20340,4825,6811,388,2
20341,4825,6811,457,1.5
20342,4824,6810,311,3
20343,4824,6810,452,3
20344,4824,6810,547,1
20345,4823,6808,243,4
20346,4823,6808,346,1.5
20347,4823,6808,353,3.5
20348,4823,6808,394,0.5
20349,4822,6807,23,3
20350,4822,6807,52,5
20351,4822,6807,73,3
20352,4822,6807,77,4
20353,4822,6807,81,5
20354,4822,6807,88,4
20355,4822,6807,105,4
20356,4822,6807,130,3
20357,4822,6807,134,5
20358,4822,6807,159,3.5
20359,4822,6807,199,4.5
20360,4822,6807,212,4
20361,4822,6807,234,4
20362,4822,6807,299,4
20363,4822,6807,309,5
20364,4822,6807,324,4
20365,4822,6807,362,3.5
20366,4822,6807,428,4.5
20367,4822,6807,430,5
20368,4822,6807,460,4
20369,4822,6807,468,3.5
20370,4822,6807,472,4
20371,4822,6807,486,4.5
20372,4822,6807,509,4
20373,4822,6807,519,3.5
20374,4822,6807,544,5
20375,4822,6807,577,5
20376,4822,6807,580,4
20377,4822,6807,587,4
20378,4822,6807,607,4.5
20379,4822,6807,615,4
20380,4822,6807,621,5
20381,4822,6807,624,3
20382,4822,6807,628,2
20383,4822,6807,648,3.5
20384,4822,6807,654,4.5
20385,4822,6807,660,4
20386,4821,6806,353,3
20387,4820,6803,73,4
20388,4819,6800,384,3
20389,4818,6798,624,3
20390,4817,6797,311,3.5
20391,4817,6797,547,1
20392,4816,6796,23,3.5
20393,4816,6796,56,4
20394,4816,6796,73,4.5
20395,4816,6796,78,4
20396,4816,6796,105,3
20397,4816,6796,139,5
20398,4816,6796,165,4.5
20399,4816,6796,212,2
20400,4816,6796,275,4.5
20401,4816,6796,291,4.5
20402,4816,6796,293,4
20403,4816,6796,309,4.5
20404,4816,6796,388,4
20405,4816,6796,430,4.5
20406,4816,6796,431,4.5
20407,4816,6796,432,4.5
20408,4816,6796,452,3.5
20409,4816,6796,457,4
20410,4816,6796,460,3
20411,4816,6796,461,2.5
20412,4816,6796,480,5
20413,4816,6796,509,3.5
20414,4816,6796,520,4.5
20415,4816,6796,544,4
20416,4816,6796,547,4
20417,4816,6796,580,4
20418,4816,6796,596,4
20419,4815,6794,136,3.5
20420,4815,6794,176,0.5
20421,4815,6794,452,2.5
20422,4814,6793,78,4
20423,4814,6793,287,4
20424,4814,6793,384,3
20425,4814,6793,522,1.5
20426,4813,6791,130,4
20427,4813,6791,294,4.5
20428,4813,6791,311,2
20429,4813,6791,468,3.5
20430,4813,6791,587,5
20431,4812,6790,17,3.5
20432,4812,6790,103,4
20433,4812,6790,346,3
20434,4812,6790,452,4
20435,4811,6788,311,2
20436,4811,6788,547,2.5
20437,4810,6787,15,5
20438,4810,6787,23,4
20439,4810,6787,59,5
20440,4810,6787,105,3.5
20441,4810,6787,120,3.5
20442,4810,6787,212,3
20443,4810,6787,311,4
20444,4810,6787,324,3.5
20445,4810,6787,380,4.5
20446,4810,6787,431,4
20447,4810,6787,441,4.5
20448,4810,6787,452,5
20449,4810,6787,468,3.5
20450,4810,6787,472,4.5
20451,4810,6787,505,4.5
20452,4810,6787,509,4.5
20453,4810,6787,529,3.5
20454,4810,6787,547,4.5
20455,4810,6787,587,4
20456,4810,6787,596,4
20457,4809,6786,159,2.5
20458,4809,6786,452,3.5
20459,4809,6786,547,4
20460,4809,6786,587,5
20461,4808,6785,294,3.5
20462,4808,6785,311,3.5
20463,4808,6785,328,4
20464,4808,6785,382,2
20465,4808,6785,405,3
20466,4807,6783,15,2
20467,4807,6783,23,4
20468,4807,6783,236,4.5
20469,4807,6783,529,4.5
20470,4807,6783,587,5
20471,4806,6782,130,4
20472,4805,6780,234,4.5
20473,4805,6780,468,4
20474,4804,6779,452,3.5
20475,4804,6779,587,4
20476,4803,6777,17,4
20477,4803,6777,240,4
20478,4803,6777,281,4
20479,4803,6777,311,4
20480,4803,6777,452,4
20481,4803,6777,472,3.5
20482,4803,6777,505,3.5
20483,4803,6777,529,4
20484,4803,6777,547,4.5
20485,4802,6776,52,3.5
20486,4802,6776,295,4
20487,4802,6776,333,5
20488,4802,6776,431,5
20489,4801,6774,17,4
20490,4801,6774,73,3.5
20491,4801,6774,105,3
20492,4801,6774,299,5
20493,4801,6774,423,4
20494,4801,6774,457,3
20495,4801,6774,481,4
20496,4800,6773,15,1
20497,4800,6773,234,3
20498,4800,6773,240,4.5
20499,4800,6773,262,2.5
20500,4800,6773,270,4
20501,4800,6773,328,5
20502,4800,6773,388,4.5
20503,4800,6773,407,5
20504,4800,6773,423,5
20505,4800,6773,472,4.5
20506,4800,6773,488,4.5
20507,4800,6773,547,4.5
20508,4800,6773,580,3
20509,4799,6772,427,4
20510,4799,6772,587,1
20511,4798,6771,584,1
20512,4797,6770,452,3.5
20513,4797,6770,652,5
20514,4796,6769,652,5
20515,4795,6768,130,4
20516,4795,6768,243,3.5
20517,4794,6765,292,4
20518,4794,6765,294,3.5
20519,4794,6765,452,2.5
20520,4793,6764,150,3.5
20521,4793,6764,295,3.5
20522,4793,6764,367,3.5
20523,4793,6764,624,2.5
20524,4792,6763,91,3.5
20525,4792,6763,208,2.5
20526,4792,6763,212,1.5
20527,4792,6763,380,1.5
20528,4792,6763,384,2
20529,4792,6763,522,2
20530,4791,6762,652,4
20531,4790,6760,388,4
20532,4790,6760,624,3
20533,4789,6757,17,4
20534,4788,6755,73,4.5
20535,4788,6755,77,4.5
20536,4788,6755,134,4.5
20537,4788,6755,294,3
20538,4788,6755,346,1
20539,4788,6755,353,3
20540,4788,6755,509,2
20541,4788,6755,580,4
20542,4788,6755,664,3
20543,4787,6754,15,0.5
20544,4787,6754,22,2.5
20545,4787,6754,73,3.5
20546,4787,6754,104,4
20547,4787,6754,176,2.5
20548,4787,6754,212,3
20549,4787,6754,213,5
20550,4787,6754,243,3
20551,4787,6754,294,4.5
20552,4787,6754,353,3
20553,4787,6754,355,3
20554,4787,6754,370,4
20555,4787,6754,380,3
20556,4787,6754,384,2.5
20557,4787,6754,388,2.5
20558,4787,6754,470,2.5
20559,4787,6754,473,4
20560,4787,6754,475,3
20561,4787,6754,566,5
20562,4787,6754,572,3
20563,4787,6754,580,3
20564,4786,6753,20,4
20565,4786,6753,212,3
20566,4786,6753,213,2
20567,4786,6753,287,5
20568,4786,6753,311,3.5
20569,4786,6753,324,4
20570,4786,6753,380,4
20571,4786,6753,582,2.5
20572,4786,6753,599,1.5
20573,4786,6753,607,4.5
20574,4785,6751,452,0.5
20575,4784,6748,262,3
20576,4783,6744,111,3
20577,4783,6744,294,3.5
20578,4782,6743,61,2.5
20579,4782,6743,187,3.5
20580,4782,6743,212,3
20581,4782,6743,311,4
20582,4782,6743,577,5
20583,4781,6739,468,2.5
20584,4780,6735,311,3.5
20585,4780,6735,547,3
20586,4779,6732,56,5
20587,4779,6732,294,4
20588,4779,6732,311,3
20589,4779,6732,582,5
20590,4778,6731,73,4
20591,4778,6731,165,4
20592,4778,6731,199,3
20593,4778,6731,355,3.5
20594,4778,6731,547,2
20595,4778,6731,580,3
20596,4777,6730,299,3.5
20597,4776,6728,547,2.5
20598,4775,6725,41,5
20599,4774,6724,133,3.5
20600,4774,6724,311,3
20601,4774,6724,452,4
20602,4774,6724,529,4
20603,4774,6724,547,4.5
20604,4774,6724,587,4.5
20605,4773,6723,294,3.5
20606,4772,6722,346,3.5
20607,4772,6722,580,4
20608,4771,6721,236,4
20609,4771,6721,345,3
20610,4771,6721,346,4
20611,4771,6721,580,4
20612,4770,6718,311,3.5
20613,4770,6718,621,4.5
20614,4769,6713,257,3.5
20615,4769,6713,423,5
20616,4769,6713,580,3
20617,4768,6711,5,2.5
20618,4768,6711,15,3.5
20619,4768,6711,16,4.5
20620,4768,6711,17,1.5
20621,4768,6711,23,3
20622,4768,6711,31,4.5
20623,4768,6711,48,3
20624,4768,6711,63,5
20625,4768,6711,72,4
20626,4768,6711,73,4.5
20627,4768,6711,81,4
20628,4768,6711,88,4.5
20629,4768,6711,93,4
20630,4768,6711,94,1.5
20631,4768,6711,97,4
20632,4768,6711,105,4
20633,4768,6711,125,5
20634,4768,6711,132,4.5
20635,4768,6711,143,4.5
20636,4768,6711,146,3
20637,4768,6711,149,4
20638,4768,6711,150,4.5
20639,4768,6711,152,4
20640,4768,6711,159,2.5
20641,4768,6711,187,3.5
20642,4768,6711,230,4
20643,4768,6711,236,4.5
20644,4768,6711,240,3.5
20645,4768,6711,243,4
20646,4768,6711,253,1
20647,4768,6711,255,4.5
20648,4768,6711,260,2
20649,4768,6711,262,4
20650,4768,6711,268,2
20651,4768,6711,275,5
20652,4768,6711,283,4
20653,4768,6711,297,4.5
20654,4768,6711,299,5
20655,4768,6711,303,3
20656,4768,6711,313,4
20657,4768,6711,345,5
20658,4768,6711,355,4.5
20659,4768,6711,362,5
20660,4768,6711,365,3.5
20661,4768,6711,382,2
20662,4768,6711,388,4.5
20663,4768,6711,394,3
20664,4768,6711,407,5
20665,4768,6711,423,3.5
20666,4768,6711,427,3.5
20667,4768,6711,428,4.5
20668,4768,6711,430,5
20669,4768,6711,431,4.5
20670,4768,6711,433,4
20671,4768,6711,452,3.5
20672,4768,6711,457,4
20673,4768,6711,460,4.5
20674,4768,6711,468,3
20675,4768,6711,472,4.5
20676,4768,6711,475,4.5
20677,4768,6711,481,4.5
20678,4768,6711,505,3.5
20679,4768,6711,509,4
20680,4768,6711,519,5
20681,4768,6711,522,3
20682,4768,6711,523,4
20683,4768,6711,528,3.5
20684,4768,6711,531,1
20685,4768,6711,544,4
20686,4768,6711,547,4
20687,4768,6711,561,2
20688,4768,6711,562,3.5
20689,4768,6711,574,4.5
20690,4768,6711,580,4.5
20691,4768,6711,586,4
20692,4768,6711,587,3.5
20693,4768,6711,596,5
20694,4768,6711,606,4.5
20695,4768,6711,610,5
20696,4768,6711,615,4
20697,4768,6711,620,4.5
20698,4768,6711,624,3.5
20699,4768,6711,648,4
20700,4768,6711,654,2.5
20701,4768,6711,664,3
20702,4767,6710,378,3
20703,4767,6710,380,4
20704,4767,6710,509,3
20705,4766,6709,23,1.5
20706,4766,6709,294,3.5
20707,4766,6709,295,4
20708,4766,6709,299,4
20709,4766,6709,353,2
20710,4766,6709,384,2
20711,4766,6709,561,4
20712,4766,6709,596,4
20713,4766,6709,607,3.5
20714,4766,6709,664,3
20715,4765,6708,15,2
20716,4765,6708,17,3.5
20717,4765,6708,23,3.5
20718,4765,6708,26,3.5
20719,4765,6708,73,4
20720,4765,6708,125,3.5
20721,4765,6708,150,3.5
20722,4765,6708,235,5
20723,4765,6708,295,5
20724,4765,6708,380,4
20725,4765,6708,384,3.5
20726,4765,6708,388,4
20727,4765,6708,431,3.5
20728,4765,6708,432,5
20729,4765,6708,433,4.5
20730,4765,6708,452,3.5
20731,4765,6708,468,3
20732,4765,6708,509,2.5
20733,4765,6708,547,4
20734,4765,6708,596,4
20735,4765,6708,624,3.5
20736,4765,6708,654,4
20737,4764,6707,73,2.5
20738,4764,6707,299,3.5
20739,4764,6707,355,2
20740,4764,6707,384,2
20741,4763,6706,382,2
20742,4762,6703,294,3.5
20743,4761,6695,73,1.5
20744,4760,6690,648,3.5
20745,4759,6686,166,2
20746,4759,6686,311,4
20747,4759,6686,475,0.5
20748,4758,6684,547,2.5
20749,4756,6679,648,3.5
20750,4755,6678,41,3
20751,4755,6678,311,2
20752,4755,6678,452,2
20753,4754,6676,547,3
20754,4753,6671,547,0.5
20755,4752,6669,23,4
20756,4752,6669,236,5
20757,4752,6669,257,5
20758,4752,6669,309,5
20759,4752,6669,519,5
20760,4752,6669,587,4.5
20761,4751,6666,17,4.5
20762,4751,6666,23,3
20763,4751,6666,81,4
20764,4751,6666,297,5
20765,4751,6666,406,4.5
20766,4751,6666,481,5
20767,4751,6666,529,3.5
20768,4751,6666,547,4
20769,4751,6666,587,3.5
20770,4750,6665,294,3.5
20771,4749,6664,73,3
20772,4749,6664,130,3
20773,4749,6664,384,4
20774,4749,6664,471,4.5
20775,4749,6664,570,3
20776,4748,6663,136,3.5
20777,4748,6663,294,3.5
20778,4748,6663,311,3.5
20779,4748,6663,417,4
20780,4748,6663,509,4
20781,4748,6663,547,4
20782,4748,6663,587,4
20783,4748,6663,624,3
20784,4747,6662,77,3
20785,4747,6662,212,3
20786,4747,6662,263,4
20787,4747,6662,294,4
20788,4747,6662,309,4
20789,4747,6662,311,3.5
20790,4747,6662,362,4.5
20791,4747,6662,405,2.5
20792,4747,6662,417,4.5
20793,4747,6662,468,3
20794,4747,6662,472,4.5
20795,4747,6662,520,4
20796,4747,6662,547,5
20797,4747,6662,587,4
20798,4747,6662,624,4
20799,4746,6659,73,4
20800,4746,6659,83,3.5
20801,4746,6659,105,4
20802,4746,6659,187,3
20803,4746,6659,213,4
20804,4746,6659,294,4
20805,4746,6659,311,3
20806,4746,6659,346,3.5
20807,4746,6659,367,4.5
20808,4746,6659,468,2.5
20809,4746,6659,580,2.5
20810,4746,6659,607,3.5
20811,4746,6659,624,2.5
20812,4745,6658,311,3.5
20813,4745,6658,405,2
20814,4745,6658,547,1.5
20815,4745,6658,624,3.5
20816,4745,6658,628,1.5
20817,4744,6650,15,3.5
20818,4744,6650,96,5
20819,4744,6650,468,4
20820,4744,6650,547,4
20821,4744,6650,613,4
20822,4743,6646,294,3
20823,4743,6646,311,3
20824,4743,6646,547,4
20825,4742,6645,41,4
20826,4742,6645,77,3
20827,4742,6645,405,2.5
20828,4742,6645,624,2.5
20829,4741,6644,394,0.5
20830,4740,6643,17,4.5
20831,4740,6643,23,4.5
20832,4740,6643,81,4
20833,4740,6643,236,5
20834,4740,6643,529,3.5
20835,4740,6643,587,4
20836,4739,6641,15,4
20837,4739,6641,23,2.5
20838,4739,6641,81,4.5
20839,4738,6639,452,4
20840,4738,6639,547,4.5
20841,4737,6638,111,3.5
20842,4737,6638,311,2
20843,4737,6638,388,4
20844,4737,6638,547,3
20845,4736,6636,311,4
20846,4736,6636,367,3.5
20847,4735,6630,311,4
20848,4734,6629,547,3.5
20849,4733,6628,217,3
20850,4732,6624,557,2
20851,4731,6620,15,1.5
20852,4731,6620,23,3.5
20853,4731,6620,165,1.5
20854,4731,6620,216,4
20855,4731,6620,255,4
20856,4731,6620,267,3.5
20857,4731,6620,345,4.5
20858,4731,6620,388,4.5
20859,4731,6620,407,5
20860,4731,6620,427,5
20861,4731,6620,457,4
20862,4731,6620,472,4
20863,4731,6620,509,3.5
20864,4731,6620,547,2.5
20865,4731,6620,580,4
20866,4731,6620,587,3.5
20867,4731,6620,610,3.5
20868,4730,6618,56,2
20869,4730,6618,294,3.5
20870,4730,6618,346,5
20871,4730,6618,384,2.5
20872,4730,6618,460,4
20873,4730,6618,580,4
20874,4730,6618,624,4
20875,4730,6618,648,4.5
20876,4729,6617,313,4
20877,4729,6617,405,4
20878,4729,6617,509,3.5
20879,4728,6615,73,1.5
20880,4728,6615,243,2
20881,4728,6615,353,2
20882,4728,6615,370,3.5
20883,4728,6615,380,2.5
20884,4728,6615,457,1.5
20885,4727,6613,311,2.5
20886,4727,6613,405,2
20887,4726,6612,388,4
20888,4726,6612,427,4.5
20889,4726,6612,468,3.5
20890,4726,6612,509,4.5
20891,4726,6612,547,4
20892,4725,6611,23,4.5
20893,4724,6609,236,4
20894,4724,6609,262,2.5
20895,4723,6603,547,3
20896,4722,6602,73,3.5
20897,4722,6602,299,4.5
20898,4721,6600,394,1
20899,4720,6599,23,3.5
20900,4719,6598,11,5
20901,4719,6598,417,5
20902,4718,6596,166,2.5
20903,4718,6596,235,4
20904,4718,6596,294,3.5
20905,4718,6596,547,1.5
20906,4717,6595,73,1.5
20907,4717,6595,105,2.5
20908,4717,6595,166,4
20909,4717,6595,353,1.5
20910,4717,6595,384,2.5
20911,4717,6595,418,4
20912,4717,6595,457,1.5
20913,4717,6595,475,2.5
20914,4717,6595,574,3
20915,4717,6595,624,1.5
20916,4716,6593,15,1
20917,4716,6593,73,0.5
20918,4716,6593,98,4
20919,4716,6593,149,3
20920,4716,6593,169,4.5
20921,4716,6593,213,1.5
20922,4716,6593,240,4
20923,4716,6593,294,4
20924,4716,6593,353,1.5
20925,4716,6593,382,3
20926,4716,6593,457,1
20927,4716,6593,468,2
20928,4716,6593,582,1.5
20929,4716,6593,620,2.5
20930,4715,6592,427,3.5
20931,4715,6592,452,2
20932,4715,6592,547,2.5
20933,4714,6591,23,4
20934,4714,6591,212,4.5
20935,4714,6591,240,4
20936,4714,6591,452,3.5
20937,4714,6591,460,3.5
20938,4714,6591,481,3.5
20939,4713,6587,165,0.5
20940,4713,6587,380,1.5
20941,4712,6586,15,3
20942,4712,6586,73,3
20943,4712,6586,262,2
20944,4712,6586,380,4
20945,4712,6586,457,2
20946,4712,6586,475,2.5
20947,4712,6586,557,4
20948,4712,6586,572,3
20949,4712,6586,574,3
20950,4712,6586,664,3.5
20951,4711,6585,311,2
20952,4710,6584,17,3.5
20953,4710,6584,468,2.5
20954,4710,6584,547,2.5
20955,4709,6582,73,3
20956,4709,6582,346,4.5
20957,4709,6582,624,2
20958,4708,6579,468,3
20959,4707,6571,132,4
20960,4706,6568,294,3.5
20961,4706,6568,427,2
20962,4705,6566,73,0.5
20963,4705,6566,213,0.5
20964,4705,6566,475,0.5
20965,4704,6565,30,4.5
20966,4704,6565,73,2.5
20967,4704,6565,163,4.5
20968,4704,6565,212,3.5
20969,4704,6565,240,4.5
20970,4704,6565,263,4
20971,4704,6565,289,4.5
20972,4704,6565,295,4.5
20973,4704,6565,311,4.5
20974,4704,6565,313,5
20975,4704,6565,380,4
20976,4704,6565,382,4
20977,4704,6565,388,3.5
20978,4704,6565,402,3.5
20979,4704,6565,405,5
20980,4704,6565,407,4.5
20981,4704,6565,441,3.5
20982,4704,6565,452,3.5
20983,4704,6565,468,2.5
20984,4704,6565,500,1.5
20985,4704,6565,509,4
20986,4704,6565,529,2.5
20987,4704,6565,580,3.5
20988,4704,6565,654,4.5
20989,4704,6565,671,3.5
20990,4703,6564,73,3
20991,4703,6564,78,4.5
20992,4703,6564,98,3
20993,4703,6564,166,2.5
20994,4703,6564,213,3
20995,4703,6564,251,2.5
20996,4703,6564,294,3.5
20997,4703,6564,367,2.5
20998,4703,6564,468,1
20999,4703,6564,475,1
21000,4703,6564,572,3
21001,4703,6564,624,1.5
21002,4702,6562,311,3.5
21003,4701,6561,148,4.5
21004,4701,6561,294,4
21005,4701,6561,311,3
21006,4701,6561,452,4
21007,4700,6559,73,4
21008,4699,6552,15,1.5
21009,4699,6552,23,3.5
21010,4699,6552,78,4
21011,4699,6552,94,3.5
21012,4699,6552,388,4.5
21013,4699,6552,427,4.5
21014,4699,6552,441,4
21015,4699,6552,452,3.5
21016,4699,6552,509,5
21017,4699,6552,547,4.5
21018,4698,6550,91,3
21019,4698,6550,200,2.5
21020,4698,6550,313,3
21021,4698,6550,475,2
21022,4698,6550,624,2
21023,4697,6548,73,2
21024,4697,6548,200,4.5
21025,4697,6548,290,4.5
21026,4697,6548,353,2
21027,4697,6548,380,2.5
21028,4697,6548,384,4
21029,4697,6548,457,2
21030,4697,6548,473,5
21031,4697,6548,475,2
21032,4697,6548,574,3
21033,4697,6548,664,3.5
21034,4696,6547,15,1
21035,4695,6541,22,2.5
21036,4695,6541,41,4
21037,4695,6541,63,2.5
21038,4695,6541,77,4
21039,4695,6541,150,2.5
21040,4695,6541,176,2
21041,4695,6541,212,2.5
21042,4695,6541,213,3.5
21043,4695,6541,294,4
21044,4695,6541,316,3.5
21045,4695,6541,324,4
21046,4695,6541,355,1.5
21047,4695,6541,367,2
21048,4695,6541,384,2
21049,4695,6541,470,3.5
21050,4695,6541,475,1
21051,4695,6541,561,3.5
21052,4695,6541,566,4
21053,4695,6541,615,3
21054,4695,6541,624,1.5
21055,4694,6539,15,3.5
21056,4694,6539,22,4
21057,4694,6539,23,4.5
21058,4694,6539,26,1.5
21059,4694,6539,31,3.5
21060,4694,6539,38,4
21061,4694,6539,48,4
21062,4694,6539,52,3.5
21063,4694,6539,61,1.5
21064,4694,6539,68,4
21065,4694,6539,69,4
21066,4694,6539,72,3
21067,4694,6539,73,4
21068,4694,6539,77,4
21069,4694,6539,78,3
21070,4694,6539,79,2.5
21071,4694,6539,84,3.5
21072,4694,6539,88,4
21073,4694,6539,89,5
21074,4694,6539,94,3.5
21075,4694,6539,104,4.5
21076,4694,6539,105,3
21077,4694,6539,116,4
21078,4694,6539,124,4.5
21079,4694,6539,125,3
21080,4694,6539,130,4.5
21081,4694,6539,134,3
21082,4694,6539,136,5
21083,4694,6539,138,2.5
21084,4694,6539,140,4
21085,4694,6539,150,4
21086,4694,6539,152,3
21087,4694,6539,157,3
21088,4694,6539,166,4.5
21089,4694,6539,169,5
21090,4694,6539,176,4
21091,4694,6539,179,5
21092,4694,6539,186,2
21093,4694,6539,200,4.5
21094,4694,6539,201,4
21095,4694,6539,205,5
21096,4694,6539,212,5
21097,4694,6539,213,3
21098,4694,6539,234,2.5
21099,4694,6539,240,4.5
21100,4694,6539,243,4
21101,4694,6539,250,4
21102,4694,6539,251,5
21103,4694,6539,253,4.5
21104,4694,6539,255,4.5
21105,4694,6539,257,3.5
21106,4694,6539,260,5
21107,4694,6539,263,4
21108,4694,6539,268,5
21109,4694,6539,273,4.5
21110,4694,6539,275,5
21111,4694,6539,282,4.5
21112,4694,6539,283,2.5
21113,4694,6539,290,2
21114,4694,6539,293,5
21115,4694,6539,294,4.5
21116,4694,6539,295,4.5
21117,4694,6539,296,4.5
21118,4694,6539,298,5
21119,4694,6539,309,4
21120,4694,6539,311,4
21121,4694,6539,313,4.5
21122,4694,6539,316,4
21123,4694,6539,323,4.5
21124,4694,6539,324,4
21125,4694,6539,333,4.5
21126,4694,6539,339,4
21127,4694,6539,346,4
21128,4694,6539,347,3
21129,4694,6539,353,3.5
21130,4694,6539,355,4
21131,4694,6539,362,4.5
21132,4694,6539,367,4
21133,4694,6539,378,0.5
21134,4694,6539,379,2.5
21135,4694,6539,380,3.5
21136,4694,6539,382,2.5
21137,4694,6539,384,4.5
21138,4694,6539,388,4
21139,4694,6539,402,3
21140,4694,6539,407,4.5
21141,4694,6539,417,4
21142,4694,6539,418,3.5
21143,4694,6539,419,2.5
21144,4694,6539,425,4
21145,4694,6539,426,4.5
21146,4694,6539,428,4
21147,4694,6539,430,4
21148,4694,6539,431,5
21149,4694,6539,452,4
21150,4694,6539,456,4
21151,4694,6539,458,4
21152,4694,6539,460,5
21153,4694,6539,461,3.5
21154,4694,6539,468,2.5
21155,4694,6539,472,3.5
21156,4694,6539,475,3.5
21157,4694,6539,479,4
21158,4694,6539,480,4.5
21159,4694,6539,481,3
21160,4694,6539,500,4
21161,4694,6539,509,4
21162,4694,6539,520,2.5
21163,4694,6539,522,3.5
21164,4694,6539,523,4.5
21165,4694,6539,524,3
21166,4694,6539,527,3
21167,4694,6539,531,4
21168,4694,6539,532,3.5
21169,4694,6539,542,4.5
21170,4694,6539,547,3
21171,4694,6539,553,4
21172,4694,6539,561,4.5
21173,4694,6539,562,4.5
21174,4694,6539,570,4
21175,4694,6539,574,3.5
21176,4694,6539,577,5
21177,4694,6539,580,3
21178,4694,6539,582,4.5
21179,4694,6539,584,4
21180,4694,6539,586,1
21181,4694,6539,587,3.5
21182,4694,6539,596,4.5
21183,4694,6539,598,5
21184,4694,6539,599,3.5
21185,4694,6539,607,5
21186,4694,6539,611,5
21187,4694,6539,613,3
21188,4694,6539,615,3.5
21189,4694,6539,623,4.5
21190,4694,6539,624,3.5
21191,4694,6539,627,4
21192,4694,6539,648,4
21193,4694,6539,654,4.5
21194,4694,6539,655,5
21195,4694,6539,664,4
21196,4693,6538,17,4
21197,4693,6538,283,2
21198,4693,6538,509,4
21199,4693,6538,547,4.5
21200,4693,6538,587,4
21201,4692,6537,15,2.5
21202,4692,6537,23,3
21203,4692,6537,41,3.5
21204,4692,6537,73,2
21205,4692,6537,75,3
21206,4692,6537,77,3.5
21207,4692,6537,78,3.5
21208,4692,6537,111,2
21209,4692,6537,150,3.5
21210,4692,6537,157,3
21211,4692,6537,199,3.5
21212,4692,6537,212,3
21213,4692,6537,213,2.5
21214,4692,6537,261,3
21215,4692,6537,270,2.5
21216,4692,6537,287,5
21217,4692,6537,311,3
21218,4692,6537,313,3.5
21219,4692,6537,327,3.5
21220,4692,6537,353,3
21221,4692,6537,355,3
21222,4692,6537,380,3
21223,4692,6537,384,3.5
21224,4692,6537,402,3
21225,4692,6537,418,3
21226,4692,6537,426,3
21227,4692,6537,456,3
21228,4692,6537,471,3.5
21229,4692,6537,475,1
21230,4692,6537,509,1.5
21231,4692,6537,574,3
21232,4692,6537,580,3.5
21233,4692,6537,596,2.5
21234,4692,6537,598,4
21235,4692,6537,615,3
21236,4692,6537,624,1.5
21237,4692,6537,654,3.5
21238,4692,6537,664,3.5
21239,4691,6536,294,4.5
21240,4690,6535,136,3.5
21241,4690,6535,166,4
21242,4690,6535,262,0.5
21243,4690,6535,294,4
21244,4690,6535,311,0.5
21245,4690,6535,452,0.5
21246,4689,6534,15,2
21247,4689,6534,73,0.5
21248,4689,6534,174,3
21249,4689,6534,212,2
21250,4689,6534,213,3.5
21251,4689,6534,243,2
21252,4689,6534,287,4
21253,4689,6534,313,3.5
21254,4689,6534,461,2.5
21255,4689,6534,468,2.5
21256,4689,6534,475,2
21257,4689,6534,596,2
21258,4689,6534,598,2
21259,4689,6534,615,3
21260,4689,6534,624,1
21261,4689,6534,654,2.5
21262,4688,6533,294,3.5
21263,4688,6533,311,3.5
21264,4688,6533,452,3.5
21265,4688,6533,529,3.5
21266,4688,6533,547,4
21267,4687,6531,609,1
21268,4686,6530,17,5
21269,4686,6530,262,3.5
21270,4686,6530,430,3.5
21271,4686,6530,547,4.5
21272,4685,6528,547,3.5
21273,4684,6527,311,3.5
21274,4683,6525,311,2.5
21275,4683,6525,460,3
21276,4683,6525,547,3
21277,4682,6522,311,3
21278,4681,6521,311,2.5
21279,4680,6518,405,3
21280,4679,6516,20,4
21281,4679,6516,311,3.5
21282,4679,6516,405,4.5
21283,4677,6514,624,0.5
21284,4676,6513,468,3
21285,4675,6509,81,4
21286,4674,6506,523,4
21287,4673,6503,15,2.5
21288,4673,6503,17,0.5
21289,4673,6503,73,1.5
21290,4673,6503,212,2
21291,4673,6503,235,3
21292,4673,6503,243,3
21293,4673,6503,262,1.5
21294,4673,6503,294,4
21295,4673,6503,313,4
21296,4673,6503,365,4.5
21297,4673,6503,379,2
21298,4673,6503,380,1.5
21299,4673,6503,384,2.5
21300,4673,6503,393,2.5
21301,4673,6503,426,0.5
21302,4673,6503,461,1
21303,4673,6503,475,1
21304,4673,6503,520,0.5
21305,4673,6503,522,1.5
21306,4673,6503,561,3
21307,4673,6503,580,2
21308,4673,6503,620,2
21309,4673,6503,624,1
21310,4673,6503,654,1
21311,4672,6502,5,4
21312,4672,6502,15,3.5
21313,4672,6502,17,3
21314,4672,6502,22,3
21315,4672,6502,29,5
21316,4672,6502,41,3.5
21317,4672,6502,60,4.5
21318,4672,6502,72,3.5
21319,4672,6502,73,3
21320,4672,6502,78,5
21321,4672,6502,103,4
21322,4672,6502,105,3.5
21323,4672,6502,107,1.5
21324,4672,6502,111,4
21325,4672,6502,134,4.5
21326,4672,6502,148,4.5
21327,4672,6502,150,4
21328,4672,6502,157,4.5
21329,4672,6502,164,3.5
21330,4672,6502,165,3.5
21331,4672,6502,187,3
21332,4672,6502,199,3
21333,4672,6502,243,3
21334,4672,6502,262,3.5
21335,4672,6502,268,4
21336,4672,6502,292,4.5
21337,4672,6502,327,5
21338,4672,6502,353,3.5
21339,4672,6502,355,3.5
21340,4672,6502,380,3.5
21341,4672,6502,384,2
21342,4672,6502,407,4.5
21343,4672,6502,423,3
21344,4672,6502,427,4.5
21345,4672,6502,430,4.5
21346,4672,6502,452,3.5
21347,4672,6502,461,4
21348,4672,6502,475,4
21349,4672,6502,480,4.5
21350,4672,6502,486,3
21351,4672,6502,509,3
21352,4672,6502,524,4.5
21353,4672,6502,527,5
21354,4672,6502,544,4
21355,4672,6502,561,4
21356,4672,6502,571,3.5
21357,4672,6502,580,4
21358,4672,6502,596,4
21359,4672,6502,601,4
21360,4672,6502,615,5
21361,4672,6502,628,3.5
21362,4672,6502,654,4
21363,4671,6498,311,2
21364,4670,6493,187,2
21365,4670,6493,294,4.5
21366,4669,6484,311,3.5
21367,4668,6482,91,2
21368,4668,6482,165,0.5
21369,4668,6482,212,0.5
21370,4668,6482,384,2
21371,4667,6480,111,4.5
21372,4667,6480,294,4
21373,4667,6480,311,3.5
21374,4667,6480,547,2.5
21375,4666,6477,311,3.5
21376,4666,6477,393,3
21377,4666,6477,547,3.5
21378,4665,6476,461,3
21379,4665,6476,624,3
21380,4664,6474,245,2
21381,4663,6473,30,4
21382,4663,6473,311,3.5
21383,4662,6470,311,3
21384,4661,6468,311,2.5
21385,4660,6467,529,4
21386,4659,6466,311,3
21387,4659,6466,393,4
21388,4659,6466,452,3.5
21389,4659,6466,547,2.5
21390,4658,6465,299,4.5
21391,4657,6464,15,2.5
21392,4657,6464,165,2
21393,4656,6461,405,4.5
21394,4656,6461,430,5
21395,4656,6461,452,4
21396,4656,6461,472,5
21397,4656,6461,598,3.5
21398,4655,6460,232,4
21399,4655,6460,468,4
21400,4654,6458,311,3
21401,4653,6454,294,3.5
21402,4653,6454,452,3.5
21403,4652,6452,30,5
21404,4652,6452,311,3.5
21405,4652,6452,452,3.5
21406,4652,6452,529,3.5
21407,4652,6452,547,4
21408,4651,6450,263,3.5
21409,4651,6450,311,4.5
21410,4651,6450,452,0.5
21411,4650,6449,452,4
21412,4649,6448,311,3
21413,4649,6448,405,3.5
21414,4649,6448,452,3.5
21415,4648,6447,405,4.5
21416,4647,6446,311,3.5
21417,4646,6442,15,3.5
21418,4645,6440,15,3.5
21419,4645,6440,23,3.5
21420,4645,6440,30,4
21421,4645,6440,73,4
21422,4645,6440,81,4.5
21423,4645,6440,130,3.5
21424,4645,6440,148,4
21425,4645,6440,299,4
21426,4645,6440,388,5
21427,4645,6440,407,4.5
21428,4645,6440,428,4.5
21429,4645,6440,430,5
21430,4645,6440,452,4
21431,4645,6440,457,3.5
21432,4645,6440,468,4
21433,4645,6440,472,4.5
21434,4645,6440,505,3
21435,4645,6440,509,5
21436,4645,6440,547,2
21437,4645,6440,574,3.5
21438,4645,6440,580,4
21439,4645,6440,587,4
21440,4645,6440,648,3
21441,4644,6436,30,5
21442,4644,6436,187,4.5
21443,4644,6436,311,1.5
21444,4644,6436,393,4
21445,4644,6436,452,3.5
21446,4644,6436,547,3
21447,4643,6433,15,3
21448,4643,6433,468,4.5
21449,4643,6433,519,4
21450,4642,6432,311,3.5
21451,4641,6431,311,3
21452,4640,6429,311,3.5
21453,4639,6428,263,3.5
21454,4639,6428,311,3
21455,4639,6428,393,3
21456,4639,6428,452,1
21457,4639,6428,624,3
21458,4638,6427,624,4
21459,4637,6426,405,4
21460,4636,6425,668,1
21461,4635,6424,311,1.5
21462,4635,6424,624,1
21463,4634,6423,294,3.5
21464,4634,6423,311,4
21465,4633,6422,30,4
21466,4633,6422,311,3
21467,4633,6422,547,3
21468,4632,6419,30,5
21469,4632,6419,547,4
21470,4631,6416,529,3.5
21471,4630,6415,23,1.5
21472,4629,6414,294,3.5
21473,4628,6413,30,3.5
21474,4628,6413,311,3
21475,4628,6413,452,4
21476,4628,6413,505,5
21477,4628,6413,547,2
21478,4627,6412,240,4.5
21479,4627,6412,311,3
21480,4626,6410,547,3
21481,4626,6410,624,3
21482,4625,6408,468,3
21483,4624,6405,405,4
21484,4624,6405,577,5
21485,4623,6404,23,3.5
21486,4622,6400,468,3.5
21487,4622,6400,547,3
21488,4621,6395,262,3
21489,4621,6395,423,2.5
21490,4621,6395,468,2.5
21491,4620,6390,294,4
21492,4620,6390,311,3.5
21493,4619,6387,294,4
21494,4618,6386,311,3.5
21495,4617,6385,15,1.5
21496,4617,6385,17,4
21497,4617,6385,20,4.5
21498,4617,6385,41,4.5
21499,4617,6385,240,4.5
21500,4617,6385,283,3.5
21501,4617,6385,294,4
21502,4617,6385,309,3
21503,4617,6385,345,4.5
21504,4617,6385,359,4.5
21505,4617,6385,382,3
21506,4617,6385,405,4.5
21507,4617,6385,427,3.5
21508,4617,6385,452,3.5
21509,4617,6385,468,3.5
21510,4617,6385,481,4
21511,4617,6385,529,4
21512,4617,6385,547,4
21513,4617,6385,587,3.5
21514,4617,6385,599,2
21515,4617,6385,654,5
21516,4617,6385,671,2.5
21517,4616,6384,388,3.5
21518,4615,6383,17,0.5
21519,4615,6383,73,3
21520,4615,6383,134,3
21521,4615,6383,150,2.5
21522,4615,6383,166,2
21523,4615,6383,212,3
21524,4615,6383,262,0.5
21525,4615,6383,268,2
21526,4615,6383,353,3
21527,4615,6383,468,1
21528,4615,6383,475,2
21529,4615,6383,557,0.5
21530,4614,6380,15,3
21531,4614,6380,393,5
21532,4614,6380,407,4.5
21533,4614,6380,427,5
21534,4614,6380,452,3.5
21535,4614,6380,468,4
21536,4614,6380,480,4
21537,4614,6380,509,4
21538,4614,6380,529,4
21539,4614,6380,547,4
21540,4614,6380,587,3.5
21541,4613,6379,73,2.5
21542,4613,6379,134,4
21543,4613,6379,384,2
21544,4613,6379,471,2.5
21545,4612,6378,8,3
21546,4612,6378,15,3
21547,4612,6378,17,2
21548,4612,6378,54,4.5
21549,4612,6378,73,3
21550,4612,6378,84,3
21551,4612,6378,94,1
21552,4612,6378,105,2
21553,4612,6378,111,4
21554,4612,6378,130,3.5
21555,4612,6378,150,4.5
21556,4612,6378,157,4
21557,4612,6378,165,1.5
21558,4612,6378,169,5
21559,4612,6378,176,3.5
21560,4612,6378,199,3.5
21561,4612,6378,200,4
21562,4612,6378,212,3.5
21563,4612,6378,213,4
21564,4612,6378,240,4
21565,4612,6378,275,4
21566,4612,6378,282,3.5
21567,4612,6378,292,4
21568,4612,6378,294,4.5
21569,4612,6378,295,4
21570,4612,6378,311,4.5
21571,4612,6378,313,4
21572,4612,6378,316,3
21573,4612,6378,339,4.5
21574,4612,6378,353,3
21575,4612,6378,365,4
21576,4612,6378,380,3.5
21577,4612,6378,384,2.5
21578,4612,6378,388,3.5
21579,4612,6378,405,5
21580,4612,6378,427,4
21581,4612,6378,452,3.5
21582,4612,6378,468,2
21583,4612,6378,473,3
21584,4612,6378,475,3
21585,4612,6378,509,2.5
21586,4612,6378,528,4
21587,4612,6378,547,3.5
21588,4612,6378,553,4
21589,4612,6378,570,4.5
21590,4612,6378,572,4
21591,4612,6378,574,3.5
21592,4612,6378,582,4
21593,4612,6378,596,3.5
21594,4612,6378,607,4.5
21595,4612,6378,615,3
21596,4612,6378,624,3
21597,4612,6378,654,4
21598,4612,6378,655,3
21599,4612,6378,664,3.5
21600,4611,6377,3,3
21601,4611,6377,5,4
21602,4611,6377,8,4
21603,4611,6377,13,4.5
21604,4611,6377,15,1
21605,4611,6377,23,3.5
21606,4611,6377,48,4
21607,4611,6377,56,4
21608,4611,6377,61,3
21609,4611,6377,68,3
21610,4611,6377,69,5
21611,4611,6377,72,3
21612,4611,6377,73,4
21613,4611,6377,77,0.5
21614,4611,6377,78,3
21615,4611,6377,84,3
21616,4611,6377,88,4
21617,4611,6377,93,3.5
21618,4611,6377,94,4
21619,4611,6377,105,3
21620,4611,6377,106,4.5
21621,4611,6377,107,4
21622,4611,6377,111,3.5
21623,4611,6377,124,4.5
21624,4611,6377,125,5
21625,4611,6377,130,3
21626,4611,6377,134,3
21627,4611,6377,136,4.5
21628,4611,6377,138,1
21629,4611,6377,146,4.5
21630,4611,6377,157,3.5
21631,4611,6377,164,3.5
21632,4611,6377,169,4.5
21633,4611,6377,179,4
21634,4611,6377,187,4
21635,4611,6377,200,4.5
21636,4611,6377,201,5
21637,4611,6377,212,3.5
21638,4611,6377,213,2.5
21639,4611,6377,216,5
21640,4611,6377,234,3
21641,4611,6377,240,4
21642,4611,6377,243,4
21643,4611,6377,251,4.5
21644,4611,6377,268,4.5
21645,4611,6377,270,4
21646,4611,6377,273,4
21647,4611,6377,283,4
21648,4611,6377,287,4
21649,4611,6377,292,4.5
21650,4611,6377,294,4
21651,4611,6377,295,5
21652,4611,6377,309,5
21653,4611,6377,313,4.5
21654,4611,6377,316,3
21655,4611,6377,324,3.5
21656,4611,6377,328,3.5
21657,4611,6377,332,1.5
21658,4611,6377,333,4
21659,4611,6377,345,4.5
21660,4611,6377,352,4
21661,4611,6377,353,3
21662,4611,6377,355,4
21663,4611,6377,362,4.5
21664,4611,6377,366,4
21665,4611,6377,378,0.5
21666,4611,6377,379,4
21667,4611,6377,380,2.5
21668,4611,6377,382,4.5
21669,4611,6377,384,3
21670,4611,6377,397,4
21671,4611,6377,402,3.5
21672,4611,6377,417,4
21673,4611,6377,418,5
21674,4611,6377,425,5
21675,4611,6377,426,3.5
21676,4611,6377,427,4
21677,4611,6377,428,4
21678,4611,6377,430,4
21679,4611,6377,431,4
21680,4611,6377,433,4
21681,4611,6377,442,4.5
21682,4611,6377,450,3
21683,4611,6377,452,4
21684,4611,6377,456,3.5
21685,4611,6377,461,4.5
21686,4611,6377,468,3.5
21687,4611,6377,471,3.5
21688,4611,6377,472,4
21689,4611,6377,475,3
21690,4611,6377,479,4
21691,4611,6377,480,4.5
21692,4611,6377,481,5
21693,4611,6377,500,3
21694,4611,6377,501,4
21695,4611,6377,505,4
21696,4611,6377,509,3.5
21697,4611,6377,520,3.5
21698,4611,6377,522,3
21699,4611,6377,523,4
21700,4611,6377,527,2.5
21701,4611,6377,529,4
21702,4611,6377,531,4
21703,4611,6377,532,4.5
21704,4611,6377,542,5
21705,4611,6377,553,4.5
21706,4611,6377,562,4
21707,4611,6377,574,4
21708,4611,6377,577,5
21709,4611,6377,578,4
21710,4611,6377,580,4
21711,4611,6377,584,5
21712,4611,6377,596,3.5
21713,4611,6377,598,4.5
21714,4611,6377,600,4
21715,4611,6377,607,4.5
21716,4611,6377,615,4.5
21717,4611,6377,620,1
21718,4611,6377,623,4
21719,4611,6377,624,3.5
21720,4611,6377,648,4.5
21721,4611,6377,654,5
21722,4610,6375,111,4.5
21723,4610,6375,624,5
21724,4609,6373,5,4
21725,4609,6373,15,2
21726,4609,6373,22,2
21727,4609,6373,48,4
21728,4609,6373,56,2
21729,4609,6373,61,3.5
21730,4609,6373,68,3
21731,4609,6373,73,2.5
21732,4609,6373,83,3.5
21733,4609,6373,84,3.5
21734,4609,6373,88,2.5
21735,4609,6373,94,2.5
21736,4609,6373,120,5
21737,4609,6373,125,4
21738,4609,6373,150,3.5
21739,4609,6373,157,2.5
21740,4609,6373,164,3.5
21741,4609,6373,200,4
21742,4609,6373,213,1
21743,4609,6373,255,3
21744,4609,6373,262,1.5
21745,4609,6373,270,2.5
21746,4609,6373,294,4
21747,4609,6373,313,4
21748,4609,6373,316,3.5
21749,4609,6373,327,2.5
21750,4609,6373,371,3.5
21751,4609,6373,380,3
21752,4609,6373,388,2.5
21753,4609,6373,423,2
21754,4609,6373,441,3
21755,4609,6373,457,2
21756,4609,6373,468,2
21757,4609,6373,473,5
21758,4609,6373,478,4.5
21759,4609,6373,480,3
21760,4609,6373,481,3
21761,4609,6373,505,3
21762,4609,6373,522,4
21763,4609,6373,526,4
21764,4609,6373,547,2
21765,4609,6373,561,3.5
21766,4609,6373,574,3
21767,4609,6373,577,4.5
21768,4609,6373,596,2
21769,4609,6373,598,2
21770,4609,6373,599,3.5
21771,4609,6373,624,3
21772,4609,6373,627,3.5
21773,4609,6373,654,4
21774,4608,6370,52,4.5
21775,4608,6370,283,3.5
21776,4608,6370,382,3
21777,4608,6370,481,4.5
21778,4608,6370,587,3.5
21779,4608,6370,596,4
21780,4607,6369,652,5
21781,4606,6368,472,4.5
21782,4605,6367,262,0.5
21783,4605,6367,294,4
21784,4605,6367,378,3
21785,4605,6367,382,1
21786,4605,6367,384,4
21787,4605,6367,393,4.5
21788,4605,6367,509,2.5
21789,4605,6367,547,2.5
21790,4605,6367,652,4
21791,4604,6365,15,1
21792,4604,6365,17,2
21793,4604,6365,22,2.5
21794,4604,6365,23,4.5
21795,4604,6365,29,2.5
21796,4604,6365,38,3
21797,4604,6365,41,4
21798,4604,6365,48,3.5
21799,4604,6365,73,2
21800,4604,6365,77,3
21801,4604,6365,78,5
21802,4604,6365,84,3.5
21803,4604,6365,89,5
21804,4604,6365,94,2.5
21805,4604,6365,104,3.5
21806,4604,6365,105,3
21807,4604,6365,130,3.5
21808,4604,6365,134,4
21809,4604,6365,148,4.5
21810,4604,6365,150,4.5
21811,4604,6365,152,4.5
21812,4604,6365,157,3
21813,4604,6365,165,2
21814,4604,6365,176,3.5
21815,4604,6365,186,4.5
21816,4604,6365,187,0.5
21817,4604,6365,199,4
21818,4604,6365,200,2
21819,4604,6365,210,4.5
21820,4604,6365,212,3
21821,4604,6365,213,2.5
21822,4604,6365,228,1
21823,4604,6365,234,2.5
21824,4604,6365,261,4
21825,4604,6365,268,3.5
21826,4604,6365,273,4.5
21827,4604,6365,277,5
21828,4604,6365,292,3.5
21829,4604,6365,294,4
21830,4604,6365,316,3.5
21831,4604,6365,339,3.5
21832,4604,6365,353,2
21833,4604,6365,355,3
21834,4604,6365,362,2.5
21835,4604,6365,380,4
21836,4604,6365,384,4
21837,4604,6365,388,4
21838,4604,6365,394,4.5
21839,4604,6365,402,2.5
21840,4604,6365,407,3.5
21841,4604,6365,417,3.5
21842,4604,6365,418,3.5
21843,4604,6365,426,4.5
21844,4604,6365,430,4
21845,4604,6365,456,4.5
21846,4604,6365,461,2
21847,4604,6365,472,1.5
21848,4604,6365,475,2
21849,4604,6365,480,3
21850,4604,6365,481,3.5
21851,4604,6365,483,0.5
21852,4604,6365,509,4
21853,4604,6365,520,3.5
21854,4604,6365,523,4
21855,4604,6365,544,3.5
21856,4604,6365,553,4
21857,4604,6365,561,3
21858,4604,6365,562,4
21859,4604,6365,570,2.5
21860,4604,6365,574,2.5
21861,4604,6365,580,3
21862,4604,6365,584,3
21863,4604,6365,596,2.5
21864,4604,6365,598,3.5
21865,4604,6365,607,4
21866,4604,6365,615,3.5
21867,4604,6365,620,3
21868,4604,6365,624,1.5
21869,4604,6365,627,2.5
21870,4604,6365,654,4
21871,4604,6365,664,4
21872,4604,6365,671,4
21873,4603,6358,294,4
21874,4603,6358,328,4
21875,4603,6358,547,3.5
21876,4602,6357,294,3.5
21877,4602,6357,311,3.5
21878,4602,6357,547,2.5
21879,4601,6356,311,3.5
21880,4600,6355,294,4.5
21881,4600,6355,311,3
21882,4599,6350,48,4
21883,4599,6350,60,5
21884,4599,6350,61,5
21885,4599,6350,77,4
21886,4599,6350,159,4
21887,4599,6350,176,4
21888,4599,6350,199,2.5
21889,4599,6350,213,3.5
21890,4599,6350,243,4
21891,4599,6350,257,4
21892,4599,6350,297,3.5
21893,4599,6350,345,5
21894,4599,6350,346,4
21895,4599,6350,352,4
21896,4599,6350,364,4.5
21897,4599,6350,402,3.5
21898,4599,6350,406,3.5
21899,4599,6350,443,5
21900,4599,6350,456,4
21901,4599,6350,563,4
21902,4599,6350,577,5
21903,4599,6350,580,3.5
21904,4598,6349,624,2
21905,4597,6348,624,2
21906,4596,6345,30,4
21907,4596,6345,294,3.5
21908,4596,6345,384,1.5
21909,4596,6345,547,3
21910,4596,6345,582,4
21911,4595,6344,105,3.5
21912,4594,6342,652,5
21913,4593,6341,547,3
21914,4593,6341,652,4
21915,4592,6339,509,4.5
21916,4592,6339,587,3.5
21917,4591,6338,73,3
21918,4591,6338,457,1.5
21919,4590,6337,388,3.5
21920,4590,6337,452,4
21921,4590,6337,509,4
21922,4589,6335,452,1.5
21923,4588,6333,15,3
21924,4588,6333,22,4.5
21925,4588,6333,23,3.5
21926,4588,6333,26,0.5
21927,4588,6333,41,4
21928,4588,6333,63,5
21929,4588,6333,72,2.5
21930,4588,6333,73,3.5
21931,4588,6333,77,4
21932,4588,6333,103,4
21933,4588,6333,130,4
21934,4588,6333,134,5
21935,4588,6333,138,0.5
21936,4588,6333,148,3.5
21937,4588,6333,150,3
21938,4588,6333,152,4
21939,4588,6333,157,3
21940,4588,6333,165,3.5
21941,4588,6333,166,4
21942,4588,6333,169,5
21943,4588,6333,187,3
21944,4588,6333,199,3
21945,4588,6333,201,4
21946,4588,6333,205,3
21947,4588,6333,212,3.5
21948,4588,6333,213,4
21949,4588,6333,217,4.5
21950,4588,6333,240,3.5
21951,4588,6333,243,4
21952,4588,6333,250,4
21953,4588,6333,253,4
21954,4588,6333,268,5
21955,4588,6333,271,4.5
21956,4588,6333,272,4
21957,4588,6333,273,4.5
21958,4588,6333,291,3.5
21959,4588,6333,292,4
21960,4588,6333,294,4.5
21961,4588,6333,295,4.5
21962,4588,6333,324,3.5
21963,4588,6333,332,1.5
21964,4588,6333,346,4.5
21965,4588,6333,353,3
21966,4588,6333,355,4
21967,4588,6333,365,5
21968,4588,6333,380,4
21969,4588,6333,384,4
21970,4588,6333,388,4
21971,4588,6333,393,2.5
21972,4588,6333,426,4
21973,4588,6333,428,3
21974,4588,6333,430,4
21975,4588,6333,431,5
21976,4588,6333,446,4.5
21977,4588,6333,457,1
21978,4588,6333,461,3.5
21979,4588,6333,468,3
21980,4588,6333,475,3
21981,4588,6333,481,1
21982,4588,6333,483,0.5
21983,4588,6333,509,3.5
21984,4588,6333,520,3
21985,4588,6333,526,4
21986,4588,6333,553,4
21987,4588,6333,561,3.5
21988,4588,6333,562,4.5
21989,4588,6333,570,2.5
21990,4588,6333,574,3
21991,4588,6333,577,4.5
21992,4588,6333,580,4.5
21993,4588,6333,598,4
21994,4588,6333,607,4.5
21995,4588,6333,612,3
21996,4588,6333,613,4
21997,4588,6333,615,3.5
21998,4588,6333,623,3.5
21999,4588,6333,624,4
22000,4588,6333,645,4.5
22001,4588,6333,652,3.5
22002,4588,6333,654,4.5
22003,4588,6333,664,3.5
22004,4587,6332,599,5
22005,4586,6331,15,3
22006,4586,6331,164,4.5
22007,4586,6331,236,3.5
22008,4586,6331,345,3.5
22009,4586,6331,382,3
22010,4586,6331,407,4.5
22011,4586,6331,419,4.5
22012,4586,6331,427,5
22013,4586,6331,468,3.5
22014,4586,6331,472,4.5
22015,4586,6331,509,4
22016,4586,6331,529,4
22017,4586,6331,547,4
22018,4586,6331,596,3.5
22019,4586,6331,599,3.5
22020,4586,6331,624,3.5
22021,4585,6329,427,2
22022,4584,6327,15,4
22023,4584,6327,529,4.5
22024,4584,6327,547,3.5
22025,4583,6323,17,2
22026,4583,6323,23,3.5
22027,4583,6323,73,4.5
22028,4583,6323,75,3.5
22029,4583,6323,124,3
22030,4583,6323,134,5
22031,4583,6323,150,3
22032,4583,6323,165,4
22033,4583,6323,175,4
22034,4583,6323,187,4
22035,4583,6323,295,5
22036,4583,6323,313,4
22037,4583,6323,353,3
22038,4583,6323,355,2
22039,4583,6323,380,4
22040,4583,6323,452,3
22041,4583,6323,461,2
22042,4583,6323,480,4.5
22043,4583,6323,501,4
22044,4583,6323,547,3
22045,4583,6323,596,4
22046,4583,6323,654,3.5
22047,4583,6323,664,4.5
22048,4582,6322,17,2
22049,4582,6322,150,3
22050,4582,6322,307,3.5
22051,4581,6318,30,3
22052,4581,6318,311,2
22053,4580,6316,41,4.5
22054,4580,6316,77,3
22055,4580,6316,128,1
22056,4580,6316,294,3.5
22057,4580,6316,582,4
22058,4579,6315,311,1.5
22059,4579,6315,624,2
22060,4578,6314,311,2.5
22061,4578,6314,624,2
22062,4577,6308,30,4
22063,4577,6308,311,2.5
22064,4577,6308,463,3
22065,4577,6308,547,1.5
22066,4576,6306,509,4
22067,4575,6305,77,3
22068,4575,6305,452,3.5
22069,4574,6303,15,2.5
22070,4574,6303,41,4
22071,4574,6303,73,3.5
22072,4574,6303,77,3.5
22073,4574,6303,148,3
22074,4574,6303,311,3
22075,4574,6303,430,3.5
22076,4574,6303,463,4
22077,4574,6303,468,3
22078,4573,6302,624,1
22079,4572,6301,81,2.5
22080,4572,6301,262,3.5
22081,4572,6301,529,3
22082,4571,6300,152,2
22083,4570,6299,15,2.5
22084,4570,6299,111,4
22085,4570,6299,427,3.5
22086,4570,6299,452,5
22087,4570,6299,460,2.5
22088,4570,6299,529,4.5
22089,4569,6298,73,0.5
22090,4568,6297,68,3.5
22091,4568,6297,212,3.5
22092,4568,6297,213,2.5
22093,4568,6297,292,3.5
22094,4568,6297,427,3
22095,4568,6297,468,2
22096,4568,6297,582,3.5
22097,4568,6297,654,4
22098,4567,6296,15,1.5
22099,4567,6296,130,4
22100,4567,6296,198,3
22101,4567,6296,240,4
22102,4567,6296,283,3
22103,4567,6296,294,4.5
22104,4567,6296,382,2
22105,4567,6296,388,3.5
22106,4567,6296,392,3.5
22107,4567,6296,407,5
22108,4567,6296,427,3
22109,4567,6296,452,3
22110,4567,6296,460,4
22111,4567,6296,468,3
22112,4567,6296,509,3.5
22113,4567,6296,529,3
22114,4567,6296,547,4
22115,4567,6296,587,4
22116,4567,6296,598,4.5
22117,4567,6296,624,4
22118,4567,6296,654,4
22119,4566,6295,652,4
22120,4565,6294,17,0.5
22121,4565,6294,150,3
22122,4565,6294,294,4
22123,4565,6294,652,4
22124,4564,6291,48,3
22125,4564,6291,105,3
22126,4564,6291,262,2.5
22127,4564,6291,299,4.5
22128,4564,6291,648,3.5
22129,4563,6290,262,2
22130,4563,6290,299,4.5
22131,4563,6290,384,2.5
22132,4563,6290,522,2
22133,4562,6287,15,0.5
22134,4562,6287,17,1
22135,4562,6287,73,2.5
22136,4562,6287,84,3.5
22137,4562,6287,150,4
22138,4562,6287,166,3
22139,4562,6287,176,1.5
22140,4562,6287,213,1
22141,4562,6287,262,0.5
22142,4562,6287,313,3
22143,4562,6287,324,1.5
22144,4562,6287,353,2
22145,4562,6287,380,3
22146,4562,6287,388,2
22147,4562,6287,423,2
22148,4562,6287,433,2.5
22149,4562,6287,452,1.5
22150,4562,6287,457,2
22151,4562,6287,481,2.5
22152,4562,6287,557,3
22153,4562,6287,571,3
22154,4562,6287,645,5
22155,4562,6287,654,3.5
22156,4561,6286,22,4.5
22157,4561,6286,236,4
22158,4561,6286,243,4
22159,4561,6286,471,4
22160,4560,6284,165,0.5
22161,4559,6283,15,1
22162,4559,6283,48,3.5
22163,4559,6283,157,4
22164,4559,6283,176,3
22165,4559,6283,199,4
22166,4559,6283,213,3.5
22167,4559,6283,270,4.5
22168,4559,6283,298,5
22169,4559,6283,352,4
22170,4559,6283,353,2.5
22171,4559,6283,397,4
22172,4559,6283,402,4
22173,4559,6283,481,5
22174,4559,6283,563,4
22175,4559,6283,580,3.5
22176,4559,6283,601,3.5
22177,4558,6281,15,1
22178,4558,6281,17,3.5
22179,4558,6281,23,4
22180,4558,6281,30,4
22181,4558,6281,73,3
22182,4558,6281,77,3
22183,4558,6281,199,4
22184,4558,6281,200,4.5
22185,4558,6281,212,3
22186,4558,6281,213,3.5
22187,4558,6281,311,4
22188,4558,6281,313,4
22189,4558,6281,380,2.5
22190,4558,6281,388,3.5
22191,4558,6281,431,4
22192,4558,6281,452,3
22193,4558,6281,457,2
22194,4558,6281,468,2.5
22195,4558,6281,471,3
22196,4558,6281,480,5
22197,4558,6281,528,2
22198,4558,6281,544,4.5
22199,4558,6281,547,3.5
22200,4558,6281,572,3.5
22201,4558,6281,596,3.5
22202,4558,6281,624,3
22203,4558,6281,654,4.5
22204,4558,6281,664,4
22205,4557,6279,509,4
22206,4556,6276,311,3
22207,4555,6273,96,5
22208,4555,6273,236,5
22209,4555,6273,547,4.5
22210,4554,6271,15,4
22211,4554,6271,529,4
22212,4554,6271,547,4.5
22213,4553,6269,148,5
22214,4553,6269,427,5
22215,4553,6269,452,3.5
22216,4553,6269,509,5
22217,4553,6269,529,3.5
22218,4553,6269,547,3
22219,4553,6269,671,4
22220,4552,6268,407,3.5
22221,4552,6268,671,2.5
22222,4551,6266,294,4
22223,4551,6266,599,5
22224,4550,6265,150,3
22225,4549,6264,41,3.5
22226,4549,6264,150,2.5
22227,4549,6264,213,1.5
22228,4548,6263,30,3
22229,4548,6263,380,2
22230,4548,6263,384,2.5
22231,4548,6263,645,4
22232,4548,6263,664,3
22233,4547,6261,405,4
22234,4546,6260,294,3.5
22235,4546,6260,311,3
22236,4545,6257,262,1.5
22237,4544,6256,262,3.5
22238,4543,6254,96,5
22239,4543,6254,294,4
22240,4543,6254,468,3.5
22241,4543,6254,529,4.5
22242,4543,6254,547,3.5
22243,4542,6252,255,1.5
22244,4542,6252,294,4
22245,4542,6252,547,0.5
22246,4542,6252,645,1.5
22247,4541,6250,150,3
22248,4541,6250,355,2.5
22249,4541,6250,461,1.5
22250,4540,6249,384,2.5
22251,4540,6249,520,0.5
22252,4540,6249,624,2
22253,4540,6249,645,3
22254,4539,6247,529,4
22255,4539,6247,547,4
22256,4538,6245,294,3
22257,4538,6245,311,3.5
22258,4537,6244,427,5
22259,4537,6244,587,3.5
22260,4536,6243,243,3
22261,4535,6242,17,4
22262,4535,6242,48,3
22263,4535,6242,103,4.5
22264,4535,6242,165,2
22265,4535,6242,187,2.5
22266,4535,6242,213,2.5
22267,4535,6242,243,4
22268,4535,6242,274,3.5
22269,4535,6242,346,0.5
22270,4535,6242,355,4
22271,4535,6242,386,4
22272,4535,6242,430,5
22273,4535,6242,471,4
22274,4534,6240,30,3
22275,4534,6240,311,3
22276,4533,6239,311,3
22277,4533,6239,328,3
22278,4532,6238,30,4
22279,4532,6238,105,3
22280,4532,6238,311,3
22281,4532,6238,460,2
22282,4532,6238,547,2
22283,4532,6238,665,3
22284,4531,6237,30,4
22285,4531,6237,311,3.5
22286,4531,6237,328,3.5
22287,4530,6235,23,4
22288,4530,6235,134,4.5
22289,4530,6235,311,3.5
22290,4530,6235,359,4
22291,4530,6235,427,5
22292,4530,6235,529,3
22293,4529,6234,30,3
22294,4528,6233,30,3
22295,4528,6233,311,2.5
22296,4527,6232,311,3
22297,4527,6232,405,4.5
22298,4527,6232,547,4
22299,4526,6231,311,3.5
22300,4526,6231,328,3.5
22301,4525,6230,547,3.5
22302,4525,6230,587,3.5
22303,4523,6228,505,3
22304,4523,6228,529,3.5
22305,4522,6227,311,2.5
22306,4521,6225,311,3
22307,4520,6223,48,3.5
22308,4520,6223,73,4
22309,4520,6223,388,1
22310,4519,6219,405,5
22311,4519,6219,441,0.5
22312,4518,6218,5,3.5
22313,4518,6218,15,0.5
22314,4518,6218,23,4
22315,4518,6218,52,4
22316,4518,6218,61,2.5
22317,4518,6218,68,3.5
22318,4518,6218,73,2.5
22319,4518,6218,105,3.5
22320,4518,6218,130,4
22321,4518,6218,133,0.5
22322,4518,6218,140,1.5
22323,4518,6218,157,1.5
22324,4518,6218,164,4
22325,4518,6218,165,2.5
22326,4518,6218,212,3.5
22327,4518,6218,238,4
22328,4518,6218,240,4.5
22329,4518,6218,262,2.5
22330,4518,6218,283,3.5
22331,4518,6218,292,4.5
22332,4518,6218,294,4.5
22333,4518,6218,295,3.5
22334,4518,6218,303,4
22335,4518,6218,316,3.5
22336,4518,6218,382,3
22337,4518,6218,407,4.5
22338,4518,6218,418,4
22339,4518,6218,419,4
22340,4518,6218,427,5
22341,4518,6218,431,5
22342,4518,6218,452,4
22343,4518,6218,472,4
22344,4518,6218,500,3.5
22345,4518,6218,509,3
22346,4518,6218,531,3.5
22347,4518,6218,544,4
22348,4518,6218,547,4
22349,4518,6218,596,4
22350,4518,6218,598,2
22351,4518,6218,607,3.5
22352,4518,6218,624,2
22353,4517,6216,297,4.5
22354,4517,6216,405,4.5
22355,4517,6216,472,1
22356,4517,6216,529,4
22357,4517,6216,587,4.5
22358,4516,6215,388,4
22359,4516,6215,427,4
22360,4516,6215,547,3.5
22361,4515,6214,17,3
22362,4515,6214,23,3.5
22363,4515,6214,48,3.5
22364,4515,6214,81,3.5
22365,4515,6214,262,5
22366,4515,6214,481,5
22367,4514,6213,73,2.5
22368,4514,6213,313,3
22369,4514,6213,353,2
22370,4514,6213,405,4
22371,4514,6213,417,4
22372,4514,6213,553,4
22373,4514,6213,664,3.5
22374,4513,6212,30,3
22375,4513,6212,73,2
22376,4513,6212,294,3.5
22377,4513,6212,380,3
22378,4513,6212,472,3
22379,4513,6212,624,1.5
22380,4513,6212,671,2.5
22381,4512,6211,132,4.5
22382,4512,6211,405,4
22383,4511,6207,187,4
22384,4510,6204,165,2.5
22385,4509,6203,15,3
22386,4509,6203,345,1
22387,4508,6201,20,4.5
22388,4508,6201,461,2.5
22389,4507,6198,468,3.5
22390,4506,6197,17,4.5
22391,4506,6197,23,2.5
22392,4506,6197,299,2.5
22393,4506,6197,481,4.5
22394,4505,6195,148,4
22395,4504,6188,15,3.5
22396,4504,6188,56,2
22397,4504,6188,73,3.5
22398,4504,6188,105,3.5
22399,4504,6188,120,3
22400,4504,6188,150,4
22401,4504,6188,165,4
22402,4504,6188,187,4.5
22403,4504,6188,199,4
22404,4504,6188,212,2
22405,4504,6188,217,5
22406,4504,6188,240,2.5
22407,4504,6188,262,0.5
22408,4504,6188,297,3.5
22409,4504,6188,315,5
22410,4504,6188,353,3
22411,4504,6188,380,3.5
22412,4504,6188,384,3
22413,4504,6188,402,2
22414,4504,6188,432,3.5
22415,4504,6188,442,4.5
22416,4504,6188,452,3
22417,4504,6188,457,4
22418,4504,6188,472,4.5
22419,4504,6188,486,3.5
22420,4504,6188,547,3.5
22421,4504,6188,562,4
22422,4504,6188,596,3.5
22423,4504,6188,598,4.5
22424,4504,6188,607,4
22425,4504,6188,624,3.5
22426,4504,6188,654,4
22427,4503,6187,187,5
22428,4503,6187,235,5
22429,4503,6187,371,4.5
22430,4503,6187,452,3
22431,4503,6187,596,4.5
22432,4503,6187,664,4
22433,4502,6186,30,2
22434,4501,6185,472,2
22435,4500,6184,12,4
22436,4500,6184,118,3
22437,4500,6184,299,5
22438,4500,6184,558,5
22439,4500,6184,621,3.5
22440,4499,6183,111,4
22441,4499,6183,294,4.5
22442,4499,6183,315,2
22443,4498,6182,294,4
22444,4497,6180,15,1
22445,4497,6180,30,3
22446,4496,6178,405,3.5
22447,4496,6178,452,3
22448,4496,6178,547,4
22449,4495,6170,148,4
22450,4495,6170,293,1.5
22451,4495,6170,294,3.5
22452,4495,6170,452,4
22453,4495,6170,547,4
22454,4494,6166,405,4
22455,4493,6163,287,5
22456,4492,6162,23,2.5
22457,4492,6162,299,1.5
22458,4491,6159,388,1.5
22459,4490,6157,15,0.5
22460,4490,6157,41,4
22461,4490,6157,73,0.5
22462,4490,6157,77,3
22463,4490,6157,165,3
22464,4490,6157,166,2.5
22465,4490,6157,175,3
22466,4490,6157,212,2
22467,4490,6157,213,3.5
22468,4490,6157,243,3
22469,4490,6157,294,3.5
22470,4490,6157,311,3
22471,4490,6157,313,3
22472,4490,6157,315,3
22473,4490,6157,316,3.5
22474,4490,6157,380,3.5
22475,4490,6157,384,2.5
22476,4490,6157,402,4.5
22477,4490,6157,461,1.5
22478,4490,6157,468,1.5
22479,4490,6157,473,2
22480,4490,6157,475,1
22481,4490,6157,561,2.5
22482,4490,6157,574,3
22483,4490,6157,596,0.5
22484,4490,6157,607,2.5
22485,4490,6157,624,1.5
22486,4490,6157,654,2
22487,4489,6156,73,3.5
22488,4489,6156,166,4
22489,4489,6156,213,3
22490,4489,6156,294,4
22491,4489,6156,311,3
22492,4489,6156,313,3.5
22493,4489,6156,315,2
22494,4489,6156,353,1
22495,4489,6156,402,4
22496,4489,6156,468,2
22497,4489,6156,566,5
22498,4489,6156,570,3.5
22499,4489,6156,580,2.5
22500,4489,6156,654,4
22501,4489,6156,664,3
22502,4488,6155,15,0.5
22503,4488,6155,73,3
22504,4488,6155,98,3.5
22505,4488,6155,128,5
22506,4488,6155,187,4.5
22507,4488,6155,213,3
22508,4488,6155,238,2.5
22509,4488,6155,294,4
22510,4488,6155,313,3.5
22511,4488,6155,315,2
22512,4488,6155,382,2.5
22513,4488,6155,402,3.5
22514,4488,6155,457,1.5
22515,4488,6155,481,3
22516,4488,6155,599,5
22517,4487,6154,315,1
22518,4486,6148,468,3
22519,4485,6143,624,2
22520,4484,6140,17,4
22521,4484,6140,262,3
22522,4483,6133,547,4.5
22523,4482,6132,299,3.5
22524,4481,6127,30,4
22525,4481,6127,547,0.5
22526,4480,6126,236,4
22527,4480,6126,529,4
22528,4479,6125,105,4
22529,4479,6125,394,4.5
22530,4479,6125,621,3.5
22531,4478,6124,294,3
22532,4477,6123,81,4.5
22533,4477,6123,468,3.5
22534,4476,6122,442,4.5
22535,4476,6122,519,5
22536,4476,6122,621,4
22537,4475,6121,299,4.5
22538,4474,6116,41,4.5
22539,4473,6115,30,3
22540,4473,6115,547,2.5
22541,4473,6115,587,3
22542,4472,6114,299,3.5
22543,4471,6109,547,0.5
22544,4470,6107,38,5
22545,4469,6105,547,3
22546,4468,6104,105,2.5
22547,4468,6104,199,4.5
22548,4468,6104,346,4
22549,4468,6104,430,2.5
22550,4468,6104,460,4.5
22551,4468,6104,528,3
22552,4468,6104,577,5
22553,4468,6104,621,4.5
22554,4468,6104,624,4
22555,4468,6104,661,5
22556,4467,6103,30,2
22557,4466,6101,30,2
22558,4466,6101,388,4.5
22559,4466,6101,406,5
22560,4466,6101,452,4
22561,4466,6101,547,4.5
22562,4466,6101,587,4
22563,4465,6100,547,2.5
22564,4464,6096,30,3
22565,4463,6095,346,3
22566,4463,6095,580,2.5
22567,4462,6093,77,3.5
22568,4462,6093,153,5
22569,4462,6093,294,3.5
22570,4462,6093,430,4.5
22571,4461,6092,311,2
22572,4460,6091,648,3.5
22573,4459,6084,30,3
22574,4458,6078,405,3.5
22575,4458,6078,463,3
22576,4457,6077,394,4.5
22577,4456,6073,587,4
22578,4455,6064,547,3.5
22579,4454,6063,165,4.5
22580,4454,6063,262,4
22581,4453,6062,407,3.5
22582,4453,6062,427,4
22583,4453,6062,472,5
22584,4453,6062,547,3.5
22585,4453,6062,580,3
22586,4452,6060,294,3.5
22587,4452,6060,315,1
22588,4452,6060,380,2.5
22589,4452,6060,652,4
22590,4451,6059,15,2
22591,4451,6059,17,3.5
22592,4451,6059,150,3
22593,4451,6059,163,0.5
22594,4451,6059,200,3.5
22595,4451,6059,212,3
22596,4451,6059,226,3.5
22597,4451,6059,311,3
22598,4451,6059,441,3
22599,4451,6059,475,2.5
22600,4451,6059,563,3
22601,4451,6059,624,3.5
22602,4451,6059,652,5
22603,4451,6059,664,4
22604,4450,6058,52,1
22605,4450,6058,78,4.5
22606,4450,6058,213,2
22607,4450,6058,255,2
22608,4450,6058,292,3.5
22609,4450,6058,315,3
22610,4450,6058,452,2
22611,4450,6058,461,2
22612,4450,6058,596,2
22613,4449,6057,165,2.5
22614,4449,6057,315,1
22615,4449,6057,472,2
22616,4448,6056,587,4
22617,4447,6051,547,3
22618,4447,6051,648,4
22619,4446,6047,547,3.5
22620,4445,6042,472,4
22621,4444,6040,187,2.5
22622,4444,6040,353,2
22623,4444,6040,432,0.5
22624,4443,6039,621,4
22625,4443,6039,624,3
22626,4442,6037,15,3
22627,4441,6035,587,4.5
22628,4440,6033,652,5
22629,4439,6032,405,4.5
22630,4439,6032,472,4
22631,4438,6031,529,3
22632,4438,6031,547,3.5
22633,4437,6027,30,4
22634,4437,6027,96,3
22635,4437,6027,547,3
22636,4436,6025,15,3
22637,4436,6025,73,4
22638,4435,6022,648,4
22639,4434,6021,299,4
22640,4434,6021,547,5
22641,4433,6016,15,2
22642,4433,6016,16,4
22643,4433,6016,17,5
22644,4433,6016,23,5
22645,4433,6016,26,5
22646,4433,6016,48,4.5
22647,4433,6016,56,5
22648,4433,6016,62,4
22649,4433,6016,73,5
22650,4433,6016,78,5
22651,4433,6016,84,4
22652,4433,6016,88,4
22653,4433,6016,94,3
22654,4433,6016,105,5
22655,4433,6016,107,4.5
22656,4433,6016,132,4
22657,4433,6016,138,3
22658,4433,6016,147,5
22659,4433,6016,157,4
22660,4433,6016,159,3.5
22661,4433,6016,165,3
22662,4433,6016,176,4
22663,4433,6016,203,4
22664,4433,6016,230,5
22665,4433,6016,250,4
22666,4433,6016,255,4.5
22667,4433,6016,262,2
22668,4433,6016,275,5
22669,4433,6016,283,5
22670,4433,6016,297,3.5
22671,4433,6016,307,5
22672,4433,6016,334,5
22673,4433,6016,345,4.5
22674,4433,6016,355,1
22675,4433,6016,388,4
22676,4433,6016,427,5
22677,4433,6016,430,5
22678,4433,6016,432,3
22679,4433,6016,433,5
22680,4433,6016,441,5
22681,4433,6016,450,5
22682,4433,6016,452,4
22683,4433,6016,454,5
22684,4433,6016,457,5
22685,4433,6016,461,3.5
22686,4433,6016,472,4
22687,4433,6016,475,4.5
22688,4433,6016,478,4.5
22689,4433,6016,480,4.5
22690,4433,6016,481,5
22691,4433,6016,488,4.5
22692,4433,6016,501,5
22693,4433,6016,509,4.5
22694,4433,6016,544,4.5
22695,4433,6016,547,4
22696,4433,6016,553,4
22697,4433,6016,574,4.5
22698,4433,6016,580,3
22699,4433,6016,583,4.5
22700,4433,6016,584,4.5
22701,4433,6016,587,4.5
22702,4433,6016,596,5
22703,4433,6016,601,4.5
22704,4433,6016,610,4.5
22705,4433,6016,615,4.5
22706,4433,6016,623,5
22707,4433,6016,624,5
22708,4433,6016,648,4.5
22709,4433,6016,664,4
22710,4432,6014,315,1
22711,4431,6013,315,1
22712,4431,6013,380,2.5
22713,4431,6013,452,1
22714,4431,6013,580,1
22715,4430,6012,315,1
22716,4429,6008,23,3
22717,4429,6008,587,4
22718,4428,6006,175,1
22719,4428,6006,315,1
22720,4427,6005,442,4.5
22721,4427,6005,607,4
22722,4426,6003,15,1.5
22723,4426,6003,56,2
22724,4426,6003,132,5
22725,4426,6003,240,4
22726,4426,6003,315,2
22727,4426,6003,367,4
22728,4426,6003,380,4
22729,4426,6003,384,4.5
22730,4426,6003,441,5
22731,4426,6003,452,3
22732,4426,6003,461,2
22733,4426,6003,472,5
22734,4426,6003,481,4
22735,4426,6003,509,4
22736,4426,6003,547,3.5
22737,4426,6003,596,4.5
22738,4425,6001,23,4.5
22739,4425,6001,30,5
22740,4425,6001,236,4.5
22741,4425,6001,315,2
22742,4425,6001,423,5
22743,4425,6001,452,3
22744,4425,6001,486,3.5
22745,4425,6001,519,4
22746,4425,6001,547,5
22747,4425,6001,587,3.5
22748,4424,6000,262,3
22749,4423,5995,5,4
22750,4423,5995,15,4
22751,4423,5995,23,4.5
22752,4423,5995,31,3.5
22753,4423,5995,48,4
22754,4423,5995,56,4
22755,4423,5995,60,5
22756,4423,5995,68,1.5
22757,4423,5995,72,3.5
22758,4423,5995,88,4.5
22759,4423,5995,107,4.5
22760,4423,5995,138,4
22761,4423,5995,148,5
22762,4423,5995,198,2
22763,4423,5995,199,3.5
22764,4423,5995,212,4
22765,4423,5995,236,4.5
22766,4423,5995,238,3
22767,4423,5995,250,5
22768,4423,5995,262,3
22769,4423,5995,263,3
22770,4423,5995,281,4
22771,4423,5995,283,5
22772,4423,5995,299,5
22773,4423,5995,303,3.5
22774,4423,5995,304,1.5
22775,4423,5995,307,5
22776,4423,5995,313,5
22777,4423,5995,320,4
22778,4423,5995,339,5
22779,4423,5995,371,3.5
22780,4423,5995,378,4
22781,4423,5995,379,4.5
22782,4423,5995,380,4
22783,4423,5995,382,3
22784,4423,5995,388,5
22785,4423,5995,393,4.5
22786,4423,5995,405,5
22787,4423,5995,407,4.5
22788,4423,5995,417,5
22789,4423,5995,426,4.5
22790,4423,5995,431,4.5
22791,4423,5995,432,5
22792,4423,5995,433,4
22793,4423,5995,450,5
22794,4423,5995,452,4
22795,4423,5995,454,5
22796,4423,5995,468,4
22797,4423,5995,472,4
22798,4423,5995,478,5
22799,4423,5995,488,4.5
22800,4423,5995,500,4
22801,4423,5995,505,3.5
22802,4423,5995,509,3.5
22803,4423,5995,529,4
22804,4423,5995,547,4
22805,4423,5995,584,5
22806,4423,5995,587,4.5
22807,4423,5995,596,5
22808,4423,5995,610,4
22809,4423,5995,671,4
22810,4422,5994,212,3.5
22811,4421,5993,472,3
22812,4420,5992,23,5
22813,4420,5992,52,5
22814,4420,5992,78,4
22815,4420,5992,128,4
22816,4420,5992,133,2
22817,4420,5992,212,2
22818,4420,5992,240,4
22819,4420,5992,393,4
22820,4420,5992,407,5
22821,4420,5992,419,4
22822,4420,5992,452,2
22823,4420,5992,468,3
22824,4420,5992,481,4.5
22825,4420,5992,547,4.5
22826,4420,5992,587,4.5
22827,4419,5991,15,1
22828,4419,5991,23,2.5
22829,4419,5991,30,5
22830,4419,5991,73,1.5
22831,4419,5991,88,3
22832,4419,5991,94,4
22833,4419,5991,99,5
22834,4419,5991,111,3.5
22835,4419,5991,128,5
22836,4419,5991,175,3
22837,4419,5991,187,3.5
22838,4419,5991,240,4.5
22839,4419,5991,253,4.5
22840,4419,5991,255,3.5
22841,4419,5991,270,4
22842,4419,5991,292,4.5
22843,4419,5991,293,3.5
22844,4419,5991,294,4.5
22845,4419,5991,303,4
22846,4419,5991,313,3
22847,4419,5991,315,3
22848,4419,5991,331,5
22849,4419,5991,345,3.5
22850,4419,5991,365,5
22851,4419,5991,378,3
22852,4419,5991,380,3
22853,4419,5991,407,5
22854,4419,5991,417,0.5
22855,4419,5991,419,3
22856,4419,5991,427,5
22857,4419,5991,452,3.5
22858,4419,5991,460,4.5
22859,4419,5991,461,2.5
22860,4419,5991,468,2
22861,4419,5991,472,4
22862,4419,5991,475,3
22863,4419,5991,481,3.5
22864,4419,5991,485,4
22865,4419,5991,500,3.5
22866,4419,5991,505,3
22867,4419,5991,509,2.5
22868,4419,5991,529,5
22869,4419,5991,547,3
22870,4419,5991,561,4.5
22871,4419,5991,562,4
22872,4419,5991,582,4.5
22873,4419,5991,620,3
22874,4419,5991,654,4.5
22875,4419,5991,655,4
22876,4419,5991,665,4
22877,4419,5991,671,4.5
22878,4418,5989,8,3.5
22879,4418,5989,13,4
22880,4418,5989,15,2.5
22881,4418,5989,22,3.5
22882,4418,5989,23,5
22883,4418,5989,26,2
22884,4418,5989,30,5
22885,4418,5989,68,4
22886,4418,5989,72,3.5
22887,4418,5989,73,4
22888,4418,5989,78,4.5
22889,4418,5989,84,3.5
22890,4418,5989,93,4
22891,4418,5989,94,4.5
22892,4418,5989,105,3.5
22893,4418,5989,124,2.5
22894,4418,5989,125,5
22895,4418,5989,128,5
22896,4418,5989,139,4
22897,4418,5989,140,4
22898,4418,5989,149,4
22899,4418,5989,152,3
22900,4418,5989,165,3.5
22901,4418,5989,166,4.5
22902,4418,5989,169,4.5
22903,4418,5989,175,4
22904,4418,5989,176,3
22905,4418,5989,187,4
22906,4418,5989,200,4
22907,4418,5989,201,4
22908,4418,5989,212,3.5
22909,4418,5989,234,5
22910,4418,5989,235,4
22911,4418,5989,236,4.5
22912,4418,5989,240,4
22913,4418,5989,250,5
22914,4418,5989,268,3.5
22915,4418,5989,275,4.5
22916,4418,5989,282,5
22917,4418,5989,292,3.5
22918,4418,5989,294,4.5
22919,4418,5989,295,5
22920,4418,5989,303,3.5
22921,4418,5989,309,3.5
22922,4418,5989,311,3.5
22923,4418,5989,313,4.5
22924,4418,5989,324,3.5
22925,4418,5989,333,4.5
22926,4418,5989,340,5
22927,4418,5989,345,3.5
22928,4418,5989,353,3.5
22929,4418,5989,355,4
22930,4418,5989,371,5
22931,4418,5989,378,4.5
22932,4418,5989,379,3.5
22933,4418,5989,380,3.5
22934,4418,5989,382,2
22935,4418,5989,384,2.5
22936,4418,5989,388,4.5
22937,4418,5989,394,3.5
22938,4418,5989,405,4.5
22939,4418,5989,425,2.5
22940,4418,5989,426,4.5
22941,4418,5989,430,4
22942,4418,5989,431,4.5
22943,4418,5989,441,4
22944,4418,5989,450,4.5
22945,4418,5989,452,4
22946,4418,5989,457,3.5
22947,4418,5989,461,3
22948,4418,5989,468,3.5
22949,4418,5989,475,4.5
22950,4418,5989,478,5
22951,4418,5989,480,3
22952,4418,5989,481,4
22953,4418,5989,500,4
22954,4418,5989,501,5
22955,4418,5989,509,3.5
22956,4418,5989,512,5
22957,4418,5989,520,4
22958,4418,5989,522,4.5
22959,4418,5989,523,4
22960,4418,5989,531,2.5
22961,4418,5989,547,4
22962,4418,5989,562,4
22963,4418,5989,584,4
22964,4418,5989,587,4
22965,4418,5989,596,4.5
22966,4418,5989,598,4.5
22967,4418,5989,607,4
22968,4418,5989,610,4
22969,4418,5989,615,4
22970,4418,5989,623,4
22971,4418,5989,624,4
22972,4418,5989,625,5
22973,4418,5989,627,3.5
22974,4418,5989,654,4.5
22975,4418,5989,664,3.5
22976,4418,5989,671,4
22977,4417,5986,529,3.5
22978,4417,5986,547,3
22979,4416,5985,333,3
22980,4414,5981,41,4
22981,4413,5980,262,3.5
22982,4412,5971,23,4.5
22983,4412,5971,48,4
22984,4412,5971,61,5
22985,4412,5971,81,4.5
22986,4412,5971,97,4
22987,4412,5971,132,5
22988,4412,5971,149,3.5
22989,4412,5971,159,3.5
22990,4412,5971,176,4
22991,4412,5971,205,4.5
22992,4412,5971,243,4
22993,4412,5971,251,4
22994,4412,5971,257,4.5
22995,4412,5971,262,2.5
22996,4412,5971,277,5
22997,4412,5971,298,5
22998,4412,5971,352,4.5
22999,4412,5971,397,4.5
23000,4412,5971,402,4
23001,4412,5971,406,4.5
23002,4412,5971,429,2.5
23003,4412,5971,443,5
23004,4412,5971,488,4.5
23005,4412,5971,561,4
23006,4412,5971,577,5
23007,4412,5971,606,4
23008,4411,5970,56,2
23009,4411,5970,128,5
23010,4411,5970,457,2.5
23011,4411,5970,463,4
23012,4411,5970,654,4.5
23013,4410,5969,414,2
23014,4409,5968,15,3
23015,4409,5968,30,4
23016,4408,5966,547,2.5
23017,4407,5965,472,3
23018,4406,5963,452,3.5
23019,4406,5963,547,3.5
23020,4405,5962,30,3
23021,4405,5962,165,0.5
23022,4404,5961,30,4
23023,4404,5961,111,3
23024,4403,5960,30,5
23025,4402,5959,15,3
23026,4402,5959,30,3
23027,4402,5959,60,4.5
23028,4402,5959,73,4
23029,4402,5959,105,4
23030,4402,5959,165,4
23031,4402,5959,315,1
23032,4402,5959,509,3.5
23033,4401,5958,315,2
23034,4400,5957,15,4.5
23035,4400,5957,111,3
23036,4400,5957,128,5
23037,4400,5957,175,3
23038,4400,5957,213,2.5
23039,4400,5957,262,0.5
23040,4400,5957,294,4
23041,4400,5957,311,3
23042,4400,5957,315,1
23043,4400,5957,382,3
23044,4400,5957,384,0.5
23045,4400,5957,452,2
23046,4400,5957,468,2
23047,4400,5957,547,2
23048,4400,5957,624,2.5
23049,4399,5956,15,2.5
23050,4399,5956,23,3.5
23051,4399,5956,30,5
23052,4399,5956,73,3.5
23053,4399,5956,104,4
23054,4399,5956,148,3.5
23055,4399,5956,150,3
23056,4399,5956,200,2.5
23057,4399,5956,212,3
23058,4399,5956,299,5
23059,4399,5956,316,3
23060,4399,5956,371,3
23061,4399,5956,384,4
23062,4399,5956,388,3
23063,4399,5956,407,1
23064,4399,5956,426,4.5
23065,4399,5956,439,5
23066,4399,5956,452,3
23067,4399,5956,457,2.5
23068,4399,5956,468,2.5
23069,4399,5956,475,4
23070,4399,5956,478,4.5
23071,4399,5956,480,5
23072,4399,5956,481,3.5
23073,4399,5956,509,3.5
23074,4399,5956,522,4
23075,4399,5956,524,4.5
23076,4399,5956,544,4.5
23077,4399,5956,561,4
23078,4399,5956,562,4
23079,4399,5956,574,3.5
23080,4399,5956,596,3.5
23081,4399,5956,624,4.5
23082,4399,5956,654,4.5
23083,4399,5956,664,4
23084,4398,5955,73,3.5
23085,4398,5955,165,5
23086,4398,5955,294,4
23087,4398,5955,405,4
23088,4398,5955,427,4
23089,4398,5955,452,3.5
23090,4398,5955,468,2
23091,4398,5955,509,3
23092,4397,5954,15,1
23093,4397,5954,23,3.5
23094,4397,5954,26,3
23095,4397,5954,73,4
23096,4397,5954,105,3.5
23097,4397,5954,128,3
23098,4397,5954,199,3.5
23099,4397,5954,292,3.5
23100,4397,5954,297,5
23101,4397,5954,307,4
23102,4397,5954,315,5
23103,4397,5954,380,3.5
23104,4397,5954,384,4
23105,4397,5954,393,3.5
23106,4397,5954,407,4.5
23107,4397,5954,430,3.5
23108,4397,5954,433,4.5
23109,4397,5954,452,4
23110,4397,5954,501,4
23111,4397,5954,509,3.5
23112,4397,5954,544,4.5
23113,4397,5954,547,2.5
23114,4397,5954,596,3
23115,4397,5954,610,2.5
23116,4397,5954,624,4
23117,4397,5954,628,3
23118,4397,5954,664,3
23119,4396,5952,6,5
23120,4396,5952,8,4
23121,4396,5952,15,5
23122,4396,5952,17,4.5
23123,4396,5952,22,4.5
23124,4396,5952,23,4
23125,4396,5952,26,4
23126,4396,5952,31,4.5
23127,4396,5952,38,4.5
23128,4396,5952,42,4.5
23129,4396,5952,46,5
23130,4396,5952,48,4
23131,4396,5952,56,4
23132,4396,5952,59,5
23133,4396,5952,60,3
23134,4396,5952,61,5
23135,4396,5952,63,5
23136,4396,5952,68,5
23137,4396,5952,69,5
23138,4396,5952,72,3
23139,4396,5952,73,5
23140,4396,5952,75,4.5
23141,4396,5952,78,5
23142,4396,5952,79,3
23143,4396,5952,84,4.5
23144,4396,5952,88,3.5
23145,4396,5952,89,5
23146,4396,5952,91,5
23147,4396,5952,93,5
23148,4396,5952,94,4
23149,4396,5952,97,2.5
23150,4396,5952,99,4
23151,4396,5952,101,5
23152,4396,5952,104,5
23153,4396,5952,105,5
23154,4396,5952,111,4.5
23155,4396,5952,116,5
23156,4396,5952,124,5
23157,4396,5952,125,3.5
23158,4396,5952,128,5
23159,4396,5952,130,4
23160,4396,5952,134,3
23161,4396,5952,136,4.5
23162,4396,5952,138,3
23163,4396,5952,148,4.5
23164,4396,5952,150,4.5
23165,4396,5952,152,4
23166,4396,5952,153,5
23167,4396,5952,157,3.5
23168,4396,5952,159,4.5
23169,4396,5952,164,2.5
23170,4396,5952,166,4.5
23171,4396,5952,169,5
23172,4396,5952,170,3
23173,4396,5952,175,5
23174,4396,5952,176,5
23175,4396,5952,186,4.5
23176,4396,5952,187,1
23177,4396,5952,198,2
23178,4396,5952,199,3
23179,4396,5952,201,5
23180,4396,5952,205,3.5
23181,4396,5952,212,5
23182,4396,5952,213,4
23183,4396,5952,216,5
23184,4396,5952,219,0.5
23185,4396,5952,228,4
23186,4396,5952,234,4
23187,4396,5952,236,3
23188,4396,5952,237,5
23189,4396,5952,240,4
23190,4396,5952,243,4
23191,4396,5952,244,4.5
23192,4396,5952,251,4
23193,4396,5952,253,4.5
23194,4396,5952,255,5
23195,4396,5952,262,3
23196,4396,5952,268,4.5
23197,4396,5952,270,5
23198,4396,5952,271,4.5
23199,4396,5952,273,5
23200,4396,5952,282,5
23201,4396,5952,287,5
23202,4396,5952,292,3.5
23203,4396,5952,293,4
23204,4396,5952,294,4
23205,4396,5952,295,5
23206,4396,5952,309,5
23207,4396,5952,313,4.5
23208,4396,5952,315,3
23209,4396,5952,316,4
23210,4396,5952,324,3
23211,4396,5952,339,4
23212,4396,5952,340,5
23213,4396,5952,345,4.5
23214,4396,5952,346,1
23215,4396,5952,347,4.5
23216,4396,5952,353,3
23217,4396,5952,355,5
23218,4396,5952,370,5
23219,4396,5952,371,2
23220,4396,5952,379,4
23221,4396,5952,380,4
23222,4396,5952,382,4
23223,4396,5952,384,4.5
23224,4396,5952,388,4.5
23225,4396,5952,402,4
23226,4396,5952,405,4.5
23227,4396,5952,407,4
23228,4396,5952,410,5
23229,4396,5952,417,4.5
23230,4396,5952,418,4.5
23231,4396,5952,423,3
23232,4396,5952,424,2
23233,4396,5952,425,4
23234,4396,5952,426,5
23235,4396,5952,428,4
23236,4396,5952,429,2
23237,4396,5952,430,4
23238,4396,5952,431,5
23239,4396,5952,433,4.5
23240,4396,5952,441,4
23241,4396,5952,446,4.5
23242,4396,5952,448,4
23243,4396,5952,450,1
23244,4396,5952,452,1
23245,4396,5952,455,4.5
23246,4396,5952,456,4
23247,4396,5952,457,0.5
23248,4396,5952,458,5
23249,4396,5952,460,4.5
23250,4396,5952,461,4.5
23251,4396,5952,463,4
23252,4396,5952,468,3.5
23253,4396,5952,471,4.5
23254,4396,5952,472,3
23255,4396,5952,475,5
23256,4396,5952,478,5
23257,4396,5952,479,2
23258,4396,5952,480,5
23259,4396,5952,481,4
23260,4396,5952,483,4
23261,4396,5952,488,3.5
23262,4396,5952,494,3
23263,4396,5952,500,1
23264,4396,5952,501,4
23265,4396,5952,503,3
23266,4396,5952,509,5
23267,4396,5952,520,4
23268,4396,5952,522,3.5
23269,4396,5952,523,4.5
23270,4396,5952,527,3.5
23271,4396,5952,528,3.5
23272,4396,5952,531,1
23273,4396,5952,532,4.5
23274,4396,5952,542,4
23275,4396,5952,544,4
23276,4396,5952,553,5
23277,4396,5952,561,5
23278,4396,5952,562,5
23279,4396,5952,563,3.5
23280,4396,5952,570,5
23281,4396,5952,572,4.5
23282,4396,5952,574,3.5
23283,4396,5952,577,5
23284,4396,5952,580,4
23285,4396,5952,582,4
23286,4396,5952,584,5
23287,4396,5952,586,5
23288,4396,5952,587,4
23289,4396,5952,596,3
23290,4396,5952,598,4.5
23291,4396,5952,607,4.5
23292,4396,5952,613,4.5
23293,4396,5952,615,4
23294,4396,5952,620,1
23295,4396,5952,621,4.5
23296,4396,5952,623,5
23297,4396,5952,624,4
23298,4396,5952,627,4.5
23299,4396,5952,648,1.5
23300,4396,5952,654,5
23301,4396,5952,655,5
23302,4396,5952,660,4
23303,4396,5952,661,5
23304,4396,5952,664,4
23305,4396,5952,665,5
23306,4396,5952,671,5
23307,4395,5949,17,4.5
23308,4395,5949,23,4
23309,4395,5949,201,3
23310,4394,5947,212,3.5
23311,4394,5947,405,4
23312,4393,5945,15,1
23313,4393,5945,30,4
23314,4393,5945,60,4
23315,4393,5945,105,3.5
23316,4393,5945,148,4.5
23317,4393,5945,165,2.5
23318,4393,5945,212,3
23319,4393,5945,240,3.5
23320,4393,5945,255,3.5
23321,4393,5945,268,2
23322,4393,5945,315,4
23323,4393,5945,320,3.5
23324,4393,5945,324,3
23325,4393,5945,353,2
23326,4393,5945,362,3.5
23327,4393,5945,380,2.5
23328,4393,5945,388,3.5
23329,4393,5945,405,0.5
23330,4393,5945,407,4.5
23331,4393,5945,417,4.5
23332,4393,5945,427,3
23333,4393,5945,452,4
23334,4393,5945,468,3
23335,4393,5945,472,2
23336,4393,5945,481,3.5
23337,4393,5945,505,3
23338,4393,5945,509,2.5
23339,4393,5945,544,5
23340,4393,5945,547,4
23341,4393,5945,587,3.5
23342,4393,5945,596,3.5
23343,4393,5945,624,3.5
23344,4393,5945,628,4
23345,4393,5945,654,3
23346,4392,5944,148,3.5
23347,4392,5944,243,2
23348,4392,5944,290,5
23349,4392,5944,315,1
23350,4392,5944,402,3
23351,4392,5944,463,1
23352,4392,5944,481,3.5
23353,4392,5944,574,3.5
23354,4392,5944,607,4
23355,4392,5944,624,3
23356,4391,5943,73,2
23357,4391,5943,98,3
23358,4391,5943,175,4
23359,4391,5943,213,2
23360,4391,5943,294,4
23361,4391,5943,311,4
23362,4391,5943,315,1
23363,4391,5943,382,2
23364,4391,5943,405,4.5
23365,4391,5943,439,1
23366,4391,5943,452,1
23367,4391,5943,468,2
23368,4391,5943,540,2.5
23369,4391,5943,547,1.5
23370,4391,5943,599,3.5
23371,4390,5942,73,2
23372,4390,5942,452,1
23373,4390,5942,472,3
23374,4390,5942,599,4
23375,4390,5942,624,2.5
23376,4389,5941,212,1.5
23377,4389,5941,315,2
23378,4389,5941,468,1.5
23379,4389,5941,472,3
23380,4388,5940,23,4
23381,4388,5940,30,3
23382,4388,5940,105,4
23383,4388,5940,547,2.5
23384,4388,5940,587,3.5
23385,4387,5938,30,4
23386,4387,5938,311,2.5
23387,4387,5938,353,0.5
23388,4387,5938,547,2
23389,4386,5936,547,3
23390,4385,5933,30,4
23391,4384,5932,468,4
23392,4384,5932,472,4.5
23393,4384,5932,547,3
23394,4383,5927,30,4
23395,4383,5927,202,4
23396,4383,5927,374,1
23397,4383,5927,380,1
23398,4382,5926,30,3
23399,4381,5923,30,3
23400,4381,5923,452,2.5
23401,4380,5918,332,3
23402,4379,5917,393,1.5
23403,4378,5915,384,3.5
23404,4378,5915,624,5
23405,4377,5914,468,4.5
23406,4377,5914,472,4
23407,4376,5913,648,3
23408,4375,5910,202,1
23409,4374,5909,15,1
23410,4374,5909,262,3
23411,4374,5909,299,3.5
23412,4373,5903,15,2
23413,4373,5903,17,3.5
23414,4373,5903,22,4
23415,4373,5903,26,2.5
23416,4373,5903,41,4.5
23417,4373,5903,48,3.5
23418,4373,5903,72,2.5
23419,4373,5903,73,4
23420,4373,5903,77,4
23421,4373,5903,97,2
23422,4373,5903,149,1.5
23423,4373,5903,152,4
23424,4373,5903,157,3.5
23425,4373,5903,165,3.5
23426,4373,5903,169,4
23427,4373,5903,176,3.5
23428,4373,5903,199,3.5
23429,4373,5903,201,4
23430,4373,5903,212,4
23431,4373,5903,251,5
23432,4373,5903,261,5
23433,4373,5903,270,4
23434,4373,5903,298,5
23435,4373,5903,313,3
23436,4373,5903,346,4.5
23437,4373,5903,353,3.5
23438,4373,5903,380,4
23439,4373,5903,384,4
23440,4373,5903,456,5
23441,4373,5903,480,4
23442,4373,5903,553,4.5
23443,4373,5903,596,4
23444,4373,5903,607,4
23445,4373,5903,615,3
23446,4373,5903,664,4
23447,4372,5902,15,4
23448,4372,5902,23,5
23449,4372,5902,30,4
23450,4372,5902,48,4
23451,4372,5902,56,4
23452,4372,5902,73,4
23453,4372,5902,83,0.5
23454,4372,5902,97,2.5
23455,4372,5902,105,3.5
23456,4372,5902,111,1.5
23457,4372,5902,132,5
23458,4372,5902,148,3
23459,4372,5902,165,0.5
23460,4372,5902,198,5
23461,4372,5902,230,4.5
23462,4372,5902,240,4
23463,4372,5902,255,5
23464,4372,5902,268,4
23465,4372,5902,283,4
23466,4372,5902,299,4
23467,4372,5902,303,4
23468,4372,5902,315,5
23469,4372,5902,346,2
23470,4372,5902,388,4.5
23471,4372,5902,407,4.5
23472,4372,5902,427,3
23473,4372,5902,433,5
23474,4372,5902,439,4
23475,4372,5902,452,3
23476,4372,5902,460,4
23477,4372,5902,468,3
23478,4372,5902,472,4.5
23479,4372,5902,481,4.5
23480,4372,5902,486,4
23481,4372,5902,509,4
23482,4372,5902,547,5
23483,4372,5902,580,4.5
23484,4372,5902,587,4
23485,4372,5902,596,3.5
23486,4372,5902,610,3.5
23487,4372,5902,615,3.5
23488,4372,5902,671,3.5
23489,4371,5901,165,2.5
23490,4370,5900,30,3.5
23491,4370,5900,105,3
23492,4370,5900,148,4
23493,4370,5900,213,1.5
23494,4370,5900,294,3.5
23495,4370,5900,380,2
23496,4370,5900,452,1
23497,4370,5900,457,1.5
23498,4370,5900,624,1.5
23499,4369,5899,281,4
23500,4369,5899,472,4
23501,4368,5893,15,5
23502,4368,5893,17,2
23503,4368,5893,547,4
23504,4367,5891,262,3
23505,4366,5888,339,4.5
23506,4365,5883,165,2
23507,4364,5882,23,1.5
23508,4364,5882,73,3.5
23509,4364,5882,175,4
23510,4364,5882,213,4
23511,4364,5882,294,4
23512,4364,5882,315,1
23513,4364,5882,328,3
23514,4363,5881,17,4
23515,4363,5881,23,4
23516,4363,5881,41,3
23517,4363,5881,315,1
23518,4363,5881,320,3
23519,4363,5881,452,2
23520,4363,5881,481,1
23521,4363,5881,624,1.5
23522,4362,5880,165,0.5
23523,4362,5880,315,1
23524,4361,5879,315,3
23525,4361,5879,452,1
23526,4361,5879,457,2
23527,4360,5878,15,1
23528,4360,5878,23,4
23529,4360,5878,45,4
23530,4360,5878,52,4
23531,4360,5878,96,3
23532,4360,5878,105,3.5
23533,4360,5878,132,4
23534,4360,5878,148,4.5
23535,4360,5878,236,3.5
23536,4360,5878,255,4
23537,4360,5878,283,4.5
23538,4360,5878,407,4.5
23539,4360,5878,427,5
23540,4360,5878,452,4
23541,4360,5878,481,5
23542,4360,5878,648,4
23543,4359,5876,198,5
23544,4359,5876,212,2.5
23545,4359,5876,388,3.5
23546,4359,5876,419,4.5
23547,4359,5876,439,4
23548,4359,5876,441,4.5
23549,4359,5876,452,4.5
23550,4359,5876,505,3
23551,4359,5876,509,4
23552,4359,5876,547,4
23553,4358,5875,427,1
23554,4358,5875,547,3
23555,4357,5874,353,2.5
23556,4357,5874,452,1
23557,4356,5873,405,3.5
23558,4355,5872,15,3
23559,4355,5872,22,3.5
23560,4355,5872,78,5
23561,4355,5872,128,1
23562,4355,5872,150,4
23563,4355,5872,200,3.5
23564,4355,5872,202,3
23565,4355,5872,212,2.5
23566,4355,5872,251,2
23567,4355,5872,290,4.5
23568,4355,5872,294,4
23569,4355,5872,313,2.5
23570,4355,5872,316,3
23571,4355,5872,353,2
23572,4355,5872,367,2.5
23573,4355,5872,371,4.5
23574,4355,5872,380,3
23575,4355,5872,402,3.5
23576,4355,5872,405,4
23577,4355,5872,418,3.5
23578,4355,5872,439,3
23579,4355,5872,468,1
23580,4355,5872,471,3.5
23581,4355,5872,475,1
23582,4355,5872,561,3
23583,4355,5872,571,3.5
23584,4355,5872,572,3.5
23585,4355,5872,574,3
23586,4355,5872,596,3.5
23587,4355,5872,607,4
23588,4355,5872,624,2.5
23589,4354,5869,30,4
23590,4353,5868,509,4
23591,4352,5867,17,4
23592,4352,5867,105,3.5
23593,4352,5867,452,3
23594,4351,5866,387,5
23595,4350,5864,581,0.5
23596,4349,5859,30,2
23597,4349,5859,463,3
23598,4348,5857,30,1
23599,4347,5854,30,4
23600,4346,5853,17,3
23601,4346,5853,262,2.5
23602,4346,5853,299,4
23603,4345,5850,394,0.5
23604,4344,5847,30,5
23605,4344,5847,529,2
23606,4344,5847,547,2
23607,4343,5846,30,4
23608,4342,5843,30,4
23609,4341,5841,153,2
23610,4341,5841,294,3
23611,4341,5841,374,1
23612,4340,5840,175,4
23613,4340,5840,529,4
23614,4339,5839,175,4
23615,4338,5836,311,4
23616,4337,5834,414,3
23617,4336,5833,346,1.5
23618,4336,5833,353,3
23619,4336,5833,355,3
23620,4336,5833,480,4.5
23621,4335,5832,452,1
23622,4335,5832,581,0.5
23623,4334,5830,471,3.5
23624,4333,5829,111,3
23625,4333,5829,128,3
23626,4332,5828,430,5
23627,4331,5826,423,4
23628,4330,5825,472,4
23629,4329,5820,393,4.5
23630,4329,5820,509,4
23631,4329,5820,547,3
23632,4328,5819,353,3.5
23633,4327,5818,648,4
23634,4326,5816,5,3
23635,4326,5816,15,1
23636,4326,5816,22,3.5
23637,4326,5816,23,2.5
23638,4326,5816,52,4.5
23639,4326,5816,56,4
23640,4326,5816,61,3
23641,4326,5816,68,4
23642,4326,5816,69,4.5
23643,4326,5816,73,3
23644,4326,5816,77,3
23645,4326,5816,103,4
23646,4326,5816,105,3
23647,4326,5816,111,3
23648,4326,5816,128,3
23649,4326,5816,130,4
23650,4326,5816,133,4
23651,4326,5816,138,3
23652,4326,5816,140,3
23653,4326,5816,148,5
23654,4326,5816,150,1.5
23655,4326,5816,152,4
23656,4326,5816,169,3.5
23657,4326,5816,175,4
23658,4326,5816,176,3
23659,4326,5816,179,5
23660,4326,5816,212,2.5
23661,4326,5816,213,4
23662,4326,5816,217,3
23663,4326,5816,240,3.5
23664,4326,5816,243,3.5
23665,4326,5816,262,2
23666,4326,5816,273,4.5
23667,4326,5816,275,5
23668,4326,5816,292,2
23669,4326,5816,294,4
23670,4326,5816,295,4
23671,4326,5816,303,4
23672,4326,5816,316,4
23673,4326,5816,324,3.5
23674,4326,5816,346,4.5
23675,4326,5816,355,3
23676,4326,5816,380,3
23677,4326,5816,382,4
23678,4326,5816,384,3
23679,4326,5816,394,4.5
23680,4326,5816,402,4
23681,4326,5816,405,4.5
23682,4326,5816,407,4
23683,4326,5816,414,4
23684,4326,5816,418,4.5
23685,4326,5816,426,4
23686,4326,5816,428,3.5
23687,4326,5816,430,3.5
23688,4326,5816,439,3
23689,4326,5816,452,1
23690,4326,5816,461,3
23691,4326,5816,463,4
23692,4326,5816,465,4.5
23693,4326,5816,468,2.5
23694,4326,5816,475,3
23695,4326,5816,479,4
23696,4326,5816,480,5
23697,4326,5816,500,3
23698,4326,5816,501,3.5
23699,4326,5816,520,4.5
23700,4326,5816,524,4.5
23701,4326,5816,542,3.5
23702,4326,5816,553,4.5
23703,4326,5816,561,4
23704,4326,5816,562,4.5
23705,4326,5816,577,4.5
23706,4326,5816,580,3
23707,4326,5816,598,4
23708,4326,5816,599,5
23709,4326,5816,607,4.5
23710,4326,5816,620,4.5
23711,4326,5816,627,4
23712,4326,5816,645,4
23713,4326,5816,654,4.5
23714,4326,5816,671,4
23715,4325,5815,353,1
23716,4325,5815,452,1
23717,4324,5812,30,5
23718,4324,5812,52,4.5
23719,4324,5812,175,5
23720,4324,5812,198,3
23721,4324,5812,240,4
23722,4324,5812,299,4
23723,4324,5812,407,5
23724,4324,5812,427,4.5
23725,4324,5812,431,4.5
23726,4324,5812,452,4
23727,4324,5812,463,4
23728,4324,5812,468,3
23729,4324,5812,547,4
23730,4324,5812,587,4
23731,4324,5812,652,4
23732,4323,5810,23,4
23733,4323,5810,73,3.5
23734,4323,5810,128,4
23735,4323,5810,164,3.5
23736,4323,5810,175,4
23737,4323,5810,212,3
23738,4323,5810,262,1.5
23739,4323,5810,313,3.5
23740,4323,5810,353,3
23741,4323,5810,380,4
23742,4323,5810,433,3
23743,4323,5810,439,4
23744,4323,5810,457,3
23745,4323,5810,461,3.5
23746,4323,5810,472,3
23747,4323,5810,475,3
23748,4323,5810,500,3.5
23749,4323,5810,509,2
23750,4323,5810,527,1.5
23751,4323,5810,528,3
23752,4323,5810,547,3
23753,4323,5810,580,3.5
23754,4323,5810,596,4
23755,4323,5810,645,4
23756,4322,5809,15,3
23757,4322,5809,17,2
23758,4322,5809,200,1
23759,4322,5809,294,3.5
23760,4322,5809,339,3.5
23761,4322,5809,384,3.5
23762,4321,5808,388,2
23763,4320,5803,380,2.5
23764,4320,5803,624,2
23765,4320,5803,664,1.5
23766,4319,5801,405,4
23767,4319,5801,452,4.5
23768,4319,5801,547,4
23769,4318,5799,405,4.5
23770,4318,5799,452,4
23771,4317,5796,405,2.5
23772,4317,5796,542,4
23773,4316,5795,547,3.5
23774,4315,5792,15,4
23775,4315,5792,198,1
23776,4315,5792,427,4.5
23777,4315,5792,509,3.5
23778,4315,5792,547,0.5
23779,4314,5791,15,2
23780,4314,5791,52,4.5
23781,4314,5791,148,4
23782,4314,5791,240,4
23783,4314,5791,283,3.5
23784,4314,5791,292,5
23785,4314,5791,359,4.5
23786,4314,5791,388,2
23787,4314,5791,407,4.5
23788,4314,5791,430,5
23789,4314,5791,439,5
23790,4314,5791,481,4.5
23791,4314,5791,509,3
23792,4313,5788,315,1
23793,4312,5787,452,2
23794,4311,5785,56,5
23795,4311,5785,187,4
23796,4311,5785,243,3.5
23797,4311,5785,262,2
23798,4311,5785,313,2.5
23799,4311,5785,475,3
23800,4311,5785,528,3
23801,4311,5785,561,3
23802,4311,5785,596,3
23803,4311,5785,624,4
23804,4311,5785,648,3.5
23805,4310,5784,78,2.5
23806,4310,5784,213,2.5
23807,4310,5784,384,2.5
23808,4310,5784,475,1
23809,4310,5784,596,3.5
23810,4309,5782,17,4.5
23811,4309,5782,75,4
23812,4309,5782,77,4
23813,4309,5782,124,2
23814,4309,5782,130,3.5
23815,4309,5782,134,5
23816,4309,5782,271,4.5
23817,4309,5782,290,4.5
23818,4309,5782,295,4.5
23819,4309,5782,309,4
23820,4309,5782,328,3.5
23821,4309,5782,346,5
23822,4309,5782,380,4.5
23823,4309,5782,405,3
23824,4309,5782,425,3.5
23825,4309,5782,452,4
23826,4309,5782,461,4
23827,4309,5782,509,4
23828,4309,5782,580,4
23829,4309,5782,628,5
23830,4309,5782,654,4
23831,4309,5782,664,4.5
23832,4308,5780,299,4.5
23833,4308,5780,439,3
23834,4308,5780,529,3
23835,4308,5780,621,4
23836,4307,5779,624,2
23837,4306,5778,262,2.5
23838,4305,5777,547,4
23839,4304,5773,30,3
23840,4303,5772,519,5
23841,4303,5772,547,4.5
23842,4303,5772,587,4
23843,4302,5768,309,3.5
23844,4301,5765,165,5
23845,4300,5754,461,2
23846,4299,5752,394,3
23847,4299,5752,529,2.5
23848,4299,5752,624,3
23849,4298,5747,20,4
23850,4298,5747,105,3.5
23851,4298,5747,212,2.5
23852,4298,5747,294,3.5
23853,4298,5747,452,4.5
23854,4298,5747,468,3.5
23855,4298,5747,527,4.5
23856,4297,5746,73,4.5
23857,4296,5745,30,4
23858,4295,5742,30,4
23859,4294,5737,73,2
23860,4293,5736,73,2.5
23861,4292,5735,73,3.5
23862,4292,5735,262,2
23863,4292,5735,299,3.5
23864,4291,5734,73,2.5
23865,4290,5732,30,4
23866,4290,5732,405,5
23867,4289,5729,30,3
23868,4289,5729,547,2
23869,4288,5723,30,4
23870,4287,5718,311,3
23871,4286,5715,262,2.5
23872,4285,5712,30,4
23873,4285,5712,268,4
23874,4285,5712,468,2.5
23875,4284,5710,522,2.5
23876,4283,5707,30,4
23877,4283,5707,311,3
23878,4283,5707,452,3.5
23879,4283,5707,468,2.5
23880,4283,5707,547,2.5
23881,4282,5705,30,4
23882,4282,5705,41,4
23883,4282,5705,294,3
23884,4282,5705,577,2
23885,4281,5703,30,3
23886,4280,5700,103,1
23887,4280,5700,624,0.5
23888,4279,5699,30,4
23889,4278,5696,30,4
23890,4277,5694,30,2
23891,4277,5694,41,3.5
23892,4277,5694,463,3
23893,4277,5694,547,0.5
23894,4276,5693,61,3.5
23895,4276,5693,78,4
23896,4276,5693,105,4
23897,4276,5693,120,2
23898,4276,5693,128,2
23899,4276,5693,292,4
23900,4276,5693,294,2
23901,4276,5693,452,3
23902,4276,5693,463,3
23903,4276,5693,547,4.5
23904,4276,5693,587,2.5
23905,4275,5691,73,2.5
23906,4274,5690,48,4.5
23907,4274,5690,60,5
23908,4274,5690,73,4
23909,4274,5690,157,3.5
23910,4274,5690,176,3
23911,4274,5690,236,4
23912,4274,5690,257,4
23913,4274,5690,328,4
23914,4274,5690,345,4.5
23915,4274,5690,352,4
23916,4274,5690,423,3.5
23917,4274,5690,443,5
23918,4274,5690,580,4
23919,4274,5690,628,3
23920,4273,5689,30,4
23921,4272,5686,17,2.5
23922,4272,5686,81,4
23923,4272,5686,388,3
23924,4272,5686,481,4.5
23925,4272,5686,519,4
23926,4271,5685,427,3.5
23927,4270,5684,362,2
23928,4269,5682,23,3.5
23929,4269,5682,596,4
23930,4268,5680,30,4
23931,4268,5680,388,4
23932,4268,5680,452,3
23933,4268,5680,509,3.5
23934,4268,5680,547,4
23935,4267,5679,5,4.5
23936,4267,5679,15,4
23937,4267,5679,17,4
23938,4267,5679,22,4
23939,4267,5679,23,3.5
23940,4267,5679,30,1
23941,4267,5679,48,3.5
23942,4267,5679,72,3
23943,4267,5679,73,3
23944,4267,5679,88,2
23945,4267,5679,94,2.5
23946,4267,5679,124,3
23947,4267,5679,128,5
23948,4267,5679,149,3.5
23949,4267,5679,157,2.5
23950,4267,5679,165,3.5
23951,4267,5679,175,2
23952,4267,5679,200,1.5
23953,4267,5679,201,5
23954,4267,5679,212,3.5
23955,4267,5679,213,1.5
23956,4267,5679,235,4.5
23957,4267,5679,240,4
23958,4267,5679,243,3
23959,4267,5679,262,2.5
23960,4267,5679,292,4
23961,4267,5679,303,3
23962,4267,5679,313,5
23963,4267,5679,355,3
23964,4267,5679,386,3
23965,4267,5679,426,4.5
23966,4267,5679,430,5
23967,4267,5679,439,5
23968,4267,5679,457,3.5
23969,4267,5679,461,4.5
23970,4267,5679,463,5
23971,4267,5679,468,2.5
23972,4267,5679,471,4
23973,4267,5679,475,2
23974,4267,5679,500,0.5
23975,4267,5679,526,4
23976,4267,5679,547,4
23977,4267,5679,572,3
23978,4267,5679,596,4
23979,4267,5679,612,4
23980,4267,5679,654,4
23981,4267,5679,664,4
23982,4267,5679,665,3
23983,4266,5678,353,2
23984,4265,5677,128,3
23985,4264,5675,439,3
23986,4263,5673,15,3.5
23987,4263,5673,23,4.5
23988,4263,5673,33,5
23989,4263,5673,56,5
23990,4263,5673,73,4.5
23991,4263,5673,83,1
23992,4263,5673,111,4
23993,4263,5673,299,3.5
23994,4263,5673,313,0.5
23995,4263,5673,380,3.5
23996,4263,5673,388,4
23997,4263,5673,393,4
23998,4263,5673,441,4
23999,4263,5673,452,2.5
24000,4263,5673,457,3
24001,4263,5673,468,3
24002,4263,5673,509,3
24003,4263,5673,519,4
24004,4263,5673,528,5
24005,4263,5673,544,5
24006,4263,5673,547,2.5
24007,4263,5673,580,4
24008,4263,5673,610,4
24009,4263,5673,624,1.5
24010,4262,5672,353,0.5
24011,4261,5670,30,4
24012,4261,5670,148,4
24013,4261,5670,388,4.5
24014,4261,5670,509,4
24015,4260,5669,3,3.5
24016,4260,5669,5,3.5
24017,4260,5669,8,3
24018,4260,5669,11,3
24019,4260,5669,15,4
24020,4260,5669,17,4.5
24021,4260,5669,23,4
24022,4260,5669,33,4
24023,4260,5669,48,4
24024,4260,5669,73,4
24025,4260,5669,77,0.5
24026,4260,5669,78,5
24027,4260,5669,83,4
24028,4260,5669,105,3
24029,4260,5669,107,4
24030,4260,5669,143,4.5
24031,4260,5669,165,4.5
24032,4260,5669,166,5
24033,4260,5669,178,2
24034,4260,5669,187,5
24035,4260,5669,198,4.5
24036,4260,5669,212,1
24037,4260,5669,216,5
24038,4260,5669,243,4
24039,4260,5669,283,4.5
24040,4260,5669,303,4
24041,4260,5669,304,4
24042,4260,5669,313,4.5
24043,4260,5669,353,3.5
24044,4260,5669,355,4
24045,4260,5669,362,4.5
24046,4260,5669,380,4
24047,4260,5669,388,4
24048,4260,5669,407,4.5
24049,4260,5669,423,3
24050,4260,5669,427,5
24051,4260,5669,430,4.5
24052,4260,5669,441,4
24053,4260,5669,442,4
24054,4260,5669,452,5
24055,4260,5669,457,3
24056,4260,5669,468,3
24057,4260,5669,471,4
24058,4260,5669,472,3
24059,4260,5669,481,3.5
24060,4260,5669,501,4
24061,4260,5669,509,4.5
24062,4260,5669,519,4.5
24063,4260,5669,544,3.5
24064,4260,5669,547,4
24065,4260,5669,580,4
24066,4260,5669,596,4.5
24067,4260,5669,598,5
24068,4260,5669,624,4
24069,4260,5669,627,4
24070,4260,5669,648,4
24071,4260,5669,664,4
24072,4260,5669,671,4
24073,4259,5668,81,2.5
24074,4259,5668,187,4
24075,4259,5668,439,5
24076,4259,5668,452,3
24077,4259,5668,547,3.5
24078,4258,5667,452,2.5
24079,4258,5667,599,4
24080,4257,5666,73,4
24081,4257,5666,380,2.5
24082,4257,5666,388,2
24083,4257,5666,439,1
24084,4257,5666,452,0.5
24085,4257,5666,547,2.5
24086,4256,5663,355,3
24087,4255,5662,15,4
24088,4255,5662,423,4.5
24089,4254,5655,30,3
24090,4254,5655,596,4
24091,4253,5651,405,2.5
24092,4253,5651,414,3
24093,4253,5651,547,3.5
24094,4252,5650,8,4
24095,4252,5650,15,3
24096,4252,5650,77,3.5
24097,4252,5650,83,3.5
24098,4252,5650,130,4
24099,4252,5650,212,3
24100,4252,5650,294,3
24101,4252,5650,460,4
24102,4252,5650,547,4
24103,4252,5650,654,4
24104,4251,5649,564,3
24105,4251,5649,598,3
24106,4250,5646,414,4
24107,4250,5646,547,3
24108,4249,5644,311,3.5
24109,4249,5644,547,2
24110,4248,5643,362,2.5
24111,4247,5642,452,4
24112,4246,5641,547,4
24113,4245,5638,547,3
24114,4244,5637,394,1.5
24115,4243,5636,624,3
24116,4242,5633,23,4.5
24117,4242,5633,544,4.5
24118,4241,5632,407,4
24119,4241,5632,648,4
24120,4240,5630,8,4
24121,4240,5630,15,1.5
24122,4240,5630,17,4
24123,4240,5630,22,4.5
24124,4240,5630,30,5
24125,4240,5630,73,3.5
24126,4240,5630,84,3.5
24127,4240,5630,105,3
24128,4240,5630,128,5
24129,4240,5630,165,3
24130,4240,5630,212,4
24131,4240,5630,243,3.5
24132,4240,5630,262,2.5
24133,4240,5630,292,4
24134,4240,5630,353,3
24135,4240,5630,355,3
24136,4240,5630,439,4
24137,4240,5630,471,4.5
24138,4240,5630,480,4
24139,4240,5630,501,4.5
24140,4240,5630,532,4
24141,4240,5630,561,4
24142,4240,5630,596,3.5
24143,4240,5630,624,3
24144,4240,5630,645,5
24145,4240,5630,654,4.5
24146,4240,5630,664,3.5
24147,4239,5629,294,4
24148,4239,5629,582,4
24149,4238,5628,104,3.5
24150,4238,5628,165,2
24151,4238,5628,384,3
24152,4238,5628,418,4
24153,4238,5628,623,4.5
24154,4237,5625,165,1
24155,4237,5625,439,3
24156,4237,5625,452,3
24157,4236,5622,405,4.5
24158,4235,5621,73,2
24159,4235,5621,213,2
24160,4235,5621,346,4
24161,4235,5621,441,1
24162,4235,5621,475,0.5
24163,4235,5621,479,4
24164,4235,5621,570,4
24165,4235,5621,624,2.5
24166,4234,5620,15,0.5
24167,4234,5620,30,4
24168,4234,5620,98,5
24169,4234,5620,111,4
24170,4234,5620,128,4
24171,4234,5620,200,4
24172,4234,5620,213,2.5
24173,4234,5620,263,3
24174,4234,5620,275,5
24175,4234,5620,294,4.5
24176,4234,5620,311,3
24177,4234,5620,313,3.5
24178,4234,5620,382,2
24179,4234,5620,405,3.5
24180,4234,5620,439,2
24181,4234,5620,452,2.5
24182,4234,5620,457,1.5
24183,4234,5620,463,3
24184,4234,5620,468,1.5
24185,4234,5620,481,2
24186,4234,5620,596,3
24187,4234,5620,599,4
24188,4233,5619,452,3.5
24189,4232,5618,15,1.5
24190,4232,5618,20,3.5
24191,4232,5618,23,3.5
24192,4232,5618,41,4
24193,4232,5618,48,4.5
24194,4232,5618,60,4
24195,4232,5618,61,5
24196,4232,5618,73,4
24197,4232,5618,77,4
24198,4232,5618,81,4
24199,4232,5618,88,4
24200,4232,5618,97,4
24201,4232,5618,140,1.5
24202,4232,5618,149,4
24203,4232,5618,157,4.5
24204,4232,5618,176,4
24205,4232,5618,186,4.5
24206,4232,5618,205,5
24207,4232,5618,213,2.5
24208,4232,5618,218,5
24209,4232,5618,240,4.5
24210,4232,5618,243,4
24211,4232,5618,251,5
24212,4232,5618,277,5
24213,4232,5618,283,4
24214,4232,5618,294,4.5
24215,4232,5618,297,4.5
24216,4232,5618,298,5
24217,4232,5618,303,4.5
24218,4232,5618,328,4.5
24219,4232,5618,331,4
24220,4232,5618,345,5
24221,4232,5618,352,5
24222,4232,5618,355,4.5
24223,4232,5618,362,3.5
24224,4232,5618,397,4.5
24225,4232,5618,402,3
24226,4232,5618,406,5
24227,4232,5618,423,5
24228,4232,5618,428,5
24229,4232,5618,429,2.5
24230,4232,5618,430,5
24231,4232,5618,433,4.5
24232,4232,5618,443,5
24233,4232,5618,450,4.5
24234,4232,5618,456,4
24235,4232,5618,461,4
24236,4232,5618,472,5
24237,4232,5618,479,0.5
24238,4232,5618,481,5
24239,4232,5618,488,5
24240,4232,5618,519,5
24241,4232,5618,561,4
24242,4232,5618,563,4.5
24243,4232,5618,574,3
24244,4232,5618,577,5
24245,4232,5618,580,4.5
24246,4232,5618,587,3
24247,4232,5618,600,4.5
24248,4232,5618,625,4
24249,4232,5618,628,3
24250,4232,5618,654,3.5
24251,4232,5618,664,4.5
24252,4231,5617,15,3.5
24253,4231,5617,26,2
24254,4231,5617,73,3.5
24255,4231,5617,187,5
24256,4231,5617,262,5
24257,4231,5617,380,3.5
24258,4231,5617,430,5
24259,4231,5617,452,2.5
24260,4231,5617,461,3.5
24261,4231,5617,472,4
24262,4231,5617,509,3
24263,4231,5617,547,0.5
24264,4231,5617,561,2.5
24265,4231,5617,610,3.5
24266,4231,5617,625,4
24267,4230,5615,165,1.5
24268,4229,5613,236,3
24269,4229,5613,255,3.5
24270,4228,5612,128,4
24271,4227,5611,212,3.5
24272,4227,5611,263,2
24273,4227,5611,417,4.5
24274,4226,5609,165,0.5
24275,4226,5609,294,3.5
24276,4226,5609,384,3
24277,4225,5608,17,4.5
24278,4225,5608,26,4
24279,4225,5608,133,2.5
24280,4225,5608,299,4.5
24281,4225,5608,501,5
24282,4225,5608,596,4
24283,4224,5607,283,4
24284,4224,5607,481,5
24285,4223,5605,153,4
24286,4222,5604,468,4
24287,4221,5603,405,4.5
24288,4221,5603,468,4
24289,4221,5603,587,4
24290,4220,5602,83,3.5
24291,4220,5602,405,4.5
24292,4220,5602,417,4
24293,4220,5602,468,3.5
24294,4219,5601,311,3
24295,4218,5600,262,2.5
24296,4217,5599,23,3.5
24297,4216,5597,165,4
24298,4216,5597,577,1
24299,4215,5588,262,2.5
24300,4214,5585,73,1
24301,4213,5582,624,2
24302,4212,5581,30,3
24303,4212,5581,452,2
24304,4211,5577,15,2.5
24305,4211,5577,132,4.5
24306,4211,5577,156,5
24307,4211,5577,165,3
24308,4211,5577,175,4
24309,4211,5577,178,2.5
24310,4211,5577,262,2.5
24311,4211,5577,380,4
24312,4211,5577,427,3
24313,4211,5577,439,3
24314,4211,5577,472,2
24315,4211,5577,509,3.5
24316,4210,5575,598,1
24317,4209,5574,17,2
24318,4209,5574,73,2.5
24319,4209,5574,134,4.5
24320,4209,5574,150,3.5
24321,4209,5574,200,3.5
24322,4209,5574,212,3.5
24323,4209,5574,213,3.5
24324,4209,5574,313,4
24325,4209,5574,339,3.5
24326,4209,5574,353,2.5
24327,4209,5574,380,2.5
24328,4209,5574,384,3
24329,4209,5574,460,2.5
24330,4209,5574,475,1.5
24331,4209,5574,572,3
24332,4209,5574,607,4
24333,4209,5574,664,3
24334,4208,5573,624,2.5
24335,4207,5572,73,1.5
24336,4207,5572,353,3
24337,4207,5572,380,2.5
24338,4207,5572,419,3.5
24339,4207,5572,472,3
24340,4207,5572,509,2.5
24341,4206,5570,48,3.5
24342,4206,5570,262,2.5
24343,4205,5569,165,2
24344,4205,5569,262,4
24345,4204,5568,15,3
24346,4204,5568,202,3
24347,4204,5568,621,3.5
24348,4203,5564,30,3
24349,4203,5564,353,1
24350,4202,5562,165,2
24351,4201,5561,30,4
24352,4200,5560,481,4.5
24353,4199,5558,353,2.5
24354,4198,5556,165,1
24355,4197,5553,15,2
24356,4197,5553,624,3
24357,4196,5548,30,4
24358,4196,5548,624,3
24359,4195,5544,30,4
24360,4195,5544,452,4.5
24361,4195,5544,547,2
24362,4194,5541,15,3
24363,4194,5541,73,2.5
24364,4194,5541,294,3
24365,4194,5541,346,4
24366,4194,5541,386,2
24367,4194,5541,457,2
24368,4194,5541,522,2.5
24369,4194,5541,574,3
24370,4194,5541,615,4.5
24371,4194,5541,624,4
24372,4194,5541,643,2
24373,4193,5540,73,4
24374,4193,5540,202,4
24375,4193,5540,294,4
24376,4193,5540,346,4
24377,4193,5540,461,3.5
24378,4193,5540,463,3
24379,4193,5540,468,3
24380,4193,5540,577,4.5
24381,4193,5540,580,3.5
24382,4193,5540,624,4
24383,4192,5539,294,3
24384,4191,5538,294,3
24385,4190,5535,598,1
24386,4189,5534,30,4
24387,4188,5531,165,2.5
24388,4187,5530,81,2.5
24389,4187,5530,294,4
24390,4187,5530,380,1
24391,4187,5530,598,1
24392,4187,5530,624,2.5
24393,4187,5530,652,4
24394,4186,5528,15,1
24395,4186,5528,103,3.5
24396,4186,5528,111,4
24397,4186,5528,134,4.5
24398,4186,5528,213,1.5
24399,4186,5528,307,3.5
24400,4186,5528,313,2
24401,4186,5528,380,3
24402,4186,5528,452,3
24403,4186,5528,468,2.5
24404,4186,5528,471,3.5
24405,4186,5528,509,3
24406,4186,5528,544,4.5
24407,4186,5528,547,3.5
24408,4186,5528,561,3.5
24409,4186,5528,596,3
24410,4186,5528,598,3
24411,4186,5528,624,4
24412,4186,5528,654,4
24413,4185,5527,341,4
24414,4185,5527,388,3
24415,4185,5527,609,1
24416,4184,5525,52,4
24417,4184,5525,427,4
24418,4184,5525,529,4
24419,4183,5524,15,1
24420,4183,5524,73,2
24421,4183,5524,111,4
24422,4183,5524,128,4
24423,4183,5524,175,4
24424,4183,5524,472,3
24425,4182,5523,380,2
24426,4182,5523,468,2
24427,4182,5523,475,0.5
24428,4182,5523,522,2.5
24429,4182,5523,624,2
24430,4181,5522,41,4
24431,4181,5522,77,4
24432,4181,5522,346,3.5
24433,4181,5522,624,5
24434,4180,5521,547,0.5
24435,4179,5518,41,4.5
24436,4178,5517,598,1
24437,4177,5516,598,1
24438,4176,5515,15,4
24439,4176,5515,648,3
24440,4175,5508,15,3
24441,4175,5508,299,4.5
24442,4175,5508,388,4
24443,4175,5508,486,3
24444,4175,5508,509,2
24445,4174,5507,15,1
24446,4174,5507,73,1.5
24447,4174,5507,165,1
24448,4174,5507,212,2
24449,4174,5507,213,3.5
24450,4174,5507,270,3.5
24451,4174,5507,294,3.5
24452,4174,5507,339,3.5
24453,4174,5507,353,2.5
24454,4174,5507,380,2.5
24455,4174,5507,384,4.5
24456,4174,5507,418,3.5
24457,4174,5507,460,4.5
24458,4174,5507,468,0.5
24459,4174,5507,472,3
24460,4174,5507,475,2
24461,4174,5507,522,2.5
24462,4174,5507,572,3.5
24463,4174,5507,574,3
24464,4174,5507,580,0.5
24465,4174,5507,596,1.5
24466,4174,5507,607,2.5
24467,4174,5507,624,1
24468,4173,5506,30,4
24469,4173,5506,213,3
24470,4173,5506,405,3.5
24471,4173,5506,439,3
24472,4172,5505,111,4
24473,4172,5505,187,4.5
24474,4172,5505,240,3.5
24475,4172,5505,262,5
24476,4172,5505,380,3.5
24477,4172,5505,388,3
24478,4172,5505,427,4
24479,4172,5505,452,3.5
24480,4172,5505,460,4
24481,4172,5505,468,2.5
24482,4172,5505,547,2
24483,4172,5505,596,3.5
24484,4171,5504,15,2
24485,4171,5504,73,0.5
24486,4171,5504,213,0.5
24487,4171,5504,272,3.5
24488,4171,5504,294,4
24489,4171,5504,460,2.5
24490,4171,5504,475,0.5
24491,4171,5504,609,1
24492,4170,5503,598,1
24493,4169,5502,15,1
24494,4169,5502,17,0.5
24495,4169,5502,23,4
24496,4169,5502,30,3
24497,4169,5502,48,3.5
24498,4169,5502,73,2.5
24499,4169,5502,77,0.5
24500,4169,5502,78,4.5
24501,4169,5502,94,1.5
24502,4169,5502,107,3.5
24503,4169,5502,125,5
24504,4169,5502,128,5
24505,4169,5502,139,4
24506,4169,5502,150,2
24507,4169,5502,165,4.5
24508,4169,5502,176,3
24509,4169,5502,199,4
24510,4169,5502,212,3
24511,4169,5502,213,3.5
24512,4169,5502,262,3
24513,4169,5502,311,3.5
24514,4169,5502,313,3.5
24515,4169,5502,324,2.5
24516,4169,5502,350,4
24517,4169,5502,353,2.5
24518,4169,5502,355,3.5
24519,4169,5502,380,3.5
24520,4169,5502,382,2
24521,4169,5502,407,3
24522,4169,5502,417,4
24523,4169,5502,426,3
24524,4169,5502,427,4
24525,4169,5502,428,1.5
24526,4169,5502,452,4
24527,4169,5502,461,3
24528,4169,5502,463,4
24529,4169,5502,468,3
24530,4169,5502,472,2
24531,4169,5502,475,3
24532,4169,5502,505,3
24533,4169,5502,509,3
24534,4169,5502,526,4.5
24535,4169,5502,544,4.5
24536,4169,5502,547,4
24537,4169,5502,561,2
24538,4169,5502,562,3.5
24539,4169,5502,577,4
24540,4169,5502,580,0.5
24541,4169,5502,582,4
24542,4169,5502,596,2
24543,4169,5502,598,4
24544,4169,5502,624,2.5
24545,4169,5502,654,4.5
24546,4169,5502,665,4
24547,4168,5501,165,3
24548,4167,5500,15,4
24549,4167,5500,217,4.5
24550,4167,5500,353,3
24551,4167,5500,397,4.5
24552,4167,5500,430,4.5
24553,4167,5500,439,3
24554,4167,5500,460,4
24555,4167,5500,461,5
24556,4167,5500,580,3.5
24557,4167,5500,615,3.5
24558,4167,5500,624,4
24559,4167,5500,654,4
24560,4166,5498,236,4.5
24561,4166,5498,257,5
24562,4165,5490,41,3.5
24563,4165,5490,624,5
24564,4164,5489,23,3
24565,4164,5489,262,2.5
24566,4164,5489,470,3.5
24567,4164,5489,481,5
24568,4164,5489,547,3
24569,4164,5489,580,3.5
24570,4163,5483,33,4
24571,4163,5483,407,4
24572,4163,5483,452,2.5
24573,4163,5483,509,3.5
24574,4163,5483,547,4
24575,4162,5481,15,2
24576,4162,5481,61,1.5
24577,4162,5481,73,2
24578,4162,5481,84,3
24579,4162,5481,111,3
24580,4162,5481,125,3
24581,4162,5481,149,1
24582,4162,5481,187,2.5
24583,4162,5481,212,2.5
24584,4162,5481,253,2
24585,4162,5481,262,1.5
24586,4162,5481,290,4
24587,4162,5481,294,4
24588,4162,5481,313,2.5
24589,4162,5481,316,3.5
24590,4162,5481,324,3.5
24591,4162,5481,365,4
24592,4162,5481,374,2
24593,4162,5481,380,4.5
24594,4162,5481,402,3.5
24595,4162,5481,423,1.5
24596,4162,5481,431,2.5
24597,4162,5481,432,5
24598,4162,5481,433,2.5
24599,4162,5481,439,3
24600,4162,5481,452,3
24601,4162,5481,457,2
24602,4162,5481,463,1
24603,4162,5481,475,1.5
24604,4162,5481,477,5
24605,4162,5481,479,4
24606,4162,5481,480,4.5
24607,4162,5481,498,1.5
24608,4162,5481,500,3
24609,4162,5481,546,5
24610,4162,5481,557,4
24611,4162,5481,571,2.5
24612,4162,5481,574,2
24613,4162,5481,580,3
24614,4162,5481,587,0.5
24615,4162,5481,596,3.5
24616,4162,5481,598,4
24617,4162,5481,609,3
24618,4162,5481,624,4
24619,4162,5481,654,4
24620,4161,5480,287,3.5
24621,4161,5480,426,3
24622,4161,5480,475,1.5
24623,4161,5480,542,3.5
24624,4161,5480,665,4
24625,4160,5479,212,3
24626,4160,5479,405,4
24627,4160,5479,452,3.5
24628,4160,5479,471,4
24629,4160,5479,472,3
24630,4160,5479,624,2
24631,4160,5479,665,2
24632,4159,5478,15,2
24633,4159,5478,213,4
24634,4159,5478,243,2
24635,4159,5478,475,2
24636,4159,5478,624,2.5
24637,4158,5477,15,5
24638,4158,5477,509,4
24639,4158,5477,580,3
24640,4158,5477,598,1
24641,4157,5475,406,5
24642,4157,5475,468,3.5
24643,4157,5475,547,5
24644,4156,5473,299,5
24645,4155,5471,30,3
24646,4154,5470,23,3
24647,4154,5470,404,4
24648,4154,5470,405,4
24649,4154,5470,529,5
24650,4154,5470,609,1
24651,4153,5466,598,1
24652,4152,5464,5,4
24653,4152,5464,8,4
24654,4152,5464,15,0.5
24655,4152,5464,17,4
24656,4152,5464,22,2.5
24657,4152,5464,23,2
24658,4152,5464,30,5
24659,4152,5464,73,3.5
24660,4152,5464,94,3.5
24661,4152,5464,105,4
24662,4152,5464,133,1
24663,4152,5464,165,1
24664,4152,5464,263,3.5
24665,4152,5464,271,4.5
24666,4152,5464,291,5
24667,4152,5464,295,4
24668,4152,5464,315,1
24669,4152,5464,380,3.5
24670,4152,5464,388,3
24671,4152,5464,404,5
24672,4152,5464,407,4.5
24673,4152,5464,425,3
24674,4152,5464,430,2
24675,4152,5464,452,4
24676,4152,5464,463,3
24677,4152,5464,468,2.5
24678,4152,5464,480,4.5
24679,4152,5464,509,4
24680,4152,5464,553,3.5
24681,4152,5464,572,4
24682,4152,5464,587,4
24683,4152,5464,596,3.5
24684,4152,5464,598,4
24685,4152,5464,607,4.5
24686,4152,5464,624,4
24687,4152,5464,627,2.5
24688,4152,5464,645,4
24689,4152,5464,671,3
24690,4151,5463,15,1
24691,4151,5463,23,2.5
24692,4151,5463,41,3.5
24693,4151,5463,73,3
24694,4151,5463,78,3.5
24695,4151,5463,213,4
24696,4151,5463,293,4
24697,4151,5463,340,3
24698,4151,5463,346,3
24699,4151,5463,353,2
24700,4151,5463,355,2.5
24701,4151,5463,463,2
24702,4151,5463,472,3
24703,4151,5463,475,3
24704,4151,5463,615,3.5
24705,4151,5463,624,2
24706,4150,5462,452,1
24707,4150,5462,598,2
24708,4150,5462,624,2
24709,4149,5460,175,4
24710,4149,5460,294,2.5
24711,4149,5460,346,5
24712,4149,5460,460,4
24713,4148,5459,15,1
24714,4148,5459,22,3.5
24715,4148,5459,41,3.5
24716,4148,5459,48,3
24717,4148,5459,61,3
24718,4148,5459,73,2
24719,4148,5459,84,3.5
24720,4148,5459,88,2.5
24721,4148,5459,125,1.5
24722,4148,5459,150,2.5
24723,4148,5459,187,3
24724,4148,5459,212,2
24725,4148,5459,213,2.5
24726,4148,5459,244,4.5
24727,4148,5459,251,4.5
24728,4148,5459,290,5
24729,4148,5459,294,4
24730,4148,5459,311,2.5
24731,4148,5459,313,3.5
24732,4148,5459,316,3
24733,4148,5459,324,3.5
24734,4148,5459,346,1
24735,4148,5459,355,2
24736,4148,5459,365,4
24737,4148,5459,367,4
24738,4148,5459,402,3.5
24739,4148,5459,418,3.5
24740,4148,5459,426,3
24741,4148,5459,452,2.5
24742,4148,5459,456,3.5
24743,4148,5459,468,1.5
24744,4148,5459,471,3
24745,4148,5459,475,2
24746,4148,5459,481,3.5
24747,4148,5459,498,3
24748,4148,5459,501,3.5
24749,4148,5459,522,3
24750,4148,5459,544,4
24751,4148,5459,553,3.5
24752,4148,5459,572,3.5
24753,4148,5459,574,3
24754,4148,5459,580,3
24755,4148,5459,596,3
24756,4148,5459,598,4
24757,4148,5459,607,3.5
24758,4148,5459,615,3.5
24759,4148,5459,624,2
24760,4148,5459,654,3
24761,4148,5459,664,4
24762,4147,5458,15,1
24763,4147,5458,598,1
24764,4146,5452,30,2
24765,4146,5452,73,1
24766,4146,5452,294,3
24767,4146,5452,404,1
24768,4146,5452,452,1.5
24769,4146,5452,596,2.5
24770,4145,5450,547,2.5
24771,4144,5449,15,2
24772,4144,5449,61,3.5
24773,4144,5449,73,3
24774,4144,5449,95,3
24775,4144,5449,128,4
24776,4144,5449,150,3.5
24777,4144,5449,262,0.5
24778,4144,5449,294,4
24779,4144,5449,350,3
24780,4144,5449,374,3
24781,4144,5449,402,3.5
24782,4144,5449,439,1
24783,4144,5449,457,2
24784,4144,5449,468,0.5
24785,4144,5449,480,3.5
24786,4144,5449,481,2
24787,4144,5449,520,2
24788,4144,5449,570,4.5
24789,4144,5449,624,3.5
24790,4143,5448,165,2.5
24791,4142,5447,105,4
24792,4142,5447,452,3
24793,4142,5447,547,2.5
24794,4141,5446,23,4
24795,4141,5446,198,4
24796,4141,5446,234,4.5
24797,4141,5446,283,4
24798,4141,5446,405,5
24799,4141,5446,407,4
24800,4141,5446,427,5
24801,4141,5446,441,4
24802,4141,5446,452,4
24803,4141,5446,472,4
24804,4140,5445,8,4.5
24805,4140,5445,15,5
24806,4140,5445,16,4.5
24807,4140,5445,17,4.5
24808,4140,5445,22,4.5
24809,4140,5445,23,3
24810,4140,5445,30,4
24811,4140,5445,41,4
24812,4140,5445,56,4
24813,4140,5445,72,3.5
24814,4140,5445,73,3
24815,4140,5445,75,4
24816,4140,5445,77,3
24817,4140,5445,78,4.5
24818,4140,5445,83,0.5
24819,4140,5445,84,3.5
24820,4140,5445,88,3.5
24821,4140,5445,94,2.5
24822,4140,5445,103,4
24823,4140,5445,105,3
24824,4140,5445,109,4
24825,4140,5445,120,4
24826,4140,5445,124,3.5
24827,4140,5445,130,2.5
24828,4140,5445,134,4.5
24829,4140,5445,139,4.5
24830,4140,5445,140,3
24831,4140,5445,143,0.5
24832,4140,5445,150,0.5
24833,4140,5445,152,4
24834,4140,5445,157,3.5
24835,4140,5445,165,3.5
24836,4140,5445,166,4.5
24837,4140,5445,176,3.5
24838,4140,5445,181,4
24839,4140,5445,199,3.5
24840,4140,5445,200,4.5
24841,4140,5445,212,4
24842,4140,5445,213,3
24843,4140,5445,216,4
24844,4140,5445,228,5
24845,4140,5445,234,4.5
24846,4140,5445,235,5
24847,4140,5445,238,5
24848,4140,5445,240,4.5
24849,4140,5445,243,3
24850,4140,5445,253,3
24851,4140,5445,261,5
24852,4140,5445,268,4
24853,4140,5445,270,3.5
24854,4140,5445,282,3
24855,4140,5445,287,5
24856,4140,5445,290,4
24857,4140,5445,292,3.5
24858,4140,5445,295,4.5
24859,4140,5445,300,4.5
24860,4140,5445,311,3.5
24861,4140,5445,313,3.5
24862,4140,5445,316,3.5
24863,4140,5445,320,4
24864,4140,5445,323,3
24865,4140,5445,346,1
24866,4140,5445,353,2
24867,4140,5445,355,3.5
24868,4140,5445,380,4
24869,4140,5445,384,4.5
24870,4140,5445,386,3
24871,4140,5445,388,4
24872,4140,5445,394,4.5
24873,4140,5445,407,4
24874,4140,5445,418,3.5
24875,4140,5445,427,2
24876,4140,5445,430,4.5
24877,4140,5445,431,5
24878,4140,5445,432,5
24879,4140,5445,433,3.5
24880,4140,5445,439,4
24881,4140,5445,446,4
24882,4140,5445,450,4
24883,4140,5445,452,4
24884,4140,5445,455,4
24885,4140,5445,456,4
24886,4140,5445,457,1.5
24887,4140,5445,461,3.5
24888,4140,5445,463,2
24889,4140,5445,468,3
24890,4140,5445,472,3
24891,4140,5445,475,3
24892,4140,5445,480,4
24893,4140,5445,481,3.5
24894,4140,5445,486,2.5
24895,4140,5445,505,2.5
24896,4140,5445,509,4
24897,4140,5445,520,3.5
24898,4140,5445,523,4
24899,4140,5445,526,5
24900,4140,5445,532,3
24901,4140,5445,542,4.5
24902,4140,5445,546,4
24903,4140,5445,547,3
24904,4140,5445,562,4
24905,4140,5445,563,4
24906,4140,5445,570,5
24907,4140,5445,580,3
24908,4140,5445,582,3.5
24909,4140,5445,586,5
24910,4140,5445,596,3.5
24911,4140,5445,598,3.5
24912,4140,5445,607,4
24913,4140,5445,615,4
24914,4140,5445,624,4
24915,4140,5445,654,4.5
24916,4140,5445,664,4.5
24917,4140,5445,665,3
24918,4140,5445,671,4.5
24919,4139,5444,15,1
24920,4139,5444,61,1
24921,4139,5444,128,5
24922,4139,5444,148,4
24923,4139,5444,175,5
24924,4139,5444,187,4.5
24925,4139,5444,212,3
24926,4139,5444,213,4
24927,4139,5444,294,4
24928,4139,5444,328,3.5
24929,4139,5444,346,4.5
24930,4139,5444,382,4
24931,4139,5444,418,5
24932,4139,5444,460,4.5
24933,4139,5444,468,2.5
24934,4139,5444,472,4
24935,4139,5444,542,5
24936,4139,5444,577,5
24937,4139,5444,607,4
24938,4139,5444,620,3.5
24939,4139,5444,654,4.5
24940,4138,5443,165,2
24941,4137,5440,236,4.5
24942,4136,5438,111,3.5
24943,4136,5438,350,3
24944,4136,5438,624,2
24945,4135,5434,468,3.5
24946,4135,5434,547,3.5
24947,4134,5433,243,3
24948,4134,5433,262,2.5
24949,4133,5428,417,3
24950,4132,5427,609,5
24951,4131,5425,388,2
24952,4130,5422,106,4.5
24953,4129,5421,212,3.5
24954,4129,5421,240,3.5
24955,4129,5421,615,3.5
24956,4128,5420,311,3
24957,4128,5420,353,1
24958,4128,5420,405,4
24959,4128,5420,494,3
24960,4128,5420,624,2
24961,4128,5420,664,3
24962,4127,5419,15,1
24963,4127,5419,105,1.5
24964,4127,5419,187,1.5
24965,4127,5419,213,1.5
24966,4127,5419,235,4
24967,4127,5419,294,4
24968,4127,5419,295,2
24969,4127,5419,374,3
24970,4127,5419,439,2
24971,4127,5419,475,1
24972,4127,5419,574,2.5
24973,4127,5419,624,1.5
24974,4126,5418,15,2
24975,4126,5418,17,3.5
24976,4126,5418,26,4
24977,4126,5418,31,4.5
24978,4126,5418,38,4.5
24979,4126,5418,54,4.5
24980,4126,5418,56,4
24981,4126,5418,62,4
24982,4126,5418,68,3.5
24983,4126,5418,72,3
24984,4126,5418,73,3
24985,4126,5418,78,5
24986,4126,5418,84,3.5
24987,4126,5418,88,4
24988,4126,5418,89,5
24989,4126,5418,91,5
24990,4126,5418,94,4
24991,4126,5418,105,4
24992,4126,5418,111,3.5
24993,4126,5418,120,4
24994,4126,5418,124,2.5
24995,4126,5418,128,4
24996,4126,5418,130,3.5
24997,4126,5418,134,5
24998,4126,5418,150,4.5
24999,4126,5418,152,4
25000,4126,5418,157,3.5
25001,4126,5418,164,4
25002,4126,5418,165,2
25003,4126,5418,169,5
25004,4126,5418,181,4.5
25005,4126,5418,187,3.5
25006,4126,5418,199,4
25007,4126,5418,200,4.5
25008,4126,5418,201,4
25009,4126,5418,205,3
25010,4126,5418,212,4.5
25011,4126,5418,213,4
25012,4126,5418,235,4.5
25013,4126,5418,240,4
25014,4126,5418,243,3
25015,4126,5418,268,4.5
25016,4126,5418,282,4.5
25017,4126,5418,283,3.5
25018,4126,5418,287,5
25019,4126,5418,290,5
25020,4126,5418,292,3
25021,4126,5418,294,4
25022,4126,5418,295,4.5
25023,4126,5418,311,5
25024,4126,5418,313,4.5
25025,4126,5418,316,5
25026,4126,5418,332,1.5
25027,4126,5418,333,4.5
25028,4126,5418,339,3.5
25029,4126,5418,353,3.5
25030,4126,5418,355,4
25031,4126,5418,365,5
25032,4126,5418,378,0.5
25033,4126,5418,379,3.5
25034,4126,5418,380,3
25035,4126,5418,384,3
25036,4126,5418,388,4
25037,4126,5418,394,4
25038,4126,5418,405,4
25039,4126,5418,407,4
25040,4126,5418,410,5
25041,4126,5418,426,4
25042,4126,5418,430,4
25043,4126,5418,431,5
25044,4126,5418,432,4.5
25045,4126,5418,433,3.5
25046,4126,5418,452,3.5
25047,4126,5418,456,3
25048,4126,5418,457,2
25049,4126,5418,461,3.5
25050,4126,5418,463,2
25051,4126,5418,468,3
25052,4126,5418,475,4
25053,4126,5418,480,5
25054,4126,5418,481,5
25055,4126,5418,483,5
25056,4126,5418,494,4
25057,4126,5418,523,4.5
25058,4126,5418,531,2.5
25059,4126,5418,547,4
25060,4126,5418,553,4
25061,4126,5418,561,3.5
25062,4126,5418,562,4
25063,4126,5418,574,4
25064,4126,5418,584,5
25065,4126,5418,587,4
25066,4126,5418,596,3.5
25067,4126,5418,607,4.5
25068,4126,5418,611,3
25069,4126,5418,615,4
25070,4126,5418,623,4
25071,4126,5418,624,3
25072,4126,5418,627,4
25073,4126,5418,664,4
25074,4125,5417,388,4
25075,4125,5417,407,3
25076,4125,5417,472,4
25077,4125,5417,509,3
25078,4125,5417,598,1
25079,4124,5416,15,1.5
25080,4123,5415,128,4
25081,4123,5415,292,4
25082,4123,5415,374,5
25083,4123,5415,382,3
25084,4123,5415,452,1.5
25085,4123,5415,463,3
25086,4122,5414,374,4
25087,4122,5414,384,4
25088,4122,5414,418,5
25089,4122,5414,624,2
25090,4121,5413,581,0.5
25091,4120,5410,15,2
25092,4120,5410,609,1
25093,4119,5404,468,3
25094,4119,5404,587,4
25095,4118,5401,56,4
25096,4118,5401,73,3
25097,4118,5401,294,3.5
25098,4118,5401,350,4
25099,4118,5401,404,4
25100,4118,5401,472,4
25101,4118,5401,528,2.5
25102,4118,5401,546,5
25103,4118,5401,624,1
25104,4117,5400,15,3
25105,4117,5400,22,2.5
25106,4117,5400,30,4
25107,4117,5400,105,2.5
25108,4117,5400,150,4
25109,4117,5400,212,3
25110,4117,5400,213,4
25111,4117,5400,313,3
25112,4117,5400,353,2
25113,4117,5400,367,3.5
25114,4117,5400,374,4
25115,4117,5400,405,3.5
25116,4117,5400,463,3
25117,4117,5400,468,1.5
25118,4117,5400,571,3.5
25119,4117,5400,574,2.5
25120,4117,5400,624,3
25121,4116,5398,452,4
25122,4116,5398,529,4.5
25123,4115,5395,609,1
25124,4114,5391,15,2.5
25125,4114,5391,30,4
25126,4114,5391,143,4.5
25127,4114,5391,407,5
25128,4114,5391,441,4.5
25129,4114,5391,547,3.5
25130,4113,5389,212,3.5
25131,4113,5389,213,2.5
25132,4113,5389,313,3.5
25133,4112,5388,15,2
25134,4112,5388,17,4
25135,4112,5388,23,3.5
25136,4112,5388,30,4
25137,4112,5388,73,3
25138,4112,5388,105,4
25139,4112,5388,128,3
25140,4112,5388,138,3.5
25141,4112,5388,212,2
25142,4112,5388,243,2.5
25143,4112,5388,374,4
25144,4112,5388,380,4
25145,4112,5388,384,1.5
25146,4112,5388,388,3
25147,4112,5388,424,4
25148,4112,5388,452,3
25149,4112,5388,461,4
25150,4112,5388,463,3
25151,4112,5388,468,3
25152,4112,5388,509,3.5
25153,4112,5388,544,4.5
25154,4112,5388,547,2.5
25155,4112,5388,607,3.5
25156,4112,5388,624,3.5
25157,4112,5388,654,4
25158,4112,5388,664,4
25159,4111,5387,128,4
25160,4111,5387,165,1
25161,4111,5387,374,5
25162,4111,5387,418,4.5
25163,4111,5387,439,2
25164,4110,5385,23,3.5
25165,4110,5385,299,4
25166,4110,5385,452,3
25167,4110,5385,505,3
25168,4110,5385,529,4
25169,4110,5385,547,5
25170,4109,5384,547,4
25171,4108,5383,405,4
25172,4107,5382,30,2
25173,4107,5382,263,4
25174,4107,5382,404,4
25175,4107,5382,405,4
25176,4107,5382,624,4
25177,4106,5380,20,4
25178,4106,5380,52,4.5
25179,4106,5380,294,4.5
25180,4106,5380,509,3
25181,4106,5380,547,4
25182,4105,5379,187,4
25183,4105,5379,407,4.5
25184,4105,5379,452,4.5
25185,4105,5379,472,4
25186,4104,5378,8,3.5
25187,4104,5378,15,3
25188,4104,5378,23,0.5
25189,4104,5378,72,3
25190,4104,5378,73,3
25191,4104,5378,77,1
25192,4104,5378,78,5
25193,4104,5378,88,1
25194,4104,5378,95,5
25195,4104,5378,125,1
25196,4104,5378,130,4
25197,4104,5378,134,4
25198,4104,5378,136,4
25199,4104,5378,146,3
25200,4104,5378,150,3.5
25201,4104,5378,157,2.5
25202,4104,5378,165,0.5
25203,4104,5378,175,2
25204,4104,5378,176,4
25205,4104,5378,199,4.5
25206,4104,5378,212,3
25207,4104,5378,213,2.5
25208,4104,5378,217,4.5
25209,4104,5378,228,0.5
25210,4104,5378,234,4.5
25211,4104,5378,236,2.5
25212,4104,5378,243,5
25213,4104,5378,260,5
25214,4104,5378,268,3
25215,4104,5378,270,3
25216,4104,5378,273,4
25217,4104,5378,287,4
25218,4104,5378,294,3
25219,4104,5378,316,4
25220,4104,5378,332,0.5
25221,4104,5378,345,3.5
25222,4104,5378,346,1
25223,4104,5378,350,4
25224,4104,5378,353,2.5
25225,4104,5378,355,4
25226,4104,5378,370,3
25227,4104,5378,374,4
25228,4104,5378,380,2.5
25229,4104,5378,384,4
25230,4104,5378,388,3
25231,4104,5378,394,4
25232,4104,5378,402,2
25233,4104,5378,405,5
25234,4104,5378,407,3
25235,4104,5378,417,2.5
25236,4104,5378,428,1.5
25237,4104,5378,430,3.5
25238,4104,5378,439,4
25239,4104,5378,456,3
25240,4104,5378,461,0.5
25241,4104,5378,463,3
25242,4104,5378,468,2
25243,4104,5378,471,3.5
25244,4104,5378,472,3
25245,4104,5378,475,2
25246,4104,5378,481,3.5
25247,4104,5378,483,0.5
25248,4104,5378,486,3
25249,4104,5378,498,0.5
25250,4104,5378,503,3
25251,4104,5378,525,5
25252,4104,5378,544,3.5
25253,4104,5378,553,5
25254,4104,5378,561,3
25255,4104,5378,562,5
25256,4104,5378,570,2
25257,4104,5378,574,3
25258,4104,5378,577,4.5
25259,4104,5378,580,2.5
25260,4104,5378,596,3.5
25261,4104,5378,607,3.5
25262,4104,5378,612,4
25263,4104,5378,620,4
25264,4104,5378,624,3
25265,4104,5378,654,4
25266,4104,5378,660,3.5
25267,4104,5378,665,4
25268,4103,5377,15,4
25269,4103,5377,23,3.5
25270,4103,5377,56,5
25271,4103,5377,83,4
25272,4103,5377,88,4.5
25273,4103,5377,93,3.5
25274,4103,5377,105,4
25275,4103,5377,111,4
25276,4103,5377,125,4
25277,4103,5377,139,4
25278,4103,5377,150,3
25279,4103,5377,212,4
25280,4103,5377,216,4.5
25281,4103,5377,235,5
25282,4103,5377,255,4
25283,4103,5377,262,3
25284,4103,5377,268,2
25285,4103,5377,292,4
25286,4103,5377,309,5
25287,4103,5377,311,3
25288,4103,5377,315,3
25289,4103,5377,316,3.5
25290,4103,5377,353,3
25291,4103,5377,362,4
25292,4103,5377,382,2.5
25293,4103,5377,384,2.5
25294,4103,5377,417,5
25295,4103,5377,419,3
25296,4103,5377,427,3
25297,4103,5377,431,5
25298,4103,5377,439,4
25299,4103,5377,441,2.5
25300,4103,5377,452,3.5
25301,4103,5377,460,4
25302,4103,5377,461,3.5
25303,4103,5377,463,4
25304,4103,5377,465,3.5
25305,4103,5377,468,3
25306,4103,5377,472,3
25307,4103,5377,473,3.5
25308,4103,5377,480,2.5
25309,4103,5377,500,3.5
25310,4103,5377,509,3
25311,4103,5377,532,2.5
25312,4103,5377,547,4
25313,4103,5377,582,1
25314,4103,5377,598,4.5
25315,4103,5377,599,4
25316,4103,5377,652,5
25317,4103,5377,654,4.5
25318,4103,5377,665,4
25319,4103,5377,671,4
25320,4102,5375,294,3
25321,4102,5375,427,4.5
25322,4101,5373,23,3.5
25323,4101,5373,405,3.5
25324,4100,5372,294,4
25325,4100,5372,404,3
25326,4099,5367,23,4
25327,4099,5367,547,4
25328,4099,5367,587,4.5
25329,4098,5366,30,1
25330,4097,5365,441,4
25331,4097,5365,587,3
25332,4096,5364,15,2.5
25333,4096,5364,30,4
25334,4096,5364,208,4
25335,4096,5364,405,4
25336,4096,5364,452,2.5
25337,4096,5364,547,3.5
25338,4095,5363,15,1
25339,4094,5361,294,3.5
25340,4093,5360,139,3.5
25341,4093,5360,452,2
25342,4093,5360,547,2
25343,4092,5359,30,4
25344,4092,5359,547,2
25345,4091,5357,212,3.5
25346,4091,5357,287,4.5
25347,4091,5357,294,3.5
25348,4091,5357,311,3
25349,4091,5357,461,3
25350,4090,5356,624,0.5
25351,4089,5354,294,3.5
25352,4089,5354,452,3
25353,4088,5353,452,2
25354,4087,5352,609,1
25355,4086,5349,3,3
25356,4086,5349,5,4.5
25357,4086,5349,15,1
25358,4086,5349,16,3
25359,4086,5349,17,1.5
25360,4086,5349,22,5
25361,4086,5349,23,2
25362,4086,5349,38,4
25363,4086,5349,41,3.5
25364,4086,5349,42,4
25365,4086,5349,48,3.5
25366,4086,5349,59,3
25367,4086,5349,61,4.5
25368,4086,5349,63,5
25369,4086,5349,68,4
25370,4086,5349,69,3.5
25371,4086,5349,72,3
25372,4086,5349,73,4
25373,4086,5349,77,4
25374,4086,5349,79,3
25375,4086,5349,88,3
25376,4086,5349,89,4.5
25377,4086,5349,94,4
25378,4086,5349,95,4
25379,4086,5349,99,4
25380,4086,5349,103,4
25381,4086,5349,105,2.5
25382,4086,5349,111,4
25383,4086,5349,120,4
25384,4086,5349,125,4
25385,4086,5349,128,3
25386,4086,5349,130,4
25387,4086,5349,134,4.5
25388,4086,5349,136,4
25389,4086,5349,138,0.5
25390,4086,5349,139,3.5
25391,4086,5349,140,4
25392,4086,5349,150,2.5
25393,4086,5349,152,2
25394,4086,5349,157,3
25395,4086,5349,163,2.5
25396,4086,5349,164,3.5
25397,4086,5349,165,4
25398,4086,5349,166,4
25399,4086,5349,175,4
25400,4086,5349,176,3
25401,4086,5349,199,1.5
25402,4086,5349,200,4
25403,4086,5349,201,4
25404,4086,5349,212,4
25405,4086,5349,213,3.5
25406,4086,5349,217,4
25407,4086,5349,234,3
25408,4086,5349,235,4.5
25409,4086,5349,240,3.5
25410,4086,5349,243,3
25411,4086,5349,253,4.5
25412,4086,5349,262,1.5
25413,4086,5349,268,4
25414,4086,5349,272,3.5
25415,4086,5349,273,4
25416,4086,5349,281,2.5
25417,4086,5349,287,5
25418,4086,5349,291,4.5
25419,4086,5349,294,4
25420,4086,5349,295,5
25421,4086,5349,309,3.5
25422,4086,5349,311,4
25423,4086,5349,313,4.5
25424,4086,5349,316,3.5
25425,4086,5349,324,3.5
25426,4086,5349,345,4.5
25427,4086,5349,346,5
25428,4086,5349,353,3.5
25429,4086,5349,355,3.5
25430,4086,5349,370,4.5
25431,4086,5349,374,3
25432,4086,5349,378,0.5
25433,4086,5349,380,4
25434,4086,5349,382,3
25435,4086,5349,384,5
25436,4086,5349,388,4
25437,4086,5349,402,3
25438,4086,5349,404,3
25439,4086,5349,407,3
25440,4086,5349,417,4.5
25441,4086,5349,418,2.5
25442,4086,5349,423,3
25443,4086,5349,426,4
25444,4086,5349,428,3.5
25445,4086,5349,430,4
25446,4086,5349,431,4
25447,4086,5349,433,3.5
25448,4086,5349,439,3
25449,4086,5349,456,3.5
25450,4086,5349,457,1.5
25451,4086,5349,461,4
25452,4086,5349,463,4
25453,4086,5349,468,2.5
25454,4086,5349,472,3
25455,4086,5349,475,4
25456,4086,5349,480,3.5
25457,4086,5349,481,3
25458,4086,5349,509,3
25459,4086,5349,520,2.5
25460,4086,5349,523,4
25461,4086,5349,525,4
25462,4086,5349,527,2
25463,4086,5349,528,3
25464,4086,5349,531,2
25465,4086,5349,532,4.5
25466,4086,5349,547,3
25467,4086,5349,553,4
25468,4086,5349,561,4
25469,4086,5349,562,5
25470,4086,5349,574,3
25471,4086,5349,577,4.5
25472,4086,5349,580,4.5
25473,4086,5349,582,4
25474,4086,5349,584,4
25475,4086,5349,586,1
25476,4086,5349,587,2.5
25477,4086,5349,596,3.5
25478,4086,5349,599,3.5
25479,4086,5349,607,4.5
25480,4086,5349,611,3
25481,4086,5349,615,3.5
25482,4086,5349,623,4
25483,4086,5349,624,4
25484,4086,5349,627,2.5
25485,4086,5349,652,4
25486,4086,5349,654,5
25487,4086,5349,664,4
25488,4086,5349,671,4
25489,4085,5348,23,3.5
25490,4084,5346,15,3.5
25491,4084,5346,95,4
25492,4084,5346,405,4
25493,4083,5344,30,4
25494,4083,5344,405,4
25495,4082,5343,95,3
25496,4081,5342,95,2
25497,4080,5341,452,4
25498,4080,5341,529,4
25499,4080,5341,547,5
25500,4080,5341,587,4
25501,4079,5339,15,3.5
25502,4079,5339,33,4
25503,4079,5339,468,2.5
25504,4079,5339,529,4
25505,4079,5339,547,3.5
25506,4079,5339,587,4
25507,4079,5339,609,1
25508,4079,5339,624,4
25509,4078,5337,294,4
25510,4078,5337,404,5
25511,4078,5337,457,2
25512,4077,5335,30,2
25513,4076,5334,30,4
25514,4076,5334,105,3.5
25515,4076,5334,624,1
25516,4075,5333,236,4
25517,4074,5329,73,4.5
25518,4074,5329,165,2
25519,4074,5329,374,5
25520,4073,5325,350,3
25521,4073,5325,407,5
25522,4072,5324,374,4
25523,4071,5323,165,3.5
25524,4071,5323,353,1
25525,4071,5323,374,1
25526,4071,5323,457,1
25527,4070,5319,15,3.5
25528,4070,5319,262,2
25529,4070,5319,283,4.5
25530,4070,5319,481,5
25531,4070,5319,501,5
25532,4069,5316,17,1.5
25533,4069,5316,212,3.5
25534,4069,5316,220,4
25535,4069,5316,353,3.5
25536,4069,5316,407,3
25537,4069,5316,472,3
25538,4068,5315,388,2
25539,4068,5315,407,4
25540,4067,5313,15,1
25541,4067,5313,73,2
25542,4067,5313,213,3.5
25543,4067,5313,263,3
25544,4067,5313,294,3
25545,4067,5313,374,3
25546,4067,5313,386,1
25547,4067,5313,418,1.5
25548,4067,5313,468,1
25549,4067,5313,475,0.5
25550,4067,5313,598,3
25551,4066,5312,128,4
25552,4066,5312,150,2.5
25553,4066,5312,294,3
25554,4066,5312,353,2
25555,4066,5312,374,5
25556,4066,5312,380,4
25557,4066,5312,439,4
25558,4066,5312,452,2.5
25559,4065,5309,30,3
25560,4065,5309,95,3
25561,4065,5309,105,1.5
25562,4065,5309,294,3
25563,4065,5309,452,3
25564,4065,5309,540,4.5
25565,4065,5309,607,2.5
25566,4065,5309,624,2
25567,4064,5308,15,2.5
25568,4064,5308,30,4
25569,4064,5308,69,4
25570,4064,5308,95,4
25571,4064,5308,105,2
25572,4064,5308,111,3.5
25573,4064,5308,139,4.5
25574,4064,5308,212,1.5
25575,4064,5308,292,4
25576,4064,5308,294,3.5
25577,4064,5308,301,3.5
25578,4064,5308,452,3
25579,4064,5308,457,2
25580,4064,5308,460,1.5
25581,4064,5308,461,2
25582,4064,5308,547,2
25583,4064,5308,575,3
25584,4064,5308,624,4
25585,4064,5308,654,4
25586,4063,5307,30,3
25587,4062,5305,294,3.5
25588,4061,5304,23,3.5
25589,4061,5304,481,4.5
25590,4061,5304,609,1
25591,4060,5303,30,3
25592,4060,5303,95,3
25593,4060,5303,294,4
25594,4060,5303,311,2
25595,4060,5303,460,3.5
25596,4060,5303,463,3
25597,4060,5303,547,1
25598,4060,5303,575,2
25599,4060,5303,624,3
25600,4060,5303,655,4
25601,4059,5302,105,3.5
25602,4058,5301,575,5
25603,4057,5300,257,5
25604,4057,5300,468,3
25605,4057,5300,604,4
25606,4056,5299,5,4.5
25607,4056,5299,15,0.5
25608,4056,5299,17,0.5
25609,4056,5299,23,2.5
25610,4056,5299,30,5
25611,4056,5299,61,3.5
25612,4056,5299,68,3.5
25613,4056,5299,73,3
25614,4056,5299,88,3.5
25615,4056,5299,93,3.5
25616,4056,5299,105,3
25617,4056,5299,128,5
25618,4056,5299,130,3
25619,4056,5299,159,4
25620,4056,5299,175,4
25621,4056,5299,212,3.5
25622,4056,5299,213,2
25623,4056,5299,240,3.5
25624,4056,5299,243,3
25625,4056,5299,253,3
25626,4056,5299,292,4
25627,4056,5299,294,4.5
25628,4056,5299,295,4
25629,4056,5299,311,4.5
25630,4056,5299,313,3
25631,4056,5299,345,3.5
25632,4056,5299,350,5
25633,4056,5299,367,3.5
25634,4056,5299,382,2
25635,4056,5299,384,2.5
25636,4056,5299,405,5
25637,4056,5299,419,3.5
25638,4056,5299,439,1
25639,4056,5299,452,4.5
25640,4056,5299,463,4
25641,4056,5299,468,2
25642,4056,5299,471,3.5
25643,4056,5299,472,4
25644,4056,5299,500,3.5
25645,4056,5299,505,3.5
25646,4056,5299,529,3
25647,4056,5299,547,2.5
25648,4056,5299,561,3
25649,4056,5299,580,4
25650,4056,5299,582,3.5
25651,4056,5299,591,4.5
25652,4056,5299,607,4
25653,4056,5299,620,0.5
25654,4056,5299,624,4
25655,4056,5299,654,4.5
25656,4056,5299,671,3
25657,4055,5298,15,2.5
25658,4055,5298,299,3.5
25659,4055,5298,472,4
25660,4054,5297,30,4
25661,4054,5297,294,4
25662,4054,5297,388,4
25663,4053,5296,15,1.5
25664,4053,5296,52,2
25665,4053,5296,106,2.5
25666,4053,5296,128,3
25667,4053,5296,212,1.5
25668,4053,5296,235,4
25669,4053,5296,292,4
25670,4053,5296,384,3
25671,4052,5294,73,3.5
25672,4052,5294,134,4
25673,4052,5294,165,1.5
25674,4052,5294,262,1
25675,4052,5294,292,4.5
25676,4052,5294,380,4.5
25677,4052,5294,452,3
25678,4052,5294,463,4
25679,4052,5294,601,2.5
25680,4052,5294,609,1
25681,4051,5293,15,3
25682,4051,5293,30,5
25683,4051,5293,213,3
25684,4051,5293,374,4
25685,4051,5293,380,3
25686,4051,5293,384,1.5
25687,4051,5293,452,3
25688,4051,5293,509,2.5
25689,4051,5293,547,4
25690,4051,5293,624,3
25691,4050,5292,95,4
25692,4050,5292,309,4.5
25693,4050,5292,452,4
25694,4050,5292,468,3
25695,4050,5292,472,4
25696,4050,5292,575,3
25697,4050,5292,587,3.5
25698,4050,5292,598,4
25699,4049,5291,15,3.5
25700,4049,5291,23,4
25701,4049,5291,148,5
25702,4049,5291,236,4.5
25703,4049,5291,262,2
25704,4049,5291,281,3
25705,4049,5291,297,5
25706,4049,5291,345,4.5
25707,4049,5291,406,4.5
25708,4049,5291,423,4.5
25709,4049,5291,445,3.5
25710,4049,5291,450,5
25711,4049,5291,472,3
25712,4049,5291,529,3.5
25713,4049,5291,547,4
25714,4049,5291,587,4
25715,4047,5288,468,4
25716,4047,5288,547,4
25717,4046,5285,472,3
25718,4045,5283,15,3
25719,4045,5283,73,3
25720,4045,5283,111,3.5
25721,4045,5283,150,3.5
25722,4045,5283,267,3.5
25723,4045,5283,270,2.5
25724,4045,5283,297,2.5
25725,4045,5283,340,2
25726,4045,5283,402,4
25727,4045,5283,457,1.5
25728,4045,5283,599,3.5
25729,4044,5282,33,4
25730,4044,5282,150,3
25731,4044,5282,213,2.5
25732,4043,5279,15,0.5
25733,4043,5279,294,3
25734,4043,5279,439,2
25735,4042,5278,581,0.5
25736,4041,5277,30,2
25737,4040,5276,30,4
25738,4039,5275,299,4
25739,4039,5275,468,2.5
25740,4038,5271,652,4
25741,4037,5269,15,4.5
25742,4037,5269,30,1
25743,4037,5269,81,4.5
25744,4037,5269,255,4
25745,4037,5269,262,3
25746,4037,5269,481,5
25747,4037,5269,544,5
25748,4036,5267,311,3.5
25749,4036,5267,382,3
25750,4036,5267,468,3
25751,4036,5267,472,4
25752,4035,5266,5,3.5
25753,4035,5266,15,1
25754,4035,5266,17,3
25755,4035,5266,22,2.5
25756,4035,5266,23,4
25757,4035,5266,73,3.5
25758,4035,5266,125,2.5
25759,4035,5266,128,4
25760,4035,5266,212,3
25761,4035,5266,263,3.5
25762,4035,5266,303,2.5
25763,4035,5266,313,3.5
25764,4035,5266,324,3.5
25765,4035,5266,380,2.5
25766,4035,5266,384,3
25767,4035,5266,388,4
25768,4035,5266,426,3
25769,4035,5266,452,4
25770,4035,5266,457,2.5
25771,4035,5266,463,4
25772,4035,5266,468,2.5
25773,4035,5266,475,2
25774,4035,5266,480,5
25775,4035,5266,481,2.5
25776,4035,5266,501,4.5
25777,4035,5266,509,3
25778,4035,5266,544,4.5
25779,4035,5266,596,3
25780,4035,5266,598,2
25781,4035,5266,654,4.5
25782,4034,5265,463,4
25783,4034,5265,468,2.5
25784,4034,5265,547,3
25785,4034,5265,598,3
25786,4033,5264,652,5
25787,4032,5258,509,4
25788,4031,5256,472,2
25789,4030,5255,111,3
25790,4030,5255,353,1.5
25791,4030,5255,439,4
25792,4030,5255,598,1
25793,4029,5254,15,1
25794,4029,5254,17,2.5
25795,4029,5254,77,3.5
25796,4029,5254,157,2.5
25797,4029,5254,212,2.5
25798,4029,5254,213,1.5
25799,4029,5254,243,2.5
25800,4029,5254,294,3
25801,4029,5254,353,2
25802,4029,5254,355,3.5
25803,4029,5254,374,5
25804,4029,5254,380,4
25805,4029,5254,384,2.5
25806,4029,5254,461,3
25807,4029,5254,475,4
25808,4029,5254,570,4
25809,4029,5254,574,3
25810,4029,5254,580,3
25811,4029,5254,582,4.5
25812,4029,5254,584,0.5
25813,4029,5254,607,3.5
25814,4029,5254,611,1
25815,4028,5250,30,4
25816,4028,5250,120,3
25817,4028,5250,547,3.5
25818,4028,5250,575,3
25819,4028,5250,624,4
25820,4027,5248,452,1
25821,4027,5248,624,1.5
25822,4026,5247,30,3
25823,4026,5247,213,2.5
25824,4026,5247,346,3.5
25825,4026,5247,452,1
25826,4026,5247,575,1
25827,4026,5247,624,4
25828,4025,5246,452,1
25829,4025,5246,624,2
25830,4024,5244,73,5
25831,4023,5243,346,4
25832,4022,5242,547,1.5
25833,4021,5241,452,2
25834,4021,5241,609,1
25835,4020,5238,452,4.5
25836,4020,5238,547,5
25837,4019,5237,30,4
25838,4019,5237,452,2
25839,4019,5237,463,4
25840,4019,5237,609,1
25841,4018,5236,609,1
25842,4017,5234,575,4
25843,4016,5233,575,4
25844,4015,5232,575,4
25845,4014,5231,575,4
25846,4013,5230,575,4
25847,4012,5229,652,5
25848,4011,5227,575,1
25849,4010,5226,472,3.5
25850,4009,5225,15,1.5
25851,4009,5225,23,5
25852,4009,5225,48,3
25853,4009,5225,143,4.5
25854,4009,5225,255,4.5
25855,4009,5225,262,3
25856,4009,5225,283,4.5
25857,4009,5225,374,5
25858,4009,5225,388,5
25859,4009,5225,407,5
25860,4009,5225,427,4
25861,4009,5225,430,4.5
25862,4009,5225,432,4
25863,4009,5225,439,5
25864,4009,5225,441,4
25865,4009,5225,452,4
25866,4009,5225,457,3.5
25867,4009,5225,481,4.5
25868,4009,5225,509,4.5
25869,4009,5225,522,3
25870,4009,5225,524,4
25871,4009,5225,547,4
25872,4009,5225,584,1
25873,4009,5225,587,4
25874,4009,5225,610,4
25875,4009,5225,648,4.5
25876,4008,5224,609,1
25877,4007,5223,598,1
25878,4006,5222,15,2
25879,4006,5222,23,4
25880,4006,5222,52,3.5
25881,4006,5222,95,4
25882,4006,5222,427,4
25883,4006,5222,587,4
25884,4005,5220,15,3
25885,4005,5220,293,3.5
25886,4005,5220,522,1.5
25887,4005,5220,598,2
25888,4005,5220,624,3
25889,4004,5219,15,1
25890,4004,5219,22,3
25891,4004,5219,41,4
25892,4004,5219,73,3
25893,4004,5219,78,4.5
25894,4004,5219,89,4.5
25895,4004,5219,150,2.5
25896,4004,5219,199,3.5
25897,4004,5219,212,3
25898,4004,5219,213,2.5
25899,4004,5219,346,5
25900,4004,5219,353,2.5
25901,4004,5219,355,3.5
25902,4004,5219,380,3.5
25903,4004,5219,384,2
25904,4004,5219,386,3
25905,4004,5219,457,1.5
25906,4004,5219,475,2.5
25907,4004,5219,572,3.5
25908,4004,5219,580,2.5
25909,4004,5219,598,2
25910,4004,5219,665,3
25911,4003,5218,15,1
25912,4003,5218,26,4
25913,4003,5218,48,4
25914,4003,5218,68,3.5
25915,4003,5218,72,2.5
25916,4003,5218,73,3
25917,4003,5218,77,4
25918,4003,5218,88,3.5
25919,4003,5218,91,4.5
25920,4003,5218,94,3.5
25921,4003,5218,105,4
25922,4003,5218,124,3.5
25923,4003,5218,133,0.5
25924,4003,5218,176,3
25925,4003,5218,200,4.5
25926,4003,5218,212,4
25927,4003,5218,213,3
25928,4003,5218,250,5
25929,4003,5218,251,5
25930,4003,5218,253,4
25931,4003,5218,262,2
25932,4003,5218,272,3
25933,4003,5218,293,4
25934,4003,5218,294,2.5
25935,4003,5218,295,4
25936,4003,5218,311,4.5
25937,4003,5218,313,5
25938,4003,5218,324,3
25939,4003,5218,328,3.5
25940,4003,5218,333,5
25941,4003,5218,353,3
25942,4003,5218,371,4
25943,4003,5218,378,0.5
25944,4003,5218,380,3
25945,4003,5218,381,5
25946,4003,5218,384,3.5
25947,4003,5218,397,4
25948,4003,5218,402,1.5
25949,4003,5218,418,5
25950,4003,5218,423,2.5
25951,4003,5218,426,3.5
25952,4003,5218,442,4.5
25953,4003,5218,468,3
25954,4003,5218,471,4.5
25955,4003,5218,472,3
25956,4003,5218,475,2
25957,4003,5218,481,3
25958,4003,5218,500,2
25959,4003,5218,540,4
25960,4003,5218,542,2
25961,4003,5218,553,4
25962,4003,5218,561,3
25963,4003,5218,570,3
25964,4003,5218,574,3.5
25965,4003,5218,577,4.5
25966,4003,5218,580,2.5
25967,4003,5218,596,3.5
25968,4003,5218,607,4
25969,4003,5218,615,3
25970,4003,5218,627,4
25971,4003,5218,654,3.5
25972,4003,5218,660,3.5
25973,4003,5218,671,2
25974,4002,5214,30,3
25975,4002,5214,294,3.5
25976,4002,5214,405,4.5
25977,4002,5214,575,4
25978,4001,5210,73,3.5
25979,4000,5208,30,4
25980,3999,5205,73,3.5
25981,3998,5203,95,4
25982,3997,5202,468,3
25983,3997,5202,609,1
25984,3996,5199,547,3
25985,3995,5198,30,4
25986,3994,5193,30,3
25987,3994,5193,405,5
25988,3994,5193,547,3
25989,3993,5187,30,4
25990,3993,5187,472,4
25991,3993,5187,575,4
25992,3992,5186,452,2
25993,3992,5186,547,3
25994,3991,5182,577,3.5
25995,3990,5180,105,3
25996,3989,5179,481,5
25997,3989,5179,609,1
25998,3988,5177,23,4.5
25999,3988,5177,236,4
26000,3988,5177,468,4.5
26001,3988,5177,472,4
26002,3988,5177,547,3
26003,3987,5172,30,4
26004,3987,5172,463,1
26005,3986,5171,15,0.5
26006,3986,5171,75,2
26007,3986,5171,77,2
26008,3986,5171,150,2
26009,3986,5171,199,3
26010,3986,5171,213,2.5
26011,3986,5171,439,1
26012,3986,5171,463,2
26013,3986,5171,468,2
26014,3986,5171,475,1.5
26015,3986,5171,654,3.5
26016,3986,5171,664,4
26017,3985,5170,15,2
26018,3985,5170,165,2.5
26019,3985,5170,432,4
26020,3983,5168,294,4.5
26021,3983,5168,328,3.5
26022,3983,5168,575,4
26023,3982,5167,575,4
26024,3981,5165,73,4
26025,3981,5165,165,3.5
26026,3981,5165,262,3.5
26027,3980,5164,128,4
26028,3979,5161,30,4
26029,3978,5159,73,4
26030,3978,5159,128,5
26031,3978,5159,185,3
26032,3978,5159,294,3
26033,3978,5159,328,3
26034,3977,5153,262,3
26035,3976,5152,30,5
26036,3976,5152,73,3
26037,3976,5152,83,5
26038,3976,5152,165,1
26039,3976,5152,212,3
26040,3976,5152,313,4
26041,3976,5152,353,3
26042,3976,5152,380,4
26043,3976,5152,417,3.5
26044,3976,5152,442,5
26045,3976,5152,452,4
26046,3976,5152,544,4
26047,3976,5152,553,5
26048,3976,5152,577,5
26049,3976,5152,596,2
26050,3976,5152,664,3.5
26051,3975,5151,73,3
26052,3975,5151,128,5
26053,3975,5151,226,3
26054,3975,5151,262,0.5
26055,3975,5151,313,2
26056,3975,5151,374,4
26057,3975,5151,402,3
26058,3975,5151,418,3
26059,3975,5151,457,1.5
26060,3975,5151,524,3.5
26061,3975,5151,574,3
26062,3975,5151,598,3
26063,3975,5151,624,3
26064,3974,5147,23,4
26065,3974,5147,81,4
26066,3974,5147,236,4.5
26067,3974,5147,262,3
26068,3974,5147,297,4.5
26069,3974,5147,481,5
26070,3974,5147,509,4
26071,3974,5147,587,4
26072,3973,5146,48,4
26073,3973,5146,73,4
26074,3973,5146,157,4
26075,3973,5146,199,4
26076,3973,5146,213,4.5
26077,3973,5146,257,0.5
26078,3973,5146,346,4
26079,3973,5146,352,3
26080,3973,5146,470,4
26081,3973,5146,577,4.5
26082,3973,5146,580,3.5
26083,3972,5142,529,4
26084,3971,5141,202,3
26085,3971,5141,598,3
26086,3970,5139,73,3.5
26087,3970,5139,202,4
26088,3970,5139,468,3
26089,3969,5137,17,4.5
26090,3969,5137,307,4.5
26091,3968,5135,15,4
26092,3968,5135,23,4
26093,3968,5135,83,4.5
26094,3968,5135,132,4.5
26095,3968,5135,240,4.5
26096,3968,5135,283,3
26097,3968,5135,295,3
26098,3968,5135,309,4
26099,3968,5135,407,2
26100,3968,5135,427,3
26101,3968,5135,431,4.5
26102,3968,5135,441,2
26103,3968,5135,452,3
26104,3968,5135,529,5
26105,3968,5135,547,4
26106,3968,5135,580,3
26107,3967,5134,212,3.5
26108,3967,5134,384,3.5
26109,3966,5128,15,1
26110,3966,5128,176,2
26111,3966,5128,212,4
26112,3966,5128,294,4
26113,3966,5128,475,1
26114,3966,5128,580,2
26115,3965,5127,30,3
26116,3965,5127,355,3
26117,3965,5127,452,2
26118,3964,5125,30,2
26119,3963,5122,30,4
26120,3962,5121,450,5
26121,3962,5121,468,4.5
26122,3962,5121,547,4
26123,3961,5120,15,3
26124,3961,5120,30,4
26125,3961,5120,294,1.5
26126,3961,5120,452,4
26127,3961,5120,547,3
26128,3961,5120,587,4.5
26129,3960,5119,547,4
26130,3959,5117,581,0.5
26131,3958,5114,23,4
26132,3958,5114,96,5
26133,3958,5114,236,5
26134,3958,5114,547,4
26135,3958,5114,609,5
26136,3957,5111,30,4
26137,3957,5111,262,2
26138,3957,5111,463,3
26139,3956,5110,15,1.5
26140,3956,5110,26,4
26141,3956,5110,73,3
26142,3956,5110,219,4.5
26143,3956,5110,297,1.5
26144,3956,5110,307,4
26145,3956,5110,346,2
26146,3956,5110,353,3.5
26147,3956,5110,380,3.5
26148,3956,5110,417,3.5
26149,3956,5110,624,4
26150,3955,5109,294,3.5
26151,3954,5108,128,5
26152,3954,5108,213,3
26153,3954,5108,287,5
26154,3954,5108,452,2
26155,3954,5108,480,4.5
26156,3953,5107,248,5
26157,3953,5107,350,3
26158,3953,5107,388,3
26159,3953,5107,417,3
26160,3952,5106,33,2
26161,3952,5106,128,4
26162,3952,5106,165,1.5
26163,3952,5106,598,1
26164,3952,5106,624,0.5
26165,3952,5106,652,4.5
26166,3951,5105,17,5
26167,3951,5105,81,3
26168,3951,5105,262,3
26169,3951,5105,547,4
26170,3950,5103,56,4
26171,3950,5103,73,4
26172,3950,5103,83,4
26173,3950,5103,95,3
26174,3950,5103,156,4.5
26175,3950,5103,165,3.5
26176,3950,5103,169,4.5
26177,3950,5103,175,4
26178,3950,5103,187,4.5
26179,3950,5103,245,4
26180,3950,5103,253,4.5
26181,3950,5103,292,5
26182,3950,5103,294,4.5
26183,3950,5103,311,3.5
26184,3950,5103,353,3.5
26185,3950,5103,388,3.5
26186,3950,5103,431,4.5
26187,3950,5103,461,3
26188,3950,5103,468,2.5
26189,3950,5103,598,4
26190,3950,5103,607,3
26191,3949,5102,382,4
26192,3948,5101,519,5
26193,3947,5099,153,5
26194,3947,5099,547,3
26195,3947,5099,624,3
26196,3946,5098,547,3
26197,3945,5097,405,4.5
26198,3945,5097,547,3
26199,3944,5096,23,3
26200,3943,5095,165,3
26201,3943,5095,367,4
26202,3943,5095,439,4
26203,3942,5094,73,0.5
26204,3942,5094,165,1
26205,3942,5094,624,1.5
26206,3941,5093,150,2.5
26207,3941,5093,353,1.5
26208,3941,5093,384,2.5
26209,3940,5092,255,2
26210,3940,5092,374,3
26211,3940,5092,472,4
26212,3939,5088,547,4.5
26213,3938,5087,547,3
26214,3937,5085,328,3
26215,3937,5085,405,3.5
26216,3937,5085,529,3
26217,3936,5083,441,4
26218,3935,5081,150,2.5
26219,3935,5081,509,4
26220,3934,5080,95,3
26221,3934,5080,165,2.5
26222,3933,5079,575,3
26223,3932,5076,255,3.5
26224,3931,5075,15,4
26225,3930,5074,15,1
26226,3930,5074,33,4
26227,3930,5074,299,4.5
26228,3930,5074,388,3
26229,3930,5074,427,4
26230,3930,5074,439,3
26231,3930,5074,457,3.5
26232,3930,5074,472,5
26233,3929,5073,23,3
26234,3929,5073,452,4
26235,3928,5072,17,2.5
26236,3928,5072,176,0.5
26237,3928,5072,509,4
26238,3927,5071,15,5
26239,3926,5069,293,4.5
26240,3926,5069,346,3
26241,3925,5066,15,3
26242,3925,5066,128,4
26243,3925,5066,213,1.5
26244,3925,5066,226,4
26245,3925,5066,292,4
26246,3925,5066,382,2
26247,3925,5066,402,4
26248,3925,5066,461,1.5
26249,3925,5066,561,3
26250,3925,5066,572,4
26251,3924,5065,29,2
26252,3924,5065,187,4
26253,3924,5065,350,2
26254,3924,5065,355,3.5
26255,3924,5065,393,1.5
26256,3924,5065,452,2.5
26257,3924,5065,468,2.5
26258,3923,5064,8,5
26259,3923,5064,30,5
26260,3923,5064,73,4
26261,3923,5064,176,2.5
26262,3923,5064,212,4
26263,3923,5064,213,4
26264,3923,5064,226,4
26265,3923,5064,294,4
26266,3923,5064,353,3.5
26267,3923,5064,382,2.5
26268,3923,5064,386,3
26269,3923,5064,388,4
26270,3923,5064,431,3.5
26271,3923,5064,468,2.5
26272,3923,5064,512,5
26273,3923,5064,570,4
26274,3923,5064,580,2.5
26275,3923,5064,582,5
26276,3923,5064,598,4
26277,3923,5064,607,4
26278,3923,5064,652,4
26279,3923,5064,654,4
26280,3923,5064,664,4
26281,3922,5063,575,2
26282,3921,5062,17,5
26283,3920,5061,30,3
26284,3920,5061,405,0.5
26285,3920,5061,547,1.5
26286,3919,5060,15,1.5
26287,3919,5060,17,0.5
26288,3919,5060,21,3
26289,3919,5060,23,3
26290,3919,5060,30,3
26291,3919,5060,34,3
26292,3919,5060,49,4
26293,3919,5060,57,4
26294,3919,5060,59,3.5
26295,3919,5060,60,5
26296,3919,5060,65,5
26297,3919,5060,83,4.5
26298,3919,5060,102,5
26299,3919,5060,105,4
26300,3919,5060,119,5
26301,3919,5060,137,4
26302,3919,5060,148,4.5
26303,3919,5060,152,1.5
26304,3919,5060,159,4
26305,3919,5060,174,3.5
26306,3919,5060,187,1
26307,3919,5060,195,3
26308,3919,5060,232,3
26309,3919,5060,236,4
26310,3919,5060,239,4
26311,3919,5060,242,5
26312,3919,5060,248,5
26313,3919,5060,265,4
26314,3919,5060,271,2.5
26315,3919,5060,291,4.5
26316,3919,5060,311,2
26317,3919,5060,342,4
26318,3919,5060,345,5
26319,3919,5060,358,3
26320,3919,5060,373,4
26321,3919,5060,388,5
26322,3919,5060,420,3
26323,3919,5060,423,4
26324,3919,5060,433,3.5
26325,3919,5060,452,5
26326,3919,5060,457,2
26327,3919,5060,466,3
26328,3919,5060,468,3
26329,3919,5060,472,4
26330,3919,5060,499,5
26331,3919,5060,505,3
26332,3919,5060,509,3
26333,3919,5060,514,5
26334,3919,5060,529,4
26335,3919,5060,537,5
26336,3919,5060,547,4.5
26337,3919,5060,564,4
26338,3919,5060,575,3
26339,3919,5060,585,5
26340,3919,5060,591,3.5
26341,3919,5060,594,5
26342,3919,5060,597,5
26343,3919,5060,614,4
26344,3919,5060,624,4
26345,3918,5059,468,4.5
26346,3917,5057,575,2
26347,3916,5056,450,5
26348,3916,5056,481,5
26349,3916,5056,547,2
26350,3916,5056,587,4
26351,3915,5055,73,3
26352,3915,5055,111,4
26353,3915,5055,202,5
26354,3915,5055,212,2.5
26355,3915,5055,346,1
26356,3915,5055,353,3
26357,3915,5055,380,4.5
26358,3915,5055,624,3
26359,3914,5054,17,4
26360,3914,5054,75,3.5
26361,3914,5054,139,3.5
26362,3913,5053,165,3
26363,3913,5053,294,3.5
26364,3912,5051,452,2.5
26365,3912,5051,648,4
26366,3911,5049,30,4
26367,3911,5049,95,3
26368,3911,5049,105,4
26369,3911,5049,120,3.5
26370,3911,5049,130,3.5
26371,3911,5049,217,4.5
26372,3911,5049,268,3
26373,3911,5049,311,3.5
26374,3911,5049,353,3
26375,3911,5049,367,3
26376,3911,5049,405,4
26377,3911,5049,461,3.5
26378,3911,5049,525,4
26379,3911,5049,547,3
26380,3911,5049,575,2
26381,3911,5049,624,4
26382,3910,5048,294,3.5
26383,3910,5048,311,2
26384,3910,5048,380,2
26385,3910,5048,575,3
26386,3910,5048,598,1
26387,3909,5047,212,0.5
26388,3909,5047,294,3
26389,3909,5047,353,1
26390,3909,5047,494,1
26391,3909,5047,580,4.5
26392,3908,5046,199,3.5
26393,3907,5043,30,3
26394,3906,5042,580,1
26395,3905,5041,580,3
26396,3904,5040,73,3.5
26397,3904,5040,346,4
26398,3904,5040,353,2.5
26399,3904,5040,384,3.5
26400,3904,5040,577,4
26401,3903,5039,575,2
26402,3902,5038,294,4
26403,3901,5034,262,2
26404,3901,5034,460,4
26405,3901,5034,547,3
26406,3901,5034,575,5
26407,3900,5033,547,2
26408,3899,5028,81,5
26409,3899,5028,388,4
26410,3898,5027,30,3
26411,3898,5027,405,3.5
26412,3898,5027,457,1.5
26413,3898,5027,624,3
26414,3897,5026,15,2
26415,3897,5026,22,4
26416,3897,5026,105,4
26417,3897,5026,212,3
26418,3897,5026,262,2
26419,3897,5026,291,4
26420,3897,5026,313,3
26421,3897,5026,346,1
26422,3897,5026,388,2
26423,3897,5026,439,4
26424,3896,5025,73,3
26425,3896,5025,95,5
26426,3896,5025,150,3
26427,3896,5025,262,0.5
26428,3896,5025,362,2.5
26429,3896,5025,380,4
26430,3896,5025,461,1.5
26431,3896,5025,472,4
26432,3896,5025,509,2
26433,3896,5025,624,2
26434,3895,5023,452,4
26435,3894,5022,472,4
26436,3893,5021,294,4
26437,3893,5021,346,4
26438,3893,5021,367,2
26439,3893,5021,452,4
26440,3893,5021,575,3
26441,3892,5018,472,3
26442,3891,5017,17,5
26443,3891,5017,236,4
26444,3891,5017,547,5
26445,3890,5016,130,1
26446,3890,5016,405,3
26447,3890,5016,452,3
26448,3890,5016,509,2
26449,3889,5015,15,1
26450,3889,5015,17,4
26451,3889,5015,23,3.5
26452,3889,5015,30,4
26453,3889,5015,33,4
26454,3889,5015,159,3
26455,3889,5015,203,3
26456,3889,5015,212,3.5
26457,3889,5015,315,1
26458,3889,5015,350,2
26459,3889,5015,388,4
26460,3889,5015,404,4
26461,3889,5015,405,4
26462,3889,5015,427,4
26463,3889,5015,439,5
26464,3889,5015,441,4
26465,3889,5015,452,4
26466,3889,5015,461,1.5
26467,3889,5015,509,4
26468,3889,5015,515,3.5
26469,3889,5015,529,4
26470,3889,5015,547,3
26471,3889,5015,558,4
26472,3889,5015,571,3
26473,3889,5015,579,0.5
26474,3889,5015,587,3.5
26475,3889,5015,610,3.5
26476,3888,5014,23,1
26477,3888,5014,73,4.5
26478,3888,5014,128,4
26479,3888,5014,130,3.5
26480,3888,5014,212,3.5
26481,3888,5014,262,3
26482,3888,5014,313,4.5
26483,3888,5014,405,3.5
26484,3888,5014,417,4.5
26485,3888,5014,452,2.5
26486,3888,5014,468,2.5
26487,3888,5014,481,3.5
26488,3888,5014,578,3
26489,3888,5014,582,4.5
26490,3887,5013,15,2
26491,3887,5013,23,4.5
26492,3887,5013,99,4
26493,3887,5013,105,3
26494,3887,5013,111,4
26495,3887,5013,128,1
26496,3887,5013,148,3
26497,3887,5013,152,2.5
26498,3887,5013,212,3.5
26499,3887,5013,220,4
26500,3887,5013,240,4.5
26501,3887,5013,294,3
26502,3887,5013,380,2
26503,3887,5013,388,5
26504,3887,5013,405,1
26505,3887,5013,407,5
26506,3887,5013,427,3
26507,3887,5013,439,2
26508,3887,5013,452,4
26509,3887,5013,460,4.5
26510,3887,5013,461,2.5
26511,3887,5013,463,4
26512,3887,5013,468,3
26513,3887,5013,472,3
26514,3887,5013,509,5
26515,3887,5013,547,3.5
26516,3887,5013,587,5
26517,3887,5013,598,3
26518,3887,5013,610,3
26519,3886,5012,294,1
26520,3886,5012,460,2
26521,3886,5012,547,1.5
26522,3885,5010,15,4.5
26523,3885,5010,22,2.5
26524,3885,5010,26,3.5
26525,3885,5010,48,4
26526,3885,5010,73,4
26527,3885,5010,78,4
26528,3885,5010,84,4
26529,3885,5010,94,4
26530,3885,5010,128,1
26531,3885,5010,150,3
26532,3885,5010,152,3.5
26533,3885,5010,157,3.5
26534,3885,5010,200,4
26535,3885,5010,212,4
26536,3885,5010,248,5
26537,3885,5010,250,4.5
26538,3885,5010,295,4
26539,3885,5010,316,1.5
26540,3885,5010,324,2.5
26541,3885,5010,350,4
26542,3885,5010,353,3.5
26543,3885,5010,380,5
26544,3885,5010,384,4
26545,3885,5010,388,5
26546,3885,5010,405,4
26547,3885,5010,407,4
26548,3885,5010,417,4.5
26549,3885,5010,426,4
26550,3885,5010,427,5
26551,3885,5010,430,2.5
26552,3885,5010,433,2.5
26553,3885,5010,442,4.5
26554,3885,5010,452,3
26555,3885,5010,461,3
26556,3885,5010,463,3
26557,3885,5010,472,3
26558,3885,5010,475,4.5
26559,3885,5010,480,4.5
26560,3885,5010,509,4
26561,3885,5010,544,5
26562,3885,5010,553,4
26563,3885,5010,563,4.5
26564,3885,5010,580,3.5
26565,3885,5010,596,4
26566,3885,5010,615,5
26567,3885,5010,624,4
26568,3885,5010,627,2
26569,3885,5010,664,4
26570,3885,5010,671,2
26571,3884,5009,236,3.5
26572,3884,5009,245,3
26573,3884,5009,452,3
26574,3884,5009,509,4
26575,3884,5009,547,2.5
26576,3884,5009,624,2.5
26577,3883,5008,15,3.5
26578,3883,5008,96,4
26579,3883,5008,394,2
26580,3883,5008,452,4
26581,3883,5008,468,3
26582,3883,5008,547,4
26583,3883,5008,575,4
26584,3883,5008,587,5
26585,3882,5004,547,3
26586,3881,5003,105,3
26587,3880,5002,457,3.5
26588,3880,5002,580,2
26589,3879,5001,468,3.5
26590,3878,5000,15,3.5
26591,3877,4999,547,4
26592,3877,4999,587,4
26593,3876,4998,468,3
26594,3875,4996,262,2.5
26595,3874,4995,5,4.5
26596,3874,4995,8,3.5
26597,3874,4995,15,1
26598,3874,4995,16,4.5
26599,3874,4995,17,3
26600,3874,4995,23,4.5
26601,3874,4995,26,3
26602,3874,4995,30,5
26603,3874,4995,38,4.5
26604,3874,4995,45,2.5
26605,3874,4995,48,4
26606,3874,4995,68,4
26607,3874,4995,72,3.5
26608,3874,4995,73,4.5
26609,3874,4995,78,4.5
26610,3874,4995,84,4.5
26611,3874,4995,88,3
26612,3874,4995,93,4
26613,3874,4995,94,5
26614,3874,4995,99,5
26615,3874,4995,104,4
26616,3874,4995,105,2.5
26617,3874,4995,124,3.5
26618,3874,4995,130,3.5
26619,3874,4995,138,4.5
26620,3874,4995,139,4
26621,3874,4995,152,3
26622,3874,4995,165,3.5
26623,3874,4995,169,3.5
26624,3874,4995,187,4.5
26625,3874,4995,199,4
26626,3874,4995,200,4.5
26627,3874,4995,212,4.5
26628,3874,4995,213,1
26629,3874,4995,226,4
26630,3874,4995,234,5
26631,3874,4995,235,5
26632,3874,4995,240,3.5
26633,3874,4995,245,4
26634,3874,4995,250,5
26635,3874,4995,251,5
26636,3874,4995,253,4.5
26637,3874,4995,255,3.5
26638,3874,4995,260,2.5
26639,3874,4995,263,3
26640,3874,4995,268,4
26641,3874,4995,270,4.5
26642,3874,4995,275,4.5
26643,3874,4995,282,4
26644,3874,4995,283,4
26645,3874,4995,292,4
26646,3874,4995,293,4
26647,3874,4995,294,3
26648,3874,4995,295,4.5
26649,3874,4995,303,4
26650,3874,4995,311,4
26651,3874,4995,313,4.5
26652,3874,4995,316,3
26653,3874,4995,323,4.5
26654,3874,4995,324,3.5
26655,3874,4995,333,5
26656,3874,4995,346,1.5
26657,3874,4995,355,3.5
26658,3874,4995,365,5
26659,3874,4995,371,4.5
26660,3874,4995,380,4
26661,3874,4995,382,3
26662,3874,4995,388,3
26663,3874,4995,402,3
26664,3874,4995,405,4.5
26665,3874,4995,407,4
26666,3874,4995,418,4.5
26667,3874,4995,426,4.5
26668,3874,4995,428,4
26669,3874,4995,430,3.5
26670,3874,4995,431,4
26671,3874,4995,441,4.5
26672,3874,4995,442,4.5
26673,3874,4995,450,4.5
26674,3874,4995,452,4
26675,3874,4995,456,3.5
26676,3874,4995,457,3
26677,3874,4995,463,4
26678,3874,4995,465,4
26679,3874,4995,468,3
26680,3874,4995,472,4
26681,3874,4995,478,4.5
26682,3874,4995,479,4.5
26683,3874,4995,481,3.5
26684,3874,4995,500,3.5
26685,3874,4995,501,3.5
26686,3874,4995,505,3.5
26687,3874,4995,509,3
26688,3874,4995,515,4.5
26689,3874,4995,522,4.5
26690,3874,4995,523,4.5
26691,3874,4995,526,5
26692,3874,4995,544,4.5
26693,3874,4995,547,4
26694,3874,4995,553,4.5
26695,3874,4995,558,5
26696,3874,4995,580,4
26697,3874,4995,582,4
26698,3874,4995,584,4
26699,3874,4995,586,5
26700,3874,4995,587,3.5
26701,3874,4995,596,4
26702,3874,4995,598,4
26703,3874,4995,600,3
26704,3874,4995,615,4
26705,3874,4995,625,5
26706,3874,4995,648,4.5
26707,3874,4995,654,5
26708,3874,4995,671,4
26709,3873,4994,226,3.5
26710,3873,4994,313,4
26711,3873,4994,365,5
26712,3873,4994,380,3
26713,3873,4994,405,3.5
26714,3873,4994,407,4
26715,3873,4994,468,2.5
26716,3873,4994,475,2.5
26717,3873,4994,481,3.5
26718,3873,4994,582,4
26719,3872,4993,8,3.5
26720,3872,4993,13,4.5
26721,3872,4993,15,5
26722,3872,4993,17,4.5
26723,3872,4993,20,4
26724,3872,4993,22,5
26725,3872,4993,23,4
26726,3872,4993,30,3
26727,3872,4993,31,4.5
26728,3872,4993,38,4
26729,3872,4993,40,4.5
26730,3872,4993,42,5
26731,3872,4993,46,5
26732,3872,4993,48,4.5
26733,3872,4993,56,4
26734,3872,4993,59,4.5
26735,3872,4993,61,5
26736,3872,4993,63,5
26737,3872,4993,68,5
26738,3872,4993,69,5
26739,3872,4993,72,3
26740,3872,4993,73,5
26741,3872,4993,75,4.5
26742,3872,4993,77,3
26743,3872,4993,78,4.5
26744,3872,4993,79,3
26745,3872,4993,84,4.5
26746,3872,4993,88,4
26747,3872,4993,91,5
26748,3872,4993,93,5
26749,3872,4993,94,4.5
26750,3872,4993,95,5
26751,3872,4993,99,5
26752,3872,4993,101,5
26753,3872,4993,104,4
26754,3872,4993,105,5
26755,3872,4993,109,4
26756,3872,4993,111,4
26757,3872,4993,116,5
26758,3872,4993,124,5
26759,3872,4993,125,4.5
26760,3872,4993,128,5
26761,3872,4993,130,5
26762,3872,4993,133,0.5
26763,3872,4993,134,3
26764,3872,4993,136,4
26765,3872,4993,138,3.5
26766,3872,4993,148,5
26767,3872,4993,150,4.5
26768,3872,4993,152,4
26769,3872,4993,157,3.5
26770,3872,4993,159,4.5
26771,3872,4993,163,3.5
26772,3872,4993,164,3
26773,3872,4993,169,5
26774,3872,4993,175,5
26775,3872,4993,176,4.5
26776,3872,4993,185,5
26777,3872,4993,186,5
26778,3872,4993,187,1
26779,3872,4993,199,4
26780,3872,4993,201,5
26781,3872,4993,205,4
26782,3872,4993,212,5
26783,3872,4993,213,4.5
26784,3872,4993,216,5
26785,3872,4993,219,0.5
26786,3872,4993,228,4
26787,3872,4993,234,4.5
26788,3872,4993,236,2.5
26789,3872,4993,243,5
26790,3872,4993,244,4.5
26791,3872,4993,245,4
26792,3872,4993,248,5
26793,3872,4993,251,4
26794,3872,4993,253,5
26795,3872,4993,255,5
26796,3872,4993,257,4.5
26797,3872,4993,261,3.5
26798,3872,4993,262,3
26799,3872,4993,268,5
26800,3872,4993,270,5
26801,3872,4993,271,4
26802,3872,4993,272,5
26803,3872,4993,273,5
26804,3872,4993,282,5
26805,3872,4993,287,5
26806,3872,4993,292,4
26807,3872,4993,293,4
26808,3872,4993,294,4
26809,3872,4993,295,5
26810,3872,4993,298,3
26811,3872,4993,304,2.5
26812,3872,4993,309,5
26813,3872,4993,313,4.5
26814,3872,4993,316,4
26815,3872,4993,324,2.5
26816,3872,4993,340,5
26817,3872,4993,345,4
26818,3872,4993,346,4
26819,3872,4993,347,5
26820,3872,4993,350,5
26821,3872,4993,353,2
26822,3872,4993,355,4.5
26823,3872,4993,362,3
26824,3872,4993,365,5
26825,3872,4993,370,5
26826,3872,4993,371,1.5
26827,3872,4993,379,4
26828,3872,4993,380,4.5
26829,3872,4993,382,4
26830,3872,4993,384,4
26831,3872,4993,388,5
26832,3872,4993,394,2
26833,3872,4993,402,4
26834,3872,4993,405,4.5
26835,3872,4993,406,5
26836,3872,4993,407,5
26837,3872,4993,410,5
26838,3872,4993,417,4.5
26839,3872,4993,418,5
26840,3872,4993,423,3
26841,3872,4993,425,4
26842,3872,4993,426,5
26843,3872,4993,428,4
26844,3872,4993,429,2
26845,3872,4993,430,3.5
26846,3872,4993,431,4.5
26847,3872,4993,433,5
26848,3872,4993,438,4
26849,3872,4993,441,5
26850,3872,4993,442,4.5
26851,3872,4993,446,5
26852,3872,4993,448,5
26853,3872,4993,450,1
26854,3872,4993,456,4
26855,3872,4993,458,5
26856,3872,4993,460,3.5
26857,3872,4993,461,4.5
26858,3872,4993,463,5
26859,3872,4993,468,3.5
26860,3872,4993,471,5
26861,3872,4993,472,3
26862,3872,4993,475,5
26863,3872,4993,478,5
26864,3872,4993,479,2
26865,3872,4993,480,5
26866,3872,4993,481,5
26867,3872,4993,483,4
26868,3872,4993,488,3.5
26869,3872,4993,500,1.5
26870,3872,4993,501,4.5
26871,3872,4993,503,3
26872,3872,4993,509,4.5
26873,3872,4993,519,4.5
26874,3872,4993,520,5
26875,3872,4993,521,4.5
26876,3872,4993,522,4
26877,3872,4993,523,4.5
26878,3872,4993,525,5
26879,3872,4993,527,4.5
26880,3872,4993,528,4
26881,3872,4993,531,0.5
26882,3872,4993,532,4.5
26883,3872,4993,542,4
26884,3872,4993,544,4
26885,3872,4993,547,2.5
26886,3872,4993,553,5
26887,3872,4993,554,4
26888,3872,4993,561,5
26889,3872,4993,562,5
26890,3872,4993,570,5
26891,3872,4993,572,4.5
26892,3872,4993,574,4
26893,3872,4993,575,5
26894,3872,4993,577,5
26895,3872,4993,580,4.5
26896,3872,4993,582,4
26897,3872,4993,584,5
26898,3872,4993,586,5
26899,3872,4993,587,2.5
26900,3872,4993,596,3
26901,3872,4993,598,5
26902,3872,4993,599,4
26903,3872,4993,607,4.5
26904,3872,4993,612,4.5
26905,3872,4993,613,4.5
26906,3872,4993,615,3.5
26907,3872,4993,620,0.5
26908,3872,4993,621,5
26909,3872,4993,622,5
26910,3872,4993,624,4
26911,3872,4993,627,4.5
26912,3872,4993,648,1.5
26913,3872,4993,654,5
26914,3872,4993,655,5
26915,3872,4993,660,4
26916,3872,4993,664,4
26917,3872,4993,665,5
26918,3872,4993,671,5
26919,3871,4992,15,1.5
26920,3871,4992,68,3.5
26921,3871,4992,111,3
26922,3871,4992,128,4
26923,3871,4992,294,3.5
26924,3871,4992,313,3
26925,3871,4992,402,4
26926,3871,4992,481,2
26927,3871,4992,547,0.5
26928,3871,4992,598,3
26929,3870,4990,248,4
26930,3870,4990,328,3
26931,3870,4990,472,3
26932,3869,4989,73,3
26933,3869,4989,350,2
26934,3868,4988,33,3
26935,3867,4987,73,3
26936,3866,4984,609,1
26937,3865,4981,577,4.5
26938,3865,4981,624,4
26939,3864,4980,73,3.5
26940,3864,4980,75,2.5
26941,3864,4980,111,1.5
26942,3864,4980,130,3
26943,3864,4980,150,3
26944,3864,4980,346,5
26945,3864,4980,377,4
26946,3864,4980,457,1.5
26947,3864,4980,468,2.5
26948,3864,4980,479,3
26949,3864,4980,546,5
26950,3864,4980,607,1.5
26951,3864,4980,621,4
26952,3864,4980,624,3
26953,3864,4980,654,3.5
26954,3863,4979,15,5
26955,3863,4979,23,4
26956,3863,4979,26,4
26957,3863,4979,30,4
26958,3863,4979,31,3.5
26959,3863,4979,72,3.5
26960,3863,4979,73,4
26961,3863,4979,77,2
26962,3863,4979,88,4
26963,3863,4979,93,4.5
26964,3863,4979,97,3.5
26965,3863,4979,105,3.5
26966,3863,4979,111,4
26967,3863,4979,125,5
26968,3863,4979,128,3
26969,3863,4979,132,5
26970,3863,4979,133,4
26971,3863,4979,134,4.5
26972,3863,4979,143,5
26973,3863,4979,178,5
26974,3863,4979,212,4
26975,3863,4979,230,5
26976,3863,4979,235,4
26977,3863,4979,240,4
26978,3863,4979,253,2
26979,3863,4979,262,4
26980,3863,4979,270,4
26981,3863,4979,275,5
26982,3863,4979,295,1
26983,3863,4979,304,4.5
26984,3863,4979,313,0.5
26985,3863,4979,345,4.5
26986,3863,4979,350,5
26987,3863,4979,378,4
26988,3863,4979,380,2.5
26989,3863,4979,388,4
26990,3863,4979,405,1.5
26991,3863,4979,407,5
26992,3863,4979,423,3
26993,3863,4979,428,5
26994,3863,4979,430,4
26995,3863,4979,433,5
26996,3863,4979,439,4
26997,3863,4979,441,4
26998,3863,4979,452,3
26999,3863,4979,457,2.5
27000,3863,4979,460,4
27001,3863,4979,461,4.5
27002,3863,4979,463,3
27003,3863,4979,468,2.5
27004,3863,4979,472,2
27005,3863,4979,486,5
27006,3863,4979,505,3
27007,3863,4979,509,4
27008,3863,4979,519,4.5
27009,3863,4979,522,1.5
27010,3863,4979,523,2.5
27011,3863,4979,547,3.5
27012,3863,4979,574,4
27013,3863,4979,580,4
27014,3863,4979,596,4
27015,3863,4979,598,4
27016,3863,4979,606,5
27017,3863,4979,607,3.5
27018,3863,4979,610,4.5
27019,3863,4979,615,3
27020,3863,4979,620,4
27021,3863,4979,624,3.5
27022,3863,4979,654,3.5
27023,3862,4978,23,4.5
27024,3862,4978,30,5
27025,3862,4978,472,3
27026,3862,4978,547,2.5
27027,3862,4978,624,3
27028,3861,4977,128,3
27029,3861,4977,388,4
27030,3861,4977,509,3
27031,3860,4976,23,3
27032,3860,4976,547,3
27033,3859,4975,6,1.5
27034,3859,4975,15,1
27035,3859,4975,17,4
27036,3859,4975,22,4.5
27037,3859,4975,23,2
27038,3859,4975,33,4
27039,3859,4975,48,3.5
27040,3859,4975,73,3.5
27041,3859,4975,75,4.5
27042,3859,4975,83,0.5
27043,3859,4975,111,1.5
27044,3859,4975,156,5
27045,3859,4975,235,3.5
27046,3859,4975,245,5
27047,3859,4975,303,3.5
27048,3859,4975,345,4
27049,3859,4975,350,3
27050,3859,4975,370,3.5
27051,3859,4975,380,4
27052,3859,4975,388,1
27053,3859,4975,407,3
27054,3859,4975,418,1.5
27055,3859,4975,452,2
27056,3859,4975,457,2
27057,3859,4975,461,1
27058,3859,4975,463,3
27059,3859,4975,486,1.5
27060,3859,4975,509,3
27061,3859,4975,532,2.5
27062,3859,4975,540,4.5
27063,3859,4975,547,4
27064,3859,4975,596,3.5
27065,3859,4975,598,4
27066,3859,4975,607,1.5
27067,3859,4975,615,4
27068,3859,4975,654,3.5
27069,3859,4975,664,4
27070,3858,4974,15,2
27071,3858,4974,33,3
27072,3858,4974,73,3
27073,3858,4974,78,5
27074,3858,4974,149,3.5
27075,3858,4974,294,3
27076,3858,4974,353,2.5
27077,3858,4974,380,4
27078,3858,4974,384,3
27079,3858,4974,402,2.5
27080,3858,4974,520,1
27081,3858,4974,522,2.5
27082,3858,4974,561,3
27083,3857,4973,8,4
27084,3857,4973,15,2
27085,3857,4973,17,4.5
27086,3857,4973,23,5
27087,3857,4973,26,3.5
27088,3857,4973,38,4
27089,3857,4973,48,5
27090,3857,4973,52,5
27091,3857,4973,56,5
27092,3857,4973,60,4.5
27093,3857,4973,72,3.5
27094,3857,4973,75,4
27095,3857,4973,78,5
27096,3857,4973,88,5
27097,3857,4973,91,4.5
27098,3857,4973,94,4.5
27099,3857,4973,97,4.5
27100,3857,4973,99,5
27101,3857,4973,103,5
27102,3857,4973,111,5
27103,3857,4973,120,0.5
27104,3857,4973,124,4
27105,3857,4973,128,5
27106,3857,4973,132,4.5
27107,3857,4973,133,3
27108,3857,4973,134,5
27109,3857,4973,143,4.5
27110,3857,4973,149,3.5
27111,3857,4973,152,4.5
27112,3857,4973,153,5
27113,3857,4973,157,4
27114,3857,4973,159,4.5
27115,3857,4973,164,4
27116,3857,4973,176,3.5
27117,3857,4973,198,4.5
27118,3857,4973,212,3.5
27119,3857,4973,218,4
27120,3857,4973,220,5
27121,3857,4973,226,0.5
27122,3857,4973,235,4.5
27123,3857,4973,238,4
27124,3857,4973,240,4.5
27125,3857,4973,243,5
27126,3857,4973,250,5
27127,3857,4973,251,4
27128,3857,4973,253,4
27129,3857,4973,255,5
27130,3857,4973,262,3.5
27131,3857,4973,268,3.5
27132,3857,4973,270,4
27133,3857,4973,283,5
27134,3857,4973,290,4
27135,3857,4973,296,3.5
27136,3857,4973,297,4.5
27137,3857,4973,299,3
27138,3857,4973,303,3.5
27139,3857,4973,307,5
27140,3857,4973,309,4.5
27141,3857,4973,313,3.5
27142,3857,4973,320,3.5
27143,3857,4973,323,5
27144,3857,4973,324,3.5
27145,3857,4973,350,4
27146,3857,4973,353,3
27147,3857,4973,355,4.5
27148,3857,4973,359,3.5
27149,3857,4973,362,5
27150,3857,4973,366,5
27151,3857,4973,371,4.5
27152,3857,4973,379,3.5
27153,3857,4973,380,4.5
27154,3857,4973,382,5
27155,3857,4973,392,4
27156,3857,4973,407,5
27157,3857,4973,414,5
27158,3857,4973,425,0.5
27159,3857,4973,427,5
27160,3857,4973,429,3
27161,3857,4973,430,5
27162,3857,4973,431,5
27163,3857,4973,441,4
27164,3857,4973,450,5
27165,3857,4973,452,5
27166,3857,4973,456,5
27167,3857,4973,460,5
27168,3857,4973,461,4.5
27169,3857,4973,463,4
27170,3857,4973,468,3
27171,3857,4973,472,4
27172,3857,4973,473,5
27173,3857,4973,478,2.5
27174,3857,4973,481,5
27175,3857,4973,486,2
27176,3857,4973,500,4.5
27177,3857,4973,501,4
27178,3857,4973,503,4
27179,3857,4973,509,4
27180,3857,4973,519,5
27181,3857,4973,520,5
27182,3857,4973,522,3
27183,3857,4973,526,3.5
27184,3857,4973,529,4
27185,3857,4973,531,4.5
27186,3857,4973,540,4.5
27187,3857,4973,542,5
27188,3857,4973,544,3.5
27189,3857,4973,547,4.5
27190,3857,4973,561,3.5
27191,3857,4973,562,4
27192,3857,4973,563,2.5
27193,3857,4973,571,4.5
27194,3857,4973,580,4.5
27195,3857,4973,581,0.5
27196,3857,4973,587,3.5
27197,3857,4973,596,5
27198,3857,4973,599,0.5
27199,3857,4973,610,4.5
27200,3857,4973,618,4
27201,3857,4973,620,4.5
27202,3857,4973,623,5
27203,3857,4973,625,4
27204,3857,4973,628,3
27205,3857,4973,630,5
27206,3857,4973,648,4
27207,3857,4973,671,4.5
27208,3856,4972,263,3
27209,3856,4972,311,3.5
27210,3855,4971,30,4
27211,3855,4971,130,3
27212,3855,4971,452,3.5
27213,3854,4970,19,4
27214,3854,4970,436,3
27215,3854,4970,468,4
27216,3854,4970,470,3.5
27217,3854,4970,472,4
27218,3854,4970,529,3
27219,3854,4970,547,3
27220,3854,4970,608,4
27221,3854,4970,618,5
27222,3853,4969,441,3.5
27223,3853,4969,468,3.5
27224,3853,4969,529,3
27225,3853,4969,547,5
27226,3853,4969,575,3
27227,3852,4968,165,1.5
27228,3852,4968,404,4
27229,3851,4967,23,5
27230,3851,4967,132,5
27231,3851,4967,198,1.5
27232,3851,4967,345,4.5
27233,3851,4967,350,5
27234,3851,4967,388,3
27235,3851,4967,441,3
27236,3851,4967,452,5
27237,3851,4967,596,3.5
27238,3850,4965,388,4
27239,3850,4965,427,2
27240,3850,4965,452,4
27241,3850,4965,547,4.5
27242,3850,4965,609,5
27243,3849,4964,132,4.5
27244,3848,4963,5,3
27245,3848,4963,8,4.5
27246,3848,4963,15,4
27247,3848,4963,17,4
27248,3848,4963,22,2.5
27249,3848,4963,23,5
27250,3848,4963,26,1.5
27251,3848,4963,30,5
27252,3848,4963,33,3
27253,3848,4963,54,4.5
27254,3848,4963,68,3.5
27255,3848,4963,72,3
27256,3848,4963,73,3.5
27257,3848,4963,77,3
27258,3848,4963,83,4.5
27259,3848,4963,84,4
27260,3848,4963,88,4.5
27261,3848,4963,89,5
27262,3848,4963,93,4
27263,3848,4963,105,3
27264,3848,4963,111,4.5
27265,3848,4963,120,4
27266,3848,4963,128,5
27267,3848,4963,130,3.5
27268,3848,4963,134,4.5
27269,3848,4963,140,4.5
27270,3848,4963,146,4
27271,3848,4963,150,4
27272,3848,4963,152,3
27273,3848,4963,157,4
27274,3848,4963,163,4
27275,3848,4963,165,3
27276,3848,4963,166,3.5
27277,3848,4963,169,5
27278,3848,4963,175,4
27279,3848,4963,176,4
27280,3848,4963,187,4
27281,3848,4963,199,4
27282,3848,4963,200,4.5
27283,3848,4963,212,4
27284,3848,4963,217,4
27285,3848,4963,234,4
27286,3848,4963,235,4.5
27287,3848,4963,240,4
27288,3848,4963,243,3.5
27289,3848,4963,245,5
27290,3848,4963,253,4
27291,3848,4963,262,1.5
27292,3848,4963,263,3.5
27293,3848,4963,268,4
27294,3848,4963,275,4.5
27295,3848,4963,282,3
27296,3848,4963,283,3.5
27297,3848,4963,292,4.5
27298,3848,4963,294,4
27299,3848,4963,295,4.5
27300,3848,4963,311,5
27301,3848,4963,313,4
27302,3848,4963,316,4
27303,3848,4963,331,4.5
27304,3848,4963,346,4
27305,3848,4963,350,5
27306,3848,4963,353,3.5
27307,3848,4963,355,3.5
27308,3848,4963,362,4
27309,3848,4963,367,3
27310,3848,4963,371,4
27311,3848,4963,378,0.5
27312,3848,4963,379,3.5
27313,3848,4963,380,4
27314,3848,4963,382,3
27315,3848,4963,384,4
27316,3848,4963,388,4
27317,3848,4963,394,5
27318,3848,4963,402,4
27319,3848,4963,404,3
27320,3848,4963,405,4
27321,3848,4963,407,4
27322,3848,4963,417,4.5
27323,3848,4963,418,4.5
27324,3848,4963,423,2.5
27325,3848,4963,430,4
27326,3848,4963,431,4
27327,3848,4963,439,4
27328,3848,4963,442,4.5
27329,3848,4963,450,5
27330,3848,4963,452,3
27331,3848,4963,456,4.5
27332,3848,4963,457,3
27333,3848,4963,461,3
27334,3848,4963,463,4
27335,3848,4963,468,2.5
27336,3848,4963,472,3
27337,3848,4963,475,4
27338,3848,4963,479,4
27339,3848,4963,480,3
27340,3848,4963,481,3.5
27341,3848,4963,500,3.5
27342,3848,4963,501,4.5
27343,3848,4963,509,2
27344,3848,4963,512,4.5
27345,3848,4963,520,3.5
27346,3848,4963,522,4
27347,3848,4963,523,4
27348,3848,4963,524,4
27349,3848,4963,531,4
27350,3848,4963,532,3.5
27351,3848,4963,544,4.5
27352,3848,4963,547,4.5
27353,3848,4963,553,3.5
27354,3848,4963,561,5
27355,3848,4963,562,5
27356,3848,4963,574,3.5
27357,3848,4963,577,4.5
27358,3848,4963,580,1.5
27359,3848,4963,584,5
27360,3848,4963,586,4.5
27361,3848,4963,596,4.5
27362,3848,4963,598,4
27363,3848,4963,607,4.5
27364,3848,4963,611,4
27365,3848,4963,612,4
27366,3848,4963,615,3.5
27367,3848,4963,623,4.5
27368,3848,4963,624,4
27369,3848,4963,627,4
27370,3848,4963,632,4.5
27371,3848,4963,654,4
27372,3848,4963,664,3.5
27373,3848,4963,671,4.5
27374,3847,4961,509,3
27375,3846,4960,30,4
27376,3845,4958,15,1
27377,3845,4958,105,3
27378,3845,4958,248,5
27379,3845,4958,350,5
27380,3845,4958,353,2
27381,3845,4958,405,3.5
27382,3845,4958,417,1.5
27383,3845,4958,468,1.5
27384,3845,4958,471,3
27385,3845,4958,553,4
27386,3845,4958,598,2
27387,3845,4958,664,4
27388,3844,4957,405,4
27389,3843,4956,33,3
27390,3843,4956,439,3
27391,3842,4954,30,4
27392,3842,4954,111,2.5
27393,3842,4954,331,2
27394,3842,4954,367,3
27395,3842,4954,547,2.5
27396,3841,4952,346,3
27397,3841,4952,624,2
27398,3840,4951,30,3
27399,3840,4951,128,4
27400,3840,4951,150,3
27401,3840,4951,262,1
27402,3840,4951,263,2
27403,3840,4951,461,2.5
27404,3840,4951,665,3
27405,3839,4949,95,2
27406,3839,4949,471,2
27407,3838,4948,547,1.5
27408,3837,4947,405,3.5
27409,3837,4947,452,3
27410,3836,4945,202,5
27411,3835,4941,30,2
27412,3835,4941,185,2
27413,3835,4941,294,1.5
27414,3835,4941,346,5
27415,3835,4941,463,2
27416,3835,4941,577,4
27417,3835,4941,624,5
27418,3834,4936,38,3.5
27419,3834,4936,41,4
27420,3834,4936,311,2.5
27421,3834,4936,365,4
27422,3834,4936,393,3
27423,3834,4936,547,4
27424,3834,4936,575,4
27425,3834,4936,624,3
27426,3833,4933,405,3
27427,3832,4932,30,4
27428,3832,4932,414,3
27429,3832,4932,452,3.5
27430,3832,4932,463,2
27431,3831,4930,609,5
27432,3830,4929,30,3
27433,3830,4929,33,4
27434,3830,4929,139,1
27435,3830,4929,457,1.5
27436,3830,4929,652,4
27437,3829,4928,81,3
27438,3829,4928,406,4
27439,3829,4928,618,5
27440,3828,4927,547,4.5
27441,3827,4925,452,3
27442,3827,4925,575,1
27443,3826,4923,248,4
27444,3825,4921,452,2.5
27445,3825,4921,465,5
27446,3825,4921,547,2
27447,3824,4920,529,5
27448,3824,4920,547,3.5
27449,3823,4915,73,3.5
27450,3823,4915,202,3
27451,3823,4915,577,3.5
27452,3823,4915,624,2
27453,3822,4914,15,4
27454,3822,4914,17,5
27455,3822,4914,23,5
27456,3822,4914,236,3.5
27457,3822,4914,262,3.5
27458,3822,4914,472,4
27459,3822,4914,481,5
27460,3822,4914,544,5
27461,3822,4914,547,2
27462,3822,4914,587,4.5
27463,3821,4912,294,4
27464,3821,4912,311,3.5
27465,3821,4912,452,2.5
27466,3821,4912,547,4.5
27467,3821,4912,575,3
27468,3820,4911,525,3
27469,3820,4911,577,4
27470,3820,4911,580,2
27471,3819,4903,15,5
27472,3819,4903,128,3
27473,3819,4903,407,4
27474,3819,4903,427,4
27475,3819,4903,441,3
27476,3819,4903,452,5
27477,3819,4903,463,4
27478,3819,4903,509,5
27479,3819,4903,529,4
27480,3819,4903,547,4
27481,3818,4902,15,2
27482,3818,4902,48,3.5
27483,3818,4902,157,3.5
27484,3818,4902,262,3
27485,3817,4901,15,4
27486,3817,4901,23,3
27487,3817,4901,105,3
27488,3817,4901,111,5
27489,3817,4901,128,5
27490,3817,4901,150,3.5
27491,3817,4901,200,2.5
27492,3817,4901,212,3
27493,3817,4901,245,5
27494,3817,4901,295,4
27495,3817,4901,313,3
27496,3817,4901,353,3
27497,3817,4901,380,4
27498,3817,4901,384,2.5
27499,3817,4901,405,3.5
27500,3817,4901,417,4.5
27501,3817,4901,418,3.5
27502,3817,4901,463,3
27503,3817,4901,480,2
27504,3817,4901,509,3
27505,3817,4901,547,3
27506,3817,4901,563,3.5
27507,3817,4901,570,4
27508,3817,4901,596,4
27509,3817,4901,607,4.5
27510,3817,4901,624,2.5
27511,3816,4899,73,2
27512,3816,4899,377,4.5
27513,3815,4898,30,4
27514,3815,4898,33,4
27515,3815,4898,83,0.5
27516,3815,4898,509,4
27517,3814,4897,427,3
27518,3813,4896,8,3.5
27519,3813,4896,15,1
27520,3813,4896,17,0.5
27521,3813,4896,22,3.5
27522,3813,4896,23,3.5
27523,3813,4896,30,4
27524,3813,4896,52,5
27525,3813,4896,56,4
27526,3813,4896,61,3
27527,3813,4896,69,4.5
27528,3813,4896,73,3
27529,3813,4896,77,3
27530,3813,4896,78,2.5
27531,3813,4896,84,3.5
27532,3813,4896,88,3.5
27533,3813,4896,89,5
27534,3813,4896,103,4
27535,3813,4896,105,3
27536,3813,4896,128,4
27537,3813,4896,130,4
27538,3813,4896,133,4
27539,3813,4896,134,4
27540,3813,4896,136,4.5
27541,3813,4896,140,4
27542,3813,4896,148,4
27543,3813,4896,149,3.5
27544,3813,4896,150,1.5
27545,3813,4896,152,4
27546,3813,4896,169,3.5
27547,3813,4896,175,4
27548,3813,4896,176,3
27549,3813,4896,179,5
27550,3813,4896,185,5
27551,3813,4896,212,2.5
27552,3813,4896,213,4
27553,3813,4896,240,3.5
27554,3813,4896,243,3.5
27555,3813,4896,250,4
27556,3813,4896,262,2
27557,3813,4896,268,2
27558,3813,4896,273,4.5
27559,3813,4896,275,4.5
27560,3813,4896,290,2
27561,3813,4896,292,3.5
27562,3813,4896,293,4
27563,3813,4896,294,4
27564,3813,4896,295,4.5
27565,3813,4896,303,4
27566,3813,4896,316,4
27567,3813,4896,324,4
27568,3813,4896,346,5
27569,3813,4896,355,2.5
27570,3813,4896,380,3
27571,3813,4896,382,4
27572,3813,4896,384,3
27573,3813,4896,388,3
27574,3813,4896,394,4.5
27575,3813,4896,404,4
27576,3813,4896,405,4.5
27577,3813,4896,407,3
27578,3813,4896,418,5
27579,3813,4896,426,4
27580,3813,4896,428,3.5
27581,3813,4896,430,3.5
27582,3813,4896,446,5
27583,3813,4896,456,3
27584,3813,4896,457,1.5
27585,3813,4896,461,3.5
27586,3813,4896,463,3
27587,3813,4896,465,4.5
27588,3813,4896,468,2.5
27589,3813,4896,472,3
27590,3813,4896,475,3.5
27591,3813,4896,479,4.5
27592,3813,4896,480,5
27593,3813,4896,481,3.5
27594,3813,4896,500,2.5
27595,3813,4896,501,4
27596,3813,4896,509,3
27597,3813,4896,520,3.5
27598,3813,4896,523,4
27599,3813,4896,524,4.5
27600,3813,4896,525,4
27601,3813,4896,531,1
27602,3813,4896,542,4.5
27603,3813,4896,553,4.5
27604,3813,4896,561,4
27605,3813,4896,562,4.5
27606,3813,4896,570,4
27607,3813,4896,575,5
27608,3813,4896,577,4.5
27609,3813,4896,580,3.5
27610,3813,4896,598,4
27611,3813,4896,599,5
27612,3813,4896,607,4.5
27613,3813,4896,612,3.5
27614,3813,4896,615,3
27615,3813,4896,620,3
27616,3813,4896,623,3.5
27617,3813,4896,624,3
27618,3813,4896,627,4
27619,3813,4896,648,2
27620,3813,4896,654,4
27621,3813,4896,665,5
27622,3813,4896,671,5
27623,3812,4895,353,2.5
27624,3811,4893,262,3
27625,3810,4890,15,3
27626,3810,4890,30,3
27627,3810,4890,33,4
27628,3810,4890,61,3.5
27629,3810,4890,73,2.5
27630,3810,4890,213,1.5
27631,3810,4890,245,5
27632,3810,4890,262,2
27633,3810,4890,346,4
27634,3810,4890,380,4
27635,3810,4890,384,3
27636,3810,4890,431,2.5
27637,3810,4890,439,3
27638,3810,4890,452,2
27639,3810,4890,457,2
27640,3810,4890,468,2
27641,3810,4890,475,1.5
27642,3810,4890,509,2
27643,3810,4890,547,0.5
27644,3810,4890,582,4
27645,3810,4890,598,3
27646,3810,4890,624,2.5
27647,3810,4890,664,3
27648,3809,4889,30,4
27649,3809,4889,380,3
27650,3809,4889,405,5
27651,3809,4889,468,2.5
27652,3809,4889,509,4
27653,3809,4889,547,3
27654,3809,4889,558,4
27655,3808,4888,15,3
27656,3808,4888,388,4
27657,3808,4888,457,3
27658,3808,4888,509,4.5
27659,3807,4887,199,3
27660,3807,4887,212,3
27661,3807,4887,270,3
27662,3807,4887,294,2.5
27663,3807,4887,346,4
27664,3807,4887,367,2
27665,3807,4887,380,3
27666,3807,4887,418,4
27667,3807,4887,580,2
27668,3807,4887,664,3.5
27669,3806,4886,8,3.5
27670,3806,4886,13,3.5
27671,3806,4886,15,5
27672,3806,4886,17,3.5
27673,3806,4886,22,4
27674,3806,4886,23,3.5
27675,3806,4886,30,4
27676,3806,4886,31,4
27677,3806,4886,42,4
27678,3806,4886,48,3.5
27679,3806,4886,56,4
27680,3806,4886,61,3
27681,3806,4886,68,3.5
27682,3806,4886,69,5
27683,3806,4886,72,3
27684,3806,4886,73,3
27685,3806,4886,77,4
27686,3806,4886,79,3
27687,3806,4886,83,4
27688,3806,4886,84,4
27689,3806,4886,88,4
27690,3806,4886,89,4
27691,3806,4886,91,5
27692,3806,4886,93,3
27693,3806,4886,106,4
27694,3806,4886,125,4
27695,3806,4886,128,5
27696,3806,4886,130,3
27697,3806,4886,134,3
27698,3806,4886,136,3.5
27699,3806,4886,138,0.5
27700,3806,4886,143,3
27701,3806,4886,146,3.5
27702,3806,4886,148,5
27703,3806,4886,149,3.5
27704,3806,4886,152,3.5
27705,3806,4886,153,5
27706,3806,4886,157,3.5
27707,3806,4886,165,3
27708,3806,4886,166,4.5
27709,3806,4886,169,5
27710,3806,4886,185,5
27711,3806,4886,198,4.5
27712,3806,4886,200,4
27713,3806,4886,201,5
27714,3806,4886,212,4
27715,3806,4886,213,3.5
27716,3806,4886,216,4.5
27717,3806,4886,219,4.5
27718,3806,4886,234,3.5
27719,3806,4886,240,4.5
27720,3806,4886,243,3.5
27721,3806,4886,244,4
27722,3806,4886,250,4.5
27723,3806,4886,251,4.5
27724,3806,4886,257,2.5
27725,3806,4886,262,2.5
27726,3806,4886,268,4.5
27727,3806,4886,273,5
27728,3806,4886,283,4.5
27729,3806,4886,287,5
27730,3806,4886,290,3
27731,3806,4886,292,4.5
27732,3806,4886,293,3
27733,3806,4886,294,4.5
27734,3806,4886,295,4.5
27735,3806,4886,298,5
27736,3806,4886,303,3
27737,3806,4886,313,4.5
27738,3806,4886,316,3.5
27739,3806,4886,320,3.5
27740,3806,4886,324,3.5
27741,3806,4886,328,4
27742,3806,4886,333,4.5
27743,3806,4886,345,4.5
27744,3806,4886,350,4
27745,3806,4886,352,3.5
27746,3806,4886,353,3
27747,3806,4886,355,4
27748,3806,4886,366,4
27749,3806,4886,374,3
27750,3806,4886,378,0.5
27751,3806,4886,380,4
27752,3806,4886,382,5
27753,3806,4886,394,3
27754,3806,4886,417,4
27755,3806,4886,419,3.5
27756,3806,4886,423,1.5
27757,3806,4886,425,3
27758,3806,4886,426,4
27759,3806,4886,428,4
27760,3806,4886,430,5
27761,3806,4886,431,4.5
27762,3806,4886,433,4
27763,3806,4886,442,4.5
27764,3806,4886,450,4
27765,3806,4886,456,3.5
27766,3806,4886,457,1
27767,3806,4886,460,3.5
27768,3806,4886,463,4
27769,3806,4886,468,3.5
27770,3806,4886,471,4
27771,3806,4886,472,5
27772,3806,4886,473,5
27773,3806,4886,475,3.5
27774,3806,4886,479,4
27775,3806,4886,481,4.5
27776,3806,4886,500,3
27777,3806,4886,501,4
27778,3806,4886,509,4.5
27779,3806,4886,515,5
27780,3806,4886,520,4.5
27781,3806,4886,527,1.5
27782,3806,4886,531,3.5
27783,3806,4886,542,5
27784,3806,4886,553,3.5
27785,3806,4886,562,4
27786,3806,4886,574,4
27787,3806,4886,577,5
27788,3806,4886,580,4
27789,3806,4886,584,5
27790,3806,4886,598,4
27791,3806,4886,600,5
27792,3806,4886,607,4.5
27793,3806,4886,615,4.5
27794,3806,4886,620,3
27795,3806,4886,624,4
27796,3806,4886,654,5
27797,3806,4886,664,3.5
27798,3806,4886,671,5
27799,3805,4885,404,2
27800,3805,4885,452,2.5
27801,3804,4881,15,1.5
27802,3804,4881,23,3.5
27803,3804,4881,30,4
27804,3804,4881,56,2
27805,3804,4881,99,4
27806,3804,4881,299,4
27807,3804,4881,388,4
27808,3804,4881,404,4
27809,3804,4881,414,4
27810,3804,4881,452,5
27811,3804,4881,463,3
27812,3804,4881,468,4
27813,3804,4881,488,4.5
27814,3804,4881,509,4
27815,3804,4881,544,4.5
27816,3804,4881,547,3.5
27817,3804,4881,558,3
27818,3804,4881,574,3.5
27819,3804,4881,580,4
27820,3804,4881,624,3
27821,3803,4880,235,4.5
27822,3803,4880,382,2
27823,3803,4880,431,5
27824,3803,4880,452,4
27825,3803,4880,463,4
27826,3803,4880,500,3.5
27827,3803,4880,547,3.5
27828,3803,4880,671,4
27829,3802,4878,13,4.5
27830,3802,4878,15,4
27831,3802,4878,17,4
27832,3802,4878,23,3.5
27833,3802,4878,33,4
27834,3802,4878,48,4.5
27835,3802,4878,56,4
27836,3802,4878,69,3.5
27837,3802,4878,72,4
27838,3802,4878,73,4
27839,3802,4878,75,4
27840,3802,4878,78,4
27841,3802,4878,81,2
27842,3802,4878,94,4
27843,3802,4878,97,5
27844,3802,4878,98,4
27845,3802,4878,105,3
27846,3802,4878,128,4
27847,3802,4878,134,4.5
27848,3802,4878,148,4
27849,3802,4878,149,4
27850,3802,4878,150,4
27851,3802,4878,152,4.5
27852,3802,4878,157,4.5
27853,3802,4878,159,4
27854,3802,4878,164,5
27855,3802,4878,165,3.5
27856,3802,4878,178,2.5
27857,3802,4878,187,5
27858,3802,4878,199,3
27859,3802,4878,201,4
27860,3802,4878,212,5
27861,3802,4878,216,5
27862,3802,4878,230,5
27863,3802,4878,234,5
27864,3802,4878,240,4.5
27865,3802,4878,257,5
27866,3802,4878,262,5
27867,3802,4878,267,4
27868,3802,4878,268,4.5
27869,3802,4878,270,4
27870,3802,4878,273,5
27871,3802,4878,291,5
27872,3802,4878,299,2.5
27873,3802,4878,303,3.5
27874,3802,4878,304,5
27875,3802,4878,327,5
27876,3802,4878,345,5
27877,3802,4878,346,3
27878,3802,4878,353,4
27879,3802,4878,355,4
27880,3802,4878,362,4
27881,3802,4878,378,4.5
27882,3802,4878,379,4.5
27883,3802,4878,380,4
27884,3802,4878,384,2
27885,3802,4878,386,4
27886,3802,4878,407,5
27887,3802,4878,427,4
27888,3802,4878,428,5
27889,3802,4878,430,5
27890,3802,4878,433,4
27891,3802,4878,450,5
27892,3802,4878,457,4
27893,3802,4878,461,3
27894,3802,4878,468,3
27895,3802,4878,480,2.5
27896,3802,4878,483,4
27897,3802,4878,488,4.5
27898,3802,4878,500,2.5
27899,3802,4878,501,3.5
27900,3802,4878,509,4
27901,3802,4878,520,3
27902,3802,4878,524,5
27903,3802,4878,547,2.5
27904,3802,4878,553,3.5
27905,3802,4878,561,4.5
27906,3802,4878,567,2.5
27907,3802,4878,580,5
27908,3802,4878,596,4.5
27909,3802,4878,599,3.5
27910,3802,4878,601,3.5
27911,3802,4878,606,4
27912,3802,4878,610,3.5
27913,3802,4878,615,3.5
27914,3802,4878,620,2.5
27915,3802,4878,623,5
27916,3802,4878,624,4
27917,3802,4878,625,4
27918,3802,4878,628,4
27919,3802,4878,648,3.5
27920,3802,4878,654,5
27921,3802,4878,664,4.5
27922,3801,4876,213,2
27923,3801,4876,386,1
27924,3801,4876,461,0.5
27925,3801,4876,475,1
27926,3800,4875,165,1
27927,3799,4874,41,3.5
27928,3799,4874,73,4
27929,3799,4874,107,4
27930,3799,4874,213,2.5
27931,3799,4874,248,4
27932,3799,4874,320,3.5
27933,3799,4874,324,3
27934,3799,4874,346,2
27935,3799,4874,350,5
27936,3799,4874,380,4
27937,3799,4874,405,2.5
27938,3799,4874,439,2
27939,3799,4874,445,4
27940,3799,4874,452,3
27941,3799,4874,468,2.5
27942,3799,4874,473,5
27943,3799,4874,481,3.5
27944,3799,4874,509,3
27945,3799,4874,525,1
27946,3799,4874,544,4
27947,3799,4874,547,2.5
27948,3799,4874,562,2.5
27949,3799,4874,624,2
27950,3799,4874,664,4
27951,3798,4873,15,5
27952,3798,4873,73,4
27953,3798,4873,132,3.5
27954,3798,4873,186,4.5
27955,3798,4873,345,2.5
27956,3798,4873,388,3
27957,3798,4873,407,5
27958,3798,4873,430,4.5
27959,3798,4873,450,5
27960,3798,4873,509,5
27961,3798,4873,547,3
27962,3797,4867,128,5
27963,3797,4867,235,4
27964,3797,4867,380,3
27965,3797,4867,439,3
27966,3797,4867,452,3.5
27967,3796,4866,150,2
27968,3796,4866,353,2.5
27969,3796,4866,405,4
27970,3796,4866,452,2
27971,3796,4866,624,3.5
27972,3795,4865,23,3.5
27973,3795,4865,26,4.5
27974,3795,4865,73,3.5
27975,3795,4865,95,4
27976,3795,4865,128,2
27977,3795,4865,212,4
27978,3795,4865,243,3.5
27979,3795,4865,262,2
27980,3795,4865,294,3.5
27981,3795,4865,313,3
27982,3795,4865,388,4
27983,3795,4865,404,2
27984,3795,4865,461,3
27985,3795,4865,571,4
27986,3795,4865,580,3.5
27987,3795,4865,598,3
27988,3795,4865,609,5
27989,3795,4865,615,2.5
27990,3795,4865,654,4
27991,3795,4865,664,4
27992,3794,4863,299,4
27993,3793,4862,38,3.5
27994,3793,4862,294,3.5
27995,3793,4862,452,2
27996,3792,4861,405,4.5
27997,3791,4859,547,1
27998,3790,4857,23,3.5
27999,3790,4857,130,4.5
28000,3790,4857,212,4
28001,3790,4857,243,4
28002,3790,4857,245,2
28003,3790,4857,294,3
28004,3790,4857,405,4.5
28005,3790,4857,417,4
28006,3790,4857,442,4.5
28007,3790,4857,468,2.5
28008,3790,4857,505,3
28009,3790,4857,575,3
28010,3790,4857,582,3
28011,3789,4855,73,4
28012,3789,4855,105,3.5
28013,3789,4855,143,4.5
28014,3789,4855,212,3
28015,3789,4855,257,4.5
28016,3789,4855,311,3
28017,3789,4855,353,3.5
28018,3789,4855,388,4.5
28019,3789,4855,405,4
28020,3789,4855,423,4
28021,3789,4855,430,3
28022,3789,4855,452,3
28023,3789,4855,460,4
28024,3789,4855,468,3
28025,3789,4855,472,4
28026,3789,4855,525,4
28027,3789,4855,547,1
28028,3789,4855,575,2
28029,3789,4855,580,3
28030,3789,4855,587,4
28031,3789,4855,596,3.5
28032,3789,4855,624,4
28033,3789,4855,628,3
28034,3788,4854,575,2
28035,3787,4851,452,4
28036,3786,4849,439,3
28037,3785,4848,15,2
28038,3785,4848,17,5
28039,3785,4848,23,4
28040,3785,4848,56,4
28041,3785,4848,73,3.5
28042,3785,4848,81,4
28043,3785,4848,103,5
28044,3785,4848,143,0.5
28045,3785,4848,148,2
28046,3785,4848,152,3.5
28047,3785,4848,159,3
28048,3785,4848,203,4.5
28049,3785,4848,230,4
28050,3785,4848,236,4.5
28051,3785,4848,240,4
28052,3785,4848,283,1.5
28053,3785,4848,299,5
28054,3785,4848,311,3
28055,3785,4848,313,1
28056,3785,4848,378,4.5
28057,3785,4848,384,4
28058,3785,4848,388,4
28059,3785,4848,430,5
28060,3785,4848,433,4
28061,3785,4848,450,5
28062,3785,4848,457,4
28063,3785,4848,463,4
28064,3785,4848,468,3.5
28065,3785,4848,472,4
28066,3785,4848,481,4.5
28067,3785,4848,544,4.5
28068,3785,4848,547,4
28069,3785,4848,558,5
28070,3785,4848,587,3
28071,3785,4848,596,3.5
28072,3785,4848,610,4
28073,3785,4848,624,3
28074,3785,4848,627,3.5
28075,3785,4848,664,3.5
28076,3784,4846,63,5
28077,3784,4846,73,4
28078,3784,4846,294,3.5
28079,3784,4846,346,5
28080,3784,4846,388,3
28081,3784,4846,431,4
28082,3784,4846,461,3
28083,3784,4846,509,4
28084,3784,4846,580,4
28085,3784,4846,598,2
28086,3783,4844,15,2
28087,3783,4844,26,2
28088,3783,4844,111,3
28089,3783,4844,226,2
28090,3783,4844,350,4
28091,3783,4844,380,3
28092,3783,4844,463,3
28093,3783,4844,468,2
28094,3783,4844,522,2.5
28095,3783,4844,547,4
28096,3783,4844,558,5
28097,3783,4844,561,4.5
28098,3783,4844,607,3.5
28099,3783,4844,624,2
28100,3782,4842,248,4
28101,3781,4840,547,2
28102,3780,4837,105,3.5
28103,3780,4837,609,1
28104,3779,4836,452,3
28105,3779,4836,575,3
28106,3778,4835,30,5
28107,3778,4835,142,2
28108,3778,4835,148,4
28109,3778,4835,452,2.5
28110,3778,4835,463,2
28111,3778,4835,547,4
28112,3778,4835,575,4
28113,3778,4835,614,2
28114,3777,4834,142,1
28115,3777,4834,648,4
28116,3776,4833,134,4.5
28117,3776,4833,262,3
28118,3776,4833,430,4.5
28119,3775,4832,30,3
28120,3775,4832,547,3
28121,3774,4831,547,3
28122,3773,4830,30,4
28123,3773,4830,142,3
28124,3772,4826,353,3
28125,3772,4826,472,4
28126,3771,4823,15,2.5
28127,3771,4823,16,4
28128,3771,4823,23,4
28129,3771,4823,73,3
28130,3771,4823,111,3
28131,3771,4823,128,4
28132,3771,4823,175,4
28133,3771,4823,212,3
28134,3771,4823,213,2.5
28135,3771,4823,294,4.5
28136,3771,4823,313,4
28137,3771,4823,333,4
28138,3771,4823,380,2.5
28139,3771,4823,382,3
28140,3771,4823,402,3.5
28141,3771,4823,431,3.5
28142,3771,4823,463,2
28143,3771,4823,509,2
28144,3771,4823,547,2
28145,3770,4822,428,5
28146,3769,4821,128,5
28147,3769,4821,313,3.5
28148,3769,4821,547,4.5
28149,3768,4818,294,2
28150,3767,4816,15,3
28151,3767,4816,23,3
28152,3767,4816,56,2
28153,3767,4816,73,2
28154,3767,4816,97,4
28155,3767,4816,107,0.5
28156,3767,4816,111,4
28157,3767,4816,149,4
28158,3767,4816,150,4
28159,3767,4816,156,4.5
28160,3767,4816,176,0.5
28161,3767,4816,212,2
28162,3767,4816,262,2.5
28163,3767,4816,294,4
28164,3767,4816,313,4
28165,3767,4816,316,3.5
28166,3767,4816,350,4
28167,3767,4816,353,3.5
28168,3767,4816,365,3
28169,3767,4816,380,2
28170,3767,4816,382,1
28171,3767,4816,384,5
28172,3767,4816,388,3
28173,3767,4816,442,3.5
28174,3767,4816,452,3
28175,3767,4816,457,2.5
28176,3767,4816,460,4
28177,3767,4816,461,2
28178,3767,4816,468,2
28179,3767,4816,486,5
28180,3767,4816,500,4
28181,3767,4816,520,3
28182,3767,4816,522,4.5
28183,3767,4816,546,5
28184,3767,4816,547,4
28185,3767,4816,574,3.5
28186,3767,4816,580,4.5
28187,3767,4816,598,2
28188,3767,4816,599,4
28189,3767,4816,607,3.5
28190,3767,4816,623,4.5
28191,3767,4816,624,3
28192,3767,4816,625,1.5
28193,3767,4816,648,3.5
28194,3767,4816,654,3
28195,3767,4816,664,4
28196,3766,4815,30,4
28197,3766,4815,452,3
28198,3765,4814,128,5
28199,3765,4814,142,4
28200,3765,4814,150,3.5
28201,3765,4814,313,3
28202,3765,4814,367,4
28203,3765,4814,380,3
28204,3765,4814,381,5
28205,3765,4814,452,2
28206,3765,4814,463,2
28207,3765,4814,547,2.5
28208,3765,4814,624,2
28209,3764,4812,624,3
28210,3763,4811,41,4
28211,3763,4811,618,4
28212,3762,4810,452,4
28213,3762,4810,547,4
28214,3761,4809,33,3
28215,3761,4809,452,4
28216,3761,4809,463,3
28217,3761,4809,547,5
28218,3761,4809,587,4
28219,3760,4806,405,4
28220,3760,4806,587,3.5
28221,3759,4804,575,3
28222,3758,4803,30,4
28223,3758,4803,142,3
28224,3758,4803,405,3.5
28225,3758,4803,452,3
28226,3758,4803,547,3
28227,3758,4803,575,2
28228,3757,4802,248,4
28229,3757,4802,287,5
28230,3757,4802,294,4
28231,3757,4802,311,3
28232,3757,4802,328,3.5
28233,3757,4802,575,5
28234,3756,4801,529,4.5
28235,3756,4801,547,4.5
28236,3755,4800,73,4
28237,3755,4800,294,3.5
28238,3754,4799,75,4
28239,3754,4799,405,3
28240,3754,4799,452,3
28241,3754,4799,468,2.5
28242,3754,4799,547,4
28243,3754,4799,575,5
28244,3754,4799,624,5
28245,3753,4798,505,3
28246,3753,4798,575,4
28247,3752,4796,609,5
28248,3751,4795,287,5
28249,3751,4795,311,3
28250,3751,4795,394,2
28251,3751,4795,575,4
28252,3750,4792,461,0.5
28253,3750,4792,571,3.5
28254,3750,4792,604,3.5
28255,3750,4792,638,3.5
28256,3749,4789,41,5
28257,3748,4787,30,5
28258,3748,4787,142,4
28259,3748,4787,292,4
28260,3748,4787,311,3.5
28261,3748,4787,452,3
28262,3748,4787,547,3
28263,3748,4787,575,4
28264,3747,4784,142,2
28265,3747,4784,405,3.5
28266,3747,4784,547,3
28267,3747,4784,609,1
28268,3746,4783,388,4
28269,3746,4783,405,5
28270,3746,4783,472,5
28271,3745,4782,509,4
28272,3745,4782,609,1
28273,3744,4776,15,2.5
28274,3744,4776,22,3
28275,3744,4776,26,4
28276,3744,4776,30,4
28277,3744,4776,56,2
28278,3744,4776,73,3.5
28279,3744,4776,84,4
28280,3744,4776,105,3
28281,3744,4776,111,2
28282,3744,4776,156,5
28283,3744,4776,212,3
28284,3744,4776,282,2
28285,3744,4776,295,2.5
28286,3744,4776,313,3.5
28287,3744,4776,350,4
28288,3744,4776,353,3.5
28289,3744,4776,380,3
28290,3744,4776,384,3.5
28291,3744,4776,388,4
28292,3744,4776,405,0.5
28293,3744,4776,423,3.5
28294,3744,4776,433,3
28295,3744,4776,452,3
28296,3744,4776,457,3
28297,3744,4776,463,3
28298,3744,4776,468,2.5
28299,3744,4776,480,5
28300,3744,4776,481,3
28301,3744,4776,483,3.5
28302,3744,4776,509,4
28303,3744,4776,547,4.5
28304,3744,4776,577,4
28305,3744,4776,596,2
28306,3744,4776,598,4
28307,3744,4776,624,3
28308,3744,4776,654,4.5
28309,3744,4776,664,4.5
28310,3743,4775,73,0.5
28311,3743,4775,165,2
28312,3743,4775,624,0.5
28313,3742,4774,294,3.5
28314,3742,4774,598,3
28315,3741,4772,16,5
28316,3741,4772,105,4
28317,3741,4772,198,2.5
28318,3741,4772,427,4
28319,3740,4771,56,4
28320,3739,4770,208,3
28321,3738,4769,452,4
28322,3738,4769,472,4
28323,3738,4769,609,1
28324,3737,4768,236,4.5
28325,3737,4768,609,1
28326,3736,4767,202,2
28327,3736,4767,268,3
28328,3736,4767,294,4
28329,3735,4766,427,4
28330,3734,4765,165,3
28331,3734,4765,407,4
28332,3734,4765,427,5
28333,3734,4765,547,2
28334,3732,4761,509,3.5
28335,3731,4757,111,3.5
28336,3731,4757,150,1
28337,3731,4757,294,3.5
28338,3731,4757,311,3.5
28339,3731,4757,380,1.5
28340,3731,4757,475,1.5
28341,3731,4757,547,2
28342,3730,4756,128,2
28343,3730,4756,213,2.5
28344,3730,4756,624,1
28345,3729,4755,149,5
28346,3728,4754,262,5
28347,3728,4754,472,3
28348,3727,4753,581,0.5
28349,3726,4752,262,3.5
28350,3726,4752,299,4
28351,3725,4751,30,4
28352,3724,4750,165,1.5
28353,3724,4750,500,1.5
28354,3723,4749,165,2
28355,3723,4749,500,1.5
28356,3722,4748,500,1.5
28357,3721,4745,128,3
28358,3721,4745,262,1
28359,3721,4745,382,0.5
28360,3720,4744,15,1
28361,3720,4744,73,1.5
28362,3720,4744,78,3.5
28363,3720,4744,142,3
28364,3720,4744,475,1.5
28365,3719,4743,294,4.5
28366,3719,4743,558,3
28367,3718,4741,648,4.5
28368,3717,4740,220,2
28369,3716,4738,15,3.5
28370,3716,4738,16,4.5
28371,3716,4738,294,4
28372,3715,4737,388,2
28373,3715,4737,452,3.5
28374,3714,4736,665,1
28375,3713,4735,199,2.5
28376,3713,4735,212,1
28377,3713,4735,353,1.5
28378,3713,4735,367,2
28379,3713,4735,370,4
28380,3713,4735,475,1
28381,3712,4734,15,1
28382,3712,4734,73,3
28383,3712,4734,95,4
28384,3712,4734,111,2.5
28385,3712,4734,148,2
28386,3712,4734,150,3
28387,3712,4734,165,2.5
28388,3712,4734,185,5
28389,3712,4734,187,4.5
28390,3712,4734,212,3.5
28391,3712,4734,240,3
28392,3712,4734,270,4
28393,3712,4734,299,3
28394,3712,4734,316,4
28395,3712,4734,367,2
28396,3712,4734,380,4
28397,3712,4734,423,1.5
28398,3712,4734,433,4
28399,3712,4734,457,2
28400,3712,4734,461,2.5
28401,3712,4734,463,3
28402,3712,4734,509,2
28403,3712,4734,561,3
28404,3712,4734,562,4.5
28405,3712,4734,563,4
28406,3712,4734,574,3
28407,3712,4734,580,2.5
28408,3712,4734,582,4
28409,3712,4734,598,4
28410,3712,4734,624,4.5
28411,3712,4734,654,5
28412,3711,4733,30,4
28413,3711,4733,509,4
28414,3710,4732,165,2.5
28415,3710,4732,380,4
28416,3710,4732,624,1.5
28417,3709,4731,15,5
28418,3708,4728,15,4
28419,3708,4728,30,3
28420,3708,4728,33,3
28421,3708,4728,73,1.5
28422,3708,4728,350,5
28423,3708,4728,468,1.5
28424,3708,4728,481,3
28425,3708,4728,624,2.5
28426,3707,4727,15,3
28427,3707,4727,128,1
28428,3707,4727,150,2
28429,3707,4727,405,4.5
28430,3707,4727,452,0.5
28431,3707,4727,532,3
28432,3706,4725,17,4.5
28433,3705,4724,652,5
28434,3704,4723,15,3.5
28435,3704,4723,367,4
28436,3704,4723,388,4
28437,3704,4723,427,4
28438,3704,4723,452,4
28439,3703,4722,427,4
28440,3703,4722,439,4
28441,3703,4722,652,5
28442,3702,4721,353,2.5
28443,3702,4721,468,2.5
28444,3701,4720,15,2
28445,3701,4720,22,2.5
28446,3701,4720,23,4
28447,3701,4720,48,3
28448,3701,4720,72,3.5
28449,3701,4720,73,3.5
28450,3701,4720,84,4
28451,3701,4720,88,2.5
28452,3701,4720,128,5
28453,3701,4720,134,4.5
28454,3701,4720,142,3
28455,3701,4720,152,3.5
28456,3701,4720,165,3.5
28457,3701,4720,176,3.5
28458,3701,4720,187,5
28459,3701,4720,199,3.5
28460,3701,4720,212,4
28461,3701,4720,213,2
28462,3701,4720,240,4.5
28463,3701,4720,243,4
28464,3701,4720,250,4.5
28465,3701,4720,262,3
28466,3701,4720,295,4.5
28467,3701,4720,313,3
28468,3701,4720,345,4
28469,3701,4720,355,2
28470,3701,4720,367,5
28471,3701,4720,380,3
28472,3701,4720,384,2.5
28473,3701,4720,388,4
28474,3701,4720,407,2
28475,3701,4720,426,4.5
28476,3701,4720,430,5
28477,3701,4720,461,3.5
28478,3701,4720,463,4
28479,3701,4720,468,3
28480,3701,4720,470,3
28481,3701,4720,475,2.5
28482,3701,4720,500,2.5
28483,3701,4720,509,3
28484,3701,4720,526,4
28485,3701,4720,547,3
28486,3701,4720,558,3
28487,3701,4720,562,3.5
28488,3701,4720,580,2
28489,3701,4720,627,4
28490,3701,4720,654,4.5
28491,3701,4720,655,3.5
28492,3701,4720,664,4
28493,3700,4719,15,2
28494,3700,4719,105,3.5
28495,3699,4718,5,3.5
28496,3699,4718,13,3.5
28497,3699,4718,15,4
28498,3699,4718,16,4.5
28499,3699,4718,33,4
28500,3699,4718,73,3
28501,3699,4718,78,4.5
28502,3699,4718,91,4
28503,3699,4718,95,4
28504,3699,4718,107,1.5
28505,3699,4718,150,4
28506,3699,4718,157,2.5
28507,3699,4718,163,2.5
28508,3699,4718,212,2.5
28509,3699,4718,262,2
28510,3699,4718,313,2.5
28511,3699,4718,316,3
28512,3699,4718,371,2
28513,3699,4718,380,3
28514,3699,4718,384,3.5
28515,3699,4718,388,3
28516,3699,4718,402,3
28517,3699,4718,426,0.5
28518,3699,4718,433,3
28519,3699,4718,439,1
28520,3699,4718,457,1.5
28521,3699,4718,471,3.5
28522,3699,4718,475,2
28523,3699,4718,509,1
28524,3699,4718,522,3.5
28525,3699,4718,557,4
28526,3699,4718,571,2.5
28527,3699,4718,580,3
28528,3699,4718,584,2.5
28529,3699,4718,596,3.5
28530,3699,4718,598,3
28531,3699,4718,620,0.5
28532,3699,4718,624,3
28533,3699,4718,654,4
28534,3698,4717,346,5
28535,3697,4716,547,1
28536,3696,4714,30,2
28537,3696,4714,142,1
28538,3696,4714,405,3
28539,3695,4713,15,4
28540,3695,4713,30,3
28541,3695,4713,73,4.5
28542,3695,4713,367,2
28543,3695,4713,468,2.5
28544,3693,4711,472,5
28545,3692,4710,30,4
28546,3692,4710,575,3
28547,3691,4709,30,4
28548,3691,4709,142,3
28549,3691,4709,405,3.5
28550,3691,4709,575,4
28551,3691,4709,624,3
28552,3690,4706,367,4
28553,3689,4705,367,4
28554,3689,4705,405,4
28555,3689,4705,547,2
28556,3689,4705,587,5
28557,3688,4704,311,3.5
28558,3688,4704,547,3
28559,3688,4704,575,4
28560,3687,4703,452,3
28561,3687,4703,500,4
28562,3687,4703,547,3.5
28563,3686,4701,15,3
28564,3686,4701,22,4
28565,3686,4701,61,2.5
28566,3686,4701,73,3
28567,3686,4701,84,3.5
28568,3686,4701,150,3.5
28569,3686,4701,212,3.5
28570,3686,4701,251,4
28571,3686,4701,294,4
28572,3686,4701,346,4
28573,3686,4701,353,1.5
28574,3686,4701,402,3.5
28575,3686,4701,431,3.5
28576,3686,4701,432,4.5
28577,3686,4701,441,2.5
28578,3686,4701,457,1
28579,3686,4701,468,2
28580,3686,4701,475,2.5
28581,3686,4701,500,3
28582,3686,4701,509,3
28583,3686,4701,570,4
28584,3686,4701,574,2.5
28585,3686,4701,580,3.5
28586,3686,4701,643,2
28587,3686,4701,654,4
28588,3686,4701,665,4
28589,3685,4700,15,2
28590,3685,4700,30,4
28591,3685,4700,95,4
28592,3685,4700,111,3
28593,3685,4700,175,4
28594,3685,4700,176,1
28595,3685,4700,187,3.5
28596,3685,4700,204,1
28597,3685,4700,213,2
28598,3685,4700,238,4
28599,3685,4700,294,3.5
28600,3685,4700,311,4
28601,3685,4700,382,4
28602,3685,4700,402,3
28603,3685,4700,460,3.5
28604,3685,4700,468,2
28605,3685,4700,575,3
28606,3685,4700,599,5
28607,3684,4699,128,4
28608,3684,4699,294,4
28609,3684,4699,367,2
28610,3684,4699,371,4
28611,3684,4699,547,3
28612,3684,4699,584,4
28613,3683,4698,472,4
28614,3682,4697,73,3.5
28615,3682,4697,95,3
28616,3682,4697,262,2
28617,3682,4697,299,5
28618,3681,4696,346,5
28619,3681,4696,621,4.5
28620,3680,4692,547,3
28621,3679,4691,41,2.5
28622,3678,4690,452,3.5
28623,3678,4690,547,1
28624,3677,4688,83,4
28625,3677,4688,388,5
28626,3677,4688,527,3
28627,3676,4687,346,1
28628,3675,4686,142,1
28629,3675,4686,452,0.5
28630,3675,4686,479,3.5
28631,3675,4686,624,2
28632,3674,4684,547,0.5
28633,3673,4682,95,4
28634,3673,4682,243,4
28635,3673,4682,367,3
28636,3672,4681,30,3
28637,3672,4681,95,5
28638,3672,4681,105,3.5
28639,3672,4681,200,4
28640,3672,4681,367,4
28641,3672,4681,371,4
28642,3672,4681,404,3
28643,3672,4681,463,2
28644,3672,4681,624,4
28645,3671,4680,367,2
28646,3670,4679,15,3
28647,3670,4679,33,5
28648,3670,4679,105,4
28649,3670,4679,130,4
28650,3670,4679,142,3
28651,3670,4679,439,3
28652,3670,4679,457,2.5
28653,3670,4679,468,2.5
28654,3670,4679,547,3
28655,3670,4679,624,3
28656,3669,4678,15,4
28657,3669,4678,33,3
28658,3669,4678,41,4
28659,3669,4678,294,3.5
28660,3669,4678,439,3
28661,3669,4678,621,4
28662,3669,4678,624,3.5
28663,3669,4678,654,3.5
28664,3668,4677,111,4.5
28665,3668,4677,142,2
28666,3668,4677,457,1.5
28667,3668,4677,624,3
28668,3667,4676,213,2.5
28669,3667,4676,292,3.5
28670,3667,4676,621,2.5
28671,3666,4675,15,2
28672,3666,4675,452,2
28673,3665,4674,547,1
28674,3664,4673,105,2.5
28675,3664,4673,142,3
28676,3664,4673,213,3
28677,3664,4673,255,1.5
28678,3664,4673,384,3
28679,3664,4673,461,3
28680,3664,4673,577,3
28681,3664,4673,624,2
28682,3664,4673,643,3
28683,3664,4673,652,3.5
28684,3663,4670,95,4
28685,3663,4670,452,2.5
28686,3662,4667,547,2
28687,3661,4666,15,1
28688,3661,4666,461,1.5
28689,3660,4664,367,3
28690,3660,4664,405,4.5
28691,3660,4664,575,3
28692,3660,4664,587,4
28693,3659,4663,294,4
28694,3658,4662,33,4
28695,3658,4662,439,3
28696,3658,4662,523,4
28697,3658,4662,624,3
28698,3657,4661,30,4
28699,3657,4661,200,2.5
28700,3657,4661,311,4
28701,3657,4661,367,4
28702,3657,4661,547,5
28703,3656,4660,384,3.5
28704,3656,4660,460,4.5
28705,3656,4660,624,4
28706,3655,4659,547,4
28707,3654,4658,15,2
28708,3654,4658,81,5
28709,3654,4658,262,3.5
28710,3654,4658,299,4.5
28711,3654,4658,481,4
28712,3653,4655,185,3
28713,3652,4654,15,1
28714,3652,4654,105,3
28715,3652,4654,367,3
28716,3652,4654,547,1
28717,3652,4654,575,1
28718,3652,4654,624,1.5
28719,3651,4652,33,4
28720,3651,4652,439,1
28721,3650,4649,33,4
28722,3650,4649,56,4
28723,3650,4649,165,2.5
28724,3650,4649,187,2
28725,3650,4649,427,3
28726,3650,4649,439,1
28727,3649,4645,17,4.5
28728,3648,4644,452,3.5
28729,3647,4643,15,3
28730,3647,4643,22,2.5
28731,3647,4643,30,4
28732,3647,4643,33,2
28733,3647,4643,73,2.5
28734,3647,4643,78,5
28735,3647,4643,105,2.5
28736,3647,4643,130,2
28737,3647,4643,212,3.5
28738,3647,4643,213,3
28739,3647,4643,243,3
28740,3647,4643,290,5
28741,3647,4643,299,0.5
28742,3647,4643,313,2.5
28743,3647,4643,316,3
28744,3647,4643,320,3.5
28745,3647,4643,324,3
28746,3647,4643,327,3
28747,3647,4643,350,2
28748,3647,4643,355,2.5
28749,3647,4643,367,4
28750,3647,4643,380,3.5
28751,3647,4643,388,1
28752,3647,4643,405,3.5
28753,3647,4643,423,0.5
28754,3647,4643,439,4
28755,3647,4643,463,1
28756,3647,4643,468,2.5
28757,3647,4643,469,4.5
28758,3647,4643,475,2
28759,3647,4643,481,2
28760,3647,4643,525,4
28761,3647,4643,528,2
28762,3647,4643,544,4
28763,3647,4643,561,2.5
28764,3647,4643,574,3
28765,3647,4643,576,3
28766,3647,4643,580,2.5
28767,3647,4643,596,3
28768,3647,4643,598,3
28769,3647,4643,624,1.5
28770,3647,4643,654,3.5
28771,3647,4643,664,4
28772,3647,4643,665,4
28773,3646,4642,15,1.5
28774,3646,4642,73,4
28775,3646,4642,240,4.5
28776,3646,4642,299,5
28777,3646,4642,407,4.5
28778,3646,4642,427,5
28779,3646,4642,580,3.5
28780,3645,4641,6,1.5
28781,3645,4641,15,3
28782,3645,4641,23,4
28783,3645,4641,33,3
28784,3645,4641,73,4
28785,3645,4641,78,5
28786,3645,4641,99,5
28787,3645,4641,149,2.5
28788,3645,4641,164,4.5
28789,3645,4641,198,1.5
28790,3645,4641,212,3
28791,3645,4641,230,4
28792,3645,4641,240,4
28793,3645,4641,262,5
28794,3645,4641,345,5
28795,3645,4641,350,5
28796,3645,4641,355,2
28797,3645,4641,388,5
28798,3645,4641,427,4
28799,3645,4641,430,4
28800,3645,4641,431,4
28801,3645,4641,433,5
28802,3645,4641,439,2
28803,3645,4641,452,4
28804,3645,4641,457,3
28805,3645,4641,460,4
28806,3645,4641,463,2
28807,3645,4641,472,4
28808,3645,4641,500,3.5
28809,3645,4641,509,4
28810,3645,4641,547,3.5
28811,3645,4641,558,5
28812,3645,4641,580,3.5
28813,3645,4641,610,3.5
28814,3645,4641,654,3.5
28815,3645,4641,664,2.5
28816,3644,4640,596,2.5
28817,3643,4639,15,1
28818,3643,4639,30,4
28819,3643,4639,95,3
28820,3643,4639,128,3
28821,3643,4639,186,1.5
28822,3643,4639,294,3
28823,3643,4639,311,3
28824,3643,4639,418,4
28825,3643,4639,452,3
28826,3643,4639,468,1.5
28827,3643,4639,547,1
28828,3643,4639,575,2
28829,3643,4639,596,3.5
28830,3643,4639,665,3
28831,3642,4638,15,1
28832,3642,4638,73,3
28833,3642,4638,141,3
28834,3642,4638,150,2
28835,3642,4638,200,2.5
28836,3642,4638,212,2.5
28837,3642,4638,213,4
28838,3642,4638,262,1
28839,3642,4638,287,4
28840,3642,4638,290,1
28841,3642,4638,311,3
28842,3642,4638,316,2.5
28843,3642,4638,324,4
28844,3642,4638,349,3
28845,3642,4638,353,1
28846,3642,4638,367,3
28847,3642,4638,380,2
28848,3642,4638,384,2.5
28849,3642,4638,418,4
28850,3642,4638,442,3.5
28851,3642,4638,452,1
28852,3642,4638,461,1.5
28853,3642,4638,475,1
28854,3642,4638,480,2
28855,3642,4638,481,2
28856,3642,4638,483,2
28857,3642,4638,580,1.5
28858,3642,4638,624,4
28859,3642,4638,625,3.5
28860,3642,4638,654,3
28861,3642,4638,665,3
28862,3641,4636,95,2
28863,3640,4634,624,3
28864,3639,4632,367,5
28865,3638,4630,165,5
28866,3638,4630,624,1
28867,3637,4629,30,2
28868,3637,4629,367,2
28869,3636,4628,30,5
28870,3636,4628,468,2.5
28871,3636,4628,481,4
28872,3636,4628,547,3
28873,3635,4627,30,2
28874,3635,4627,367,4
28875,3635,4627,547,2
28876,3634,4626,367,5
28877,3633,4625,41,3.5
28878,3633,4625,367,1
28879,3632,4624,73,4
28880,3632,4624,149,1
28881,3632,4624,346,0.5
28882,3632,4624,580,2.5
28883,3631,4623,15,4
28884,3631,4623,111,4
28885,3631,4623,120,4.5
28886,3631,4623,130,2.5
28887,3631,4623,165,2.5
28888,3631,4623,217,5
28889,3631,4623,282,4
28890,3631,4623,311,3.5
28891,3631,4623,353,3.5
28892,3631,4623,367,4
28893,3631,4623,380,4
28894,3631,4623,414,2
28895,3631,4623,439,3
28896,3631,4623,457,3
28897,3631,4623,463,3
28898,3631,4623,468,2.5
28899,3631,4623,547,3.5
28900,3631,4623,575,3
28901,3631,4623,598,5
28902,3631,4623,604,1.5
28903,3631,4623,607,4
28904,3631,4623,624,5
28905,3631,4623,632,4
28906,3630,4622,33,3
28907,3629,4621,15,3
28908,3629,4621,30,3
28909,3629,4621,33,4
28910,3629,4621,73,2
28911,3629,4621,294,3.5
28912,3629,4621,350,2
28913,3629,4621,367,3
28914,3629,4621,457,1.5
28915,3629,4621,460,1.5
28916,3629,4621,461,2.5
28917,3629,4621,480,3.5
28918,3629,4621,547,1.5
28919,3629,4621,624,2
28920,3629,4621,654,4
28921,3628,4619,73,2.5
28922,3628,4619,598,4
28923,3627,4618,73,3.5
28924,3627,4618,95,4
28925,3627,4618,367,2
28926,3627,4618,439,3
28927,3627,4618,463,2
28928,3626,4617,30,5
28929,3625,4616,150,3.5
28930,3625,4616,165,3
28931,3625,4616,212,3.5
28932,3625,4616,292,4
28933,3625,4616,353,3.5
28934,3625,4616,388,3.5
28935,3625,4616,430,5
28936,3625,4616,652,5
28937,3624,4615,30,1
28938,3623,4614,73,3.5
28939,3623,4614,457,2
28940,3623,4614,580,3
28941,3622,4612,299,4.5
28942,3622,4612,587,5
28943,3621,4610,575,3
28944,3620,4608,30,4
28945,3619,4606,547,2
28946,3618,4605,609,1
28947,3617,4603,311,3
28948,3617,4603,461,0.5
28949,3617,4603,575,3
28950,3616,4602,624,3
28951,3615,4600,111,4
28952,3614,4593,264,2
28953,3613,4592,609,1
28954,3612,4591,609,5
28955,3611,4590,547,3.5
28956,3610,4589,202,4
28957,3610,4589,472,4
28958,3609,4587,292,3.5
28959,3609,4587,294,3.5
28960,3609,4587,315,2
28961,3609,4587,346,2
28962,3609,4587,405,3.5
28963,3609,4587,547,1
28964,3609,4587,624,3
28965,3608,4585,311,3.5
28966,3608,4585,417,3.5
28967,3608,4585,547,4
28968,3608,4585,624,4
28969,3607,4584,293,5
28970,3606,4578,414,2
28971,3605,4577,73,4
28972,3605,4577,452,4
28973,3604,4573,30,4
28974,3603,4572,105,3
28975,3603,4572,525,4
28976,3603,4572,575,2
28977,3602,4571,15,3
28978,3602,4571,23,3.5
28979,3602,4571,56,4
28980,3602,4571,73,3.5
28981,3602,4571,75,2.5
28982,3602,4571,83,3.5
28983,3602,4571,130,4
28984,3602,4571,150,3.5
28985,3602,4571,165,4
28986,3602,4571,185,4
28987,3602,4571,212,1
28988,3602,4571,244,4.5
28989,3602,4571,294,3
28990,3602,4571,303,4.5
28991,3602,4571,331,3
28992,3602,4571,345,3.5
28993,3602,4571,346,5
28994,3602,4571,355,4
28995,3602,4571,380,4
28996,3602,4571,386,2
28997,3602,4571,402,3.5
28998,3602,4571,405,3.5
28999,3602,4571,439,4
29000,3602,4571,452,3
29001,3602,4571,457,3
29002,3602,4571,461,3.5
29003,3602,4571,463,4
29004,3602,4571,468,2.5
29005,3602,4571,477,0.5
29006,3602,4571,500,3
29007,3602,4571,519,4.5
29008,3602,4571,546,5
29009,3602,4571,547,1
29010,3602,4571,577,4
29011,3602,4571,580,3
29012,3602,4571,598,3
29013,3602,4571,621,5
29014,3602,4571,624,5
29015,3602,4571,654,3.5
29016,3602,4571,655,4
29017,3601,4570,30,4
29018,3601,4570,367,4.5
29019,3601,4570,472,4
29020,3600,4569,381,1
29021,3599,4568,523,4
29022,3598,4567,346,5
29023,3597,4566,202,2
29024,3597,4566,346,5
29025,3596,4565,346,5
29026,3595,4564,23,1.5
29027,3595,4564,30,4
29028,3595,4564,117,4.5
29029,3595,4564,142,2
29030,3595,4564,388,3.5
29031,3595,4564,461,1
29032,3595,4564,547,2
29033,3595,4564,624,3
29034,3594,4563,235,3.5
29035,3594,4563,294,3.5
29036,3594,4563,295,4
29037,3594,4563,353,1
29038,3594,4563,624,2
29039,3593,4562,472,5
29040,3593,4562,609,1
29041,3592,4561,95,4
29042,3591,4560,95,3
29043,3590,4559,414,1
29044,3589,4558,33,3
29045,3589,4558,83,3.5
29046,3589,4558,105,3
29047,3589,4558,212,1
29048,3589,4558,311,3.5
29049,3589,4558,384,3
29050,3589,4558,423,2.5
29051,3589,4558,457,2
29052,3589,4558,479,3.5
29053,3589,4558,540,4
29054,3589,4558,624,3
29055,3588,4557,30,5
29056,3588,4557,105,3
29057,3588,4557,293,4
29058,3588,4557,380,4
29059,3588,4557,452,3
29060,3588,4557,505,3.5
29061,3588,4557,547,1
29062,3588,4557,575,3
29063,3588,4557,607,3.5
29064,3587,4555,547,2
29065,3586,4553,41,4.5
29066,3586,4553,73,4.5
29067,3586,4553,199,3.5
29068,3585,4552,17,4
29069,3585,4552,262,4
29070,3585,4552,299,5
29071,3585,4552,423,3.5
29072,3584,4550,414,2
29073,3583,4546,15,3
29074,3583,4546,17,4.5
29075,3583,4546,468,3.5
29076,3583,4546,472,4
29077,3583,4546,547,4
29078,3582,4545,111,3.5
29079,3582,4545,130,3.5
29080,3582,4545,150,2.5
29081,3582,4545,157,3
29082,3582,4545,213,3
29083,3582,4545,346,4
29084,3582,4545,423,1
29085,3582,4545,439,3
29086,3582,4545,457,2.5
29087,3582,4545,468,2.5
29088,3582,4545,561,3.5
29089,3582,4545,624,3
29090,3582,4545,652,4
29091,3582,4545,654,4
29092,3581,4544,439,1
29093,3581,4544,607,3
29094,3581,4544,624,2
29095,3580,4543,463,3
29096,3579,4541,580,3
29097,3578,4539,336,3
29098,3577,4538,609,1
29099,3576,4537,311,4
29100,3576,4537,388,4.5
29101,3576,4537,452,4.5
29102,3576,4537,547,4
29103,3575,4535,263,3.5
29104,3575,4535,311,4
29105,3575,4535,350,4
29106,3575,4535,405,4.5
29107,3575,4535,463,3
29108,3574,4534,350,3
29109,3574,4534,405,4.5
29110,3573,4533,73,3
29111,3573,4533,77,3.5
29112,3573,4533,165,4.5
29113,3573,4533,199,4
29114,3573,4533,655,4
29115,3572,4532,139,0.5
29116,3572,4532,165,2.5
29117,3571,4531,204,0.5
29118,3571,4531,457,2
29119,3570,4529,439,2
29120,3570,4529,547,3
29121,3569,4528,30,2
29122,3568,4527,414,3
29123,3567,4526,30,3
29124,3567,4526,243,3.5
29125,3567,4526,311,3
29126,3567,4526,353,1
29127,3567,4526,624,2
29128,3566,4524,30,4
29129,3565,4523,547,3
29130,3565,4523,587,4
29131,3564,4522,30,5
29132,3563,4521,554,4
29133,3562,4520,95,5
29134,3562,4520,452,0.5
29135,3562,4520,457,2.5
29136,3561,4519,73,5
29137,3561,4519,175,4
29138,3561,4519,200,3
29139,3561,4519,213,2
29140,3561,4519,294,3
29141,3560,4518,299,4.5
29142,3560,4518,609,5
29143,3559,4516,95,3
29144,3559,4516,442,4
29145,3558,4515,468,3.5
29146,3558,4515,547,3
29147,3557,4511,294,2.5
29148,3556,4509,33,4
29149,3556,4509,457,2.5
29150,3555,4508,294,3
29151,3555,4508,311,3
29152,3555,4508,452,3.5
29153,3555,4508,463,4
29154,3555,4508,547,3
29155,3554,4506,213,4
29156,3554,4506,299,2.5
29157,3554,4506,417,4
29158,3554,4506,575,3
29159,3553,4503,30,4
29160,3553,4503,311,3
29161,3553,4503,452,3
29162,3553,4503,547,2
29163,3552,4502,33,2
29164,3552,4502,621,0.5
29165,3552,4502,624,1
29166,3551,4501,95,4
29167,3551,4501,386,2
29168,3551,4501,439,3
29169,3550,4500,299,4.5
29170,3549,4499,30,4
29171,3549,4499,77,4.5
29172,3549,4499,95,5
29173,3549,4499,130,4
29174,3549,4499,294,4.5
29175,3549,4499,367,0.5
29176,3549,4499,417,4.5
29177,3549,4499,423,4
29178,3549,4499,430,4.5
29179,3549,4499,452,2.5
29180,3549,4499,457,2.5
29181,3549,4499,468,2.5
29182,3549,4499,509,3.5
29183,3549,4499,520,1
29184,3549,4499,547,1
29185,3549,4499,562,4
29186,3549,4499,580,3.5
29187,3549,4499,607,4.5
29188,3549,4499,624,4
29189,3549,4499,654,4
29190,3549,4499,655,4.5
29191,3548,4498,30,4
29192,3547,4496,30,4
29193,3547,4496,547,1
29194,3547,4496,652,4
29195,3546,4495,30,3
29196,3546,4495,547,2
29197,3546,4495,575,3
29198,3546,4495,587,3.5
29199,3545,4493,123,4
29200,3544,4492,123,4
29201,3544,4492,346,3
29202,3544,4492,546,0.5
29203,3544,4492,624,3
29204,3543,4491,30,2
29205,3542,4490,95,4
29206,3542,4490,472,2
29207,3541,4489,15,4.5
29208,3541,4489,30,4
29209,3541,4489,150,4
29210,3541,4489,200,2.5
29211,3541,4489,217,4.5
29212,3541,4489,292,4
29213,3541,4489,294,4
29214,3541,4489,295,3.5
29215,3541,4489,311,3.5
29216,3541,4489,339,4.5
29217,3541,4489,350,4
29218,3541,4489,353,2.5
29219,3541,4489,380,2
29220,3541,4489,386,4
29221,3541,4489,388,4
29222,3541,4489,439,4
29223,3541,4489,457,3
29224,3541,4489,463,3
29225,3541,4489,547,3
29226,3541,4489,554,3
29227,3541,4489,598,5
29228,3541,4489,607,3
29229,3541,4489,624,3
29230,3541,4489,654,4.5
29231,3540,4488,30,3
29232,3540,4488,33,2
29233,3540,4488,73,3.5
29234,3540,4488,452,3
29235,3539,4487,30,3
29236,3539,4487,105,3
29237,3539,4487,457,2
29238,3539,4487,463,2
29239,3539,4487,547,1
29240,3539,4487,624,1
29241,3538,4486,30,4
29242,3538,4486,336,1
29243,3538,4486,452,2.5
29244,3537,4483,33,5
29245,3537,4483,442,2.5
29246,3537,4483,624,2
29247,3537,4483,661,0.5
29248,3536,4482,30,4
29249,3536,4482,105,3
29250,3536,4482,452,2
29251,3536,4482,609,1
29252,3535,4480,95,4
29253,3535,4480,311,3
29254,3535,4480,457,2
29255,3535,4480,525,3
29256,3534,4479,105,4
29257,3533,4478,311,3
29258,3533,4478,405,3.5
29259,3533,4478,439,3
29260,3533,4478,461,3
29261,3533,4478,463,4
29262,3533,4478,621,5
29263,3532,4477,624,1
29264,3531,4475,103,4
29265,3530,4474,30,3
29266,3530,4474,282,0.5
29267,3530,4474,381,5
29268,3530,4474,460,2.5
29269,3530,4474,472,3
29270,3530,4474,547,2
29271,3529,4473,248,4
29272,3528,4471,624,0.5
29273,3527,4470,81,4.5
29274,3526,4469,614,4
29275,3525,4467,54,0.5
29276,3525,4467,73,4.5
29277,3525,4467,77,4
29278,3525,4467,105,3.5
29279,3525,4467,243,4
29280,3525,4467,294,3
29281,3525,4467,299,4.5
29282,3525,4467,346,5
29283,3525,4467,460,2.5
29284,3525,4467,468,3
29285,3525,4467,577,5
29286,3525,4467,580,2.5
29287,3525,4467,609,5
29288,3524,4466,202,5
29289,3523,4465,30,5
29290,3523,4465,142,3
29291,3523,4465,311,3.5
29292,3523,4465,380,4
29293,3523,4465,452,4
29294,3523,4465,461,3
29295,3523,4465,547,4
29296,3522,4464,30,4
29297,3522,4464,235,4
29298,3522,4464,311,3
29299,3522,4464,452,4
29300,3522,4464,547,3
29301,3521,4462,311,3
29302,3520,4459,175,5
29303,3519,4458,23,3
29304,3519,4458,654,4.5
29305,3518,4454,73,3.5
29306,3518,4454,157,4.5
29307,3517,4453,576,3
29308,3517,4453,592,1
29309,3516,4452,33,2
29310,3516,4452,245,2
29311,3516,4452,380,3
29312,3516,4452,457,2
29313,3516,4452,598,4
29314,3515,4451,15,2.5
29315,3514,4450,15,2
29316,3514,4450,33,5
29317,3514,4450,187,4
29318,3514,4450,299,5
29319,3514,4450,427,4
29320,3514,4450,452,4
29321,3514,4450,457,4
29322,3513,4448,8,2.5
29323,3513,4448,15,1
29324,3513,4448,73,3.5
29325,3513,4448,105,3
29326,3513,4448,128,4
29327,3513,4448,150,3.5
29328,3513,4448,212,4
29329,3513,4448,235,5
29330,3513,4448,367,3
29331,3513,4448,380,4
29332,3513,4448,388,3
29333,3513,4448,405,5
29334,3513,4448,463,3
29335,3513,4448,509,2.5
29336,3513,4448,547,4
29337,3513,4448,574,3.5
29338,3513,4448,624,3
29339,3513,4448,665,1
29340,3512,4447,5,4.5
29341,3512,4447,15,1.5
29342,3512,4447,23,3.5
29343,3512,4447,30,4
29344,3512,4447,33,2
29345,3512,4447,56,4
29346,3512,4447,72,3
29347,3512,4447,73,1.5
29348,3512,4447,77,3.5
29349,3512,4447,98,5
29350,3512,4447,107,0.5
29351,3512,4447,111,5
29352,3512,4447,164,3
29353,3512,4447,175,4
29354,3512,4447,176,3.5
29355,3512,4447,179,3.5
29356,3512,4447,187,4
29357,3512,4447,200,0.5
29358,3512,4447,212,2.5
29359,3512,4447,213,2.5
29360,3512,4447,219,4
29361,3512,4447,238,2.5
29362,3512,4447,262,1.5
29363,3512,4447,282,3.5
29364,3512,4447,294,4.5
29365,3512,4447,311,3.5
29366,3512,4447,378,0.5
29367,3512,4447,381,5
29368,3512,4447,384,3
29369,3512,4447,402,3.5
29370,3512,4447,426,1
29371,3512,4447,452,3
29372,3512,4447,460,4
29373,3512,4447,461,3.5
29374,3512,4447,463,3
29375,3512,4447,468,2.5
29376,3512,4447,475,1
29377,3512,4447,500,3
29378,3512,4447,505,3
29379,3512,4447,547,2
29380,3512,4447,554,3
29381,3512,4447,599,4.5
29382,3512,4447,615,2.5
29383,3512,4447,620,2.5
29384,3512,4447,624,1.5
29385,3512,4447,627,3.5
29386,3512,4447,654,4
29387,3511,4446,15,4
29388,3511,4446,41,4
29389,3511,4446,48,3.5
29390,3511,4446,63,4
29391,3511,4446,77,3.5
29392,3511,4446,78,4.5
29393,3511,4446,165,3.5
29394,3511,4446,176,1
29395,3511,4446,185,4
29396,3511,4446,213,2.5
29397,3511,4446,243,3.5
29398,3511,4446,294,3.5
29399,3511,4446,328,3
29400,3511,4446,346,2
29401,3511,4446,353,2
29402,3511,4446,388,2
29403,3511,4446,402,3
29404,3511,4446,561,1
29405,3511,4446,665,3
29406,3510,4445,576,3
29407,3510,4445,581,0.5
29408,3509,4444,73,4
29409,3509,4444,367,4
29410,3509,4444,463,4
29411,3508,4443,41,3.5
29412,3508,4443,73,4
29413,3508,4443,248,4
29414,3508,4443,525,5
29415,3507,4442,346,5
29416,3506,4441,73,3
29417,3506,4441,346,3
29418,3506,4441,609,1
29419,3505,4440,346,3
29420,3505,4440,472,4
29421,3505,4440,580,4
29422,3504,4438,73,4
29423,3504,4438,527,4
29424,3504,4438,580,4
29425,3503,4437,17,5
29426,3503,4437,73,3.5
29427,3503,4437,81,4
29428,3503,4437,262,4
29429,3502,4433,547,3.5
29430,3502,4433,609,1
29431,3501,4432,23,3.5
29432,3501,4432,311,3
29433,3501,4432,376,4
29434,3501,4432,468,3.5
29435,3501,4432,472,5
29436,3501,4432,505,2.5
29437,3501,4432,547,5
29438,3500,4428,547,5
29439,3499,4427,134,4.5
29440,3499,4427,212,3
29441,3499,4427,293,5
29442,3499,4427,311,4
29443,3499,4427,336,4
29444,3499,4427,376,5
29445,3499,4427,427,5
29446,3499,4427,452,4
29447,3499,4427,529,4
29448,3498,4426,547,4
29449,3497,4424,306,2
29450,3497,4424,348,1
29451,3497,4424,383,3
29452,3497,4424,436,5
29453,3497,4424,510,5
29454,3497,4424,547,3.5
29455,3497,4424,587,4.5
29456,3496,4422,38,4.5
29457,3496,4422,81,4.5
29458,3496,4422,236,4.5
29459,3496,4422,281,4
29460,3496,4422,547,5
29461,3495,4420,236,4
29462,3495,4420,294,3
29463,3495,4420,405,3.5
29464,3495,4420,414,2
29465,3494,4417,262,2.5
29466,3493,4415,73,3.5
29467,3492,4414,547,3.5
29468,3491,4411,575,3
29469,3490,4410,15,3
29470,3490,4410,30,4
29471,3490,4410,547,5
29472,3489,4409,30,2
29473,3489,4409,187,3
29474,3489,4409,468,2.5
29475,3489,4409,547,1
29476,3489,4409,624,3.5
29477,3488,4407,105,4.5
29478,3488,4407,299,4.5
29479,3487,4406,30,5
29480,3487,4406,56,2
29481,3487,4406,229,4
29482,3487,4406,236,4.5
29483,3487,4406,263,3
29484,3487,4406,328,3.5
29485,3487,4406,336,5
29486,3487,4406,380,4
29487,3487,4406,423,4
29488,3487,4406,468,3.5
29489,3487,4406,575,4
29490,3486,4405,468,4.5
29491,3485,4404,17,5
29492,3485,4404,341,1
29493,3484,4403,262,3
29494,3484,4403,547,3
29495,3483,4402,294,2
29496,3482,4401,575,4
29497,3481,4399,609,1
29498,3480,4397,624,3
29499,3479,4396,30,2
29500,3479,4396,202,3
29501,3479,4396,460,4
29502,3479,4396,624,5
29503,3478,4394,139,3
29504,3478,4394,294,3
29505,3478,4394,575,1
29506,3477,4392,547,2
29507,3476,4391,388,4
29508,3475,4390,262,3
29509,3474,4389,187,4
29510,3474,4389,388,3
29511,3473,4388,15,3
29512,3473,4388,33,2
29513,3473,4388,73,2
29514,3473,4388,78,5
29515,3473,4388,83,4
29516,3473,4388,128,1
29517,3473,4388,212,1.5
29518,3473,4388,255,2
29519,3473,4388,262,2
29520,3473,4388,294,3
29521,3473,4388,353,2
29522,3473,4388,384,3.5
29523,3473,4388,433,2
29524,3473,4388,475,1
29525,3473,4388,522,2.5
29526,3473,4388,574,2.5
29527,3473,4388,596,0.5
29528,3473,4388,624,2
29529,3473,4388,648,2
29530,3472,4387,294,3
29531,3472,4387,353,2.5
29532,3472,4387,367,4
29533,3472,4387,580,2
29534,3472,4387,609,1
29535,3472,4387,664,3.5
29536,3471,4386,15,1
29537,3471,4386,213,1
29538,3471,4386,255,1
29539,3471,4386,262,0.5
29540,3471,4386,475,1
29541,3471,4386,557,3.5
29542,3470,4384,283,4.5
29543,3470,4384,427,3
29544,3470,4384,441,5
29545,3469,4383,15,3
29546,3469,4383,22,3.5
29547,3469,4383,176,2
29548,3468,4381,15,2
29549,3468,4381,480,4
29550,3467,4380,15,2
29551,3467,4380,99,5
29552,3467,4380,240,4.5
29553,3466,4378,15,3
29554,3466,4378,23,4
29555,3466,4378,30,3
29556,3466,4378,33,3
29557,3466,4378,73,3.5
29558,3466,4378,350,5
29559,3466,4378,388,4
29560,3466,4378,452,4
29561,3466,4378,463,2
29562,3466,4378,472,4
29563,3466,4378,509,3
29564,3466,4378,558,4
29565,3466,4378,664,4
29566,3465,4375,427,4
29567,3464,4372,15,3
29568,3464,4372,128,3
29569,3464,4372,212,3
29570,3464,4372,262,2.5
29571,3464,4372,350,4
29572,3464,4372,382,2
29573,3464,4372,386,3
29574,3464,4372,452,3
29575,3464,4372,652,4
29576,3463,4371,245,1
29577,3463,4371,452,3
29578,3462,4370,15,1
29579,3462,4370,22,3.5
29580,3462,4370,23,3
29581,3462,4370,30,4
29582,3462,4370,41,4
29583,3462,4370,56,4
29584,3462,4370,73,2.5
29585,3462,4370,78,4.5
29586,3462,4370,103,4
29587,3462,4370,107,3
29588,3462,4370,157,3.5
29589,3462,4370,165,1
29590,3462,4370,199,3.5
29591,3462,4370,200,2.5
29592,3462,4370,212,4
29593,3462,4370,213,2.5
29594,3462,4370,220,3
29595,3462,4370,255,3.5
29596,3462,4370,262,2
29597,3462,4370,268,2.5
29598,3462,4370,311,3
29599,3462,4370,313,0.5
29600,3462,4370,345,3
29601,3462,4370,353,1.5
29602,3462,4370,362,2
29603,3462,4370,367,1
29604,3462,4370,371,0.5
29605,3462,4370,380,3
29606,3462,4370,388,5
29607,3462,4370,426,4
29608,3462,4370,439,3
29609,3462,4370,452,4
29610,3462,4370,461,2
29611,3462,4370,463,1
29612,3462,4370,468,3.5
29613,3462,4370,471,3.5
29614,3462,4370,475,2.5
29615,3462,4370,481,3.5
29616,3462,4370,486,2.5
29617,3462,4370,500,2
29618,3462,4370,505,0.5
29619,3462,4370,520,2
29620,3462,4370,526,4.5
29621,3462,4370,544,4
29622,3462,4370,546,4
29623,3462,4370,547,3
29624,3462,4370,558,5
29625,3462,4370,562,2.5
29626,3462,4370,580,3.5
29627,3462,4370,598,3
29628,3462,4370,615,4
29629,3462,4370,624,2.5
29630,3462,4370,654,4
29631,3462,4370,664,4
29632,3462,4370,665,2
29633,3461,4369,15,3
29634,3461,4369,48,3.5
29635,3461,4369,63,4.5
29636,3461,4369,73,5
29637,3461,4369,78,4.5
29638,3461,4369,95,5
29639,3461,4369,128,5
29640,3461,4369,130,2
29641,3461,4369,150,3.5
29642,3461,4369,165,2
29643,3461,4369,200,3.5
29644,3461,4369,212,4
29645,3461,4369,262,1
29646,3461,4369,293,5
29647,3461,4369,311,2.5
29648,3461,4369,313,2.5
29649,3461,4369,327,4.5
29650,3461,4369,349,2
29651,3461,4369,350,4
29652,3461,4369,353,3.5
29653,3461,4369,380,2
29654,3461,4369,384,2.5
29655,3461,4369,402,3
29656,3461,4369,418,5
29657,3461,4369,468,2
29658,3461,4369,472,4
29659,3461,4369,475,3
29660,3461,4369,500,3.5
29661,3461,4369,509,1
29662,3461,4369,540,3
29663,3461,4369,570,3
29664,3461,4369,574,3
29665,3461,4369,592,5
29666,3461,4369,596,3.5
29667,3461,4369,611,4
29668,3461,4369,612,4
29669,3461,4369,620,0.5
29670,3461,4369,624,2
29671,3461,4369,648,3.5
29672,3461,4369,664,3.5
29673,3460,4368,262,0.5
29674,3460,4368,475,0.5
29675,3460,4368,624,3
29676,3460,4368,665,4
29677,3459,4367,15,1
29678,3459,4367,63,4
29679,3459,4367,73,1.5
29680,3459,4367,78,5
29681,3459,4367,105,2
29682,3459,4367,111,2.5
29683,3459,4367,125,2
29684,3459,4367,128,3
29685,3459,4367,153,4
29686,3459,4367,157,2
29687,3459,4367,166,2.5
29688,3459,4367,176,2
29689,3459,4367,212,3
29690,3459,4367,213,2.5
29691,3459,4367,262,1
29692,3459,4367,272,4
29693,3459,4367,290,5
29694,3459,4367,293,3.5
29695,3459,4367,294,3
29696,3459,4367,316,3.5
29697,3459,4367,349,3
29698,3459,4367,350,3
29699,3459,4367,367,3
29700,3459,4367,380,4
29701,3459,4367,412,3
29702,3459,4367,414,3
29703,3459,4367,418,3.5
29704,3459,4367,468,1.5
29705,3459,4367,475,2
29706,3459,4367,509,2.5
29707,3459,4367,547,1.5
29708,3459,4367,561,3.5
29709,3459,4367,620,4
29710,3459,4367,624,1
29711,3459,4367,665,4
29712,3458,4366,185,3
29713,3458,4366,213,4
29714,3458,4366,294,4
29715,3458,4366,328,3
29716,3458,4366,542,4
29717,3458,4366,557,2
29718,3457,4361,15,5
29719,3457,4361,30,4
29720,3457,4361,73,4
29721,3457,4361,83,4.5
29722,3457,4361,93,4.5
29723,3457,4361,105,3
29724,3457,4361,117,4
29725,3457,4361,125,4
29726,3457,4361,213,1.5
29727,3457,4361,219,2
29728,3457,4361,240,4
29729,3457,4361,311,3.5
29730,3457,4361,345,3
29731,3457,4361,376,5
29732,3457,4361,405,4.5
29733,3457,4361,417,5
29734,3457,4361,452,4
29735,3457,4361,463,3
29736,3457,4361,468,3
29737,3457,4361,472,4
29738,3457,4361,505,3.5
29739,3457,4361,529,4
29740,3457,4361,547,4.5
29741,3457,4361,575,5
29742,3457,4361,587,4
29743,3457,4361,596,3
29744,3457,4361,613,3
29745,3457,4361,621,5
29746,3457,4361,624,3
29747,3456,4360,311,3
29748,3456,4360,575,3
29749,3455,4359,23,2
29750,3455,4359,294,3
29751,3455,4359,311,4
29752,3455,4359,405,3.5
29753,3455,4359,452,4
29754,3455,4359,547,3
29755,3454,4357,111,5
29756,3454,4357,294,3.5
29757,3454,4357,311,4
29758,3454,4357,328,4.5
29759,3454,4357,405,4
29760,3454,4357,547,2
29761,3454,4357,575,4
29762,3453,4356,243,4
29763,3453,4356,294,3.5
29764,3453,4356,405,4
29765,3453,4356,472,4
29766,3453,4356,547,4
29767,3453,4356,575,4
29768,3452,4355,239,4
29769,3452,4355,614,1
29770,3451,4354,30,4
29771,3450,4353,248,4
29772,3449,4352,30,3
29773,3449,4352,609,5
29774,3449,4352,665,3
29775,3448,4351,15,3
29776,3448,4351,73,4
29777,3448,4351,95,5
29778,3448,4351,111,3.5
29779,3448,4351,150,3
29780,3448,4351,219,3
29781,3448,4351,239,3
29782,3448,4351,311,3.5
29783,3448,4351,367,3.5
29784,3448,4351,384,3.5
29785,3448,4351,388,4
29786,3448,4351,431,2.5
29787,3448,4351,457,2.5
29788,3448,4351,480,4
29789,3448,4351,596,4.5
29790,3448,4351,624,1
29791,3448,4351,665,4
29792,3447,4350,394,1
29793,3446,4349,370,4
29794,3446,4349,430,5
29795,3446,4349,472,4.5
29796,3446,4349,547,4.5
29797,3445,4347,418,3.5
29798,3444,4345,30,4
29799,3444,4345,414,2
29800,3444,4345,452,3
29801,3444,4345,509,2
29802,3444,4345,547,4.5
29803,3444,4345,558,4
29804,3443,4344,15,2
29805,3443,4344,23,0.5
29806,3443,4344,30,4
29807,3443,4344,73,3.5
29808,3443,4344,107,2
29809,3443,4344,111,2.5
29810,3443,4344,128,4
29811,3443,4344,150,4
29812,3443,4344,200,3.5
29813,3443,4344,212,2.5
29814,3443,4344,270,2.5
29815,3443,4344,294,4
29816,3443,4344,304,1
29817,3443,4344,313,2
29818,3443,4344,316,3.5
29819,3443,4344,346,3
29820,3443,4344,349,4
29821,3443,4344,353,2.5
29822,3443,4344,367,3
29823,3443,4344,380,3
29824,3443,4344,384,3
29825,3443,4344,412,3
29826,3443,4344,418,2
29827,3443,4344,452,3
29828,3443,4344,463,2
29829,3443,4344,547,3.5
29830,3443,4344,580,2
29831,3443,4344,592,5
29832,3443,4344,596,3.5
29833,3443,4344,607,3
29834,3443,4344,624,2
29835,3443,4344,664,3.5
29836,3443,4344,665,4
29837,3442,4343,15,1
29838,3442,4343,23,3
29839,3442,4343,73,2.5
29840,3442,4343,134,5
29841,3442,4343,150,3.5
29842,3442,4343,213,5
29843,3442,4343,320,2
29844,3442,4343,367,2
29845,3442,4343,380,2
29846,3442,4343,402,3
29847,3442,4343,439,3
29848,3442,4343,452,1.5
29849,3442,4343,461,1
29850,3442,4343,481,1.5
29851,3442,4343,522,3.5
29852,3442,4343,547,3
29853,3442,4343,571,4.5
29854,3442,4343,596,2
29855,3442,4343,624,2
29856,3442,4343,664,3.5
29857,3441,4342,652,5
29858,3440,4340,33,4
29859,3440,4340,73,2
29860,3440,4340,91,3
29861,3440,4340,226,2.5
29862,3440,4340,380,2
29863,3440,4340,457,1.5
29864,3440,4340,592,3
29865,3440,4340,624,2
29866,3439,4339,248,4
29867,3439,4339,311,3.5
29868,3439,4339,405,3
29869,3439,4339,624,4
29870,3438,4338,248,5
29871,3438,4338,405,4.5
29872,3437,4337,575,3
29873,3436,4334,81,4.5
29874,3436,4334,236,4.5
29875,3436,4334,452,4
29876,3436,4334,609,1
29877,3435,4333,30,3
29878,3435,4333,33,4
29879,3435,4333,61,5
29880,3435,4333,239,3
29881,3435,4333,311,3.5
29882,3435,4333,414,3
29883,3435,4333,439,2
29884,3435,4333,457,3
29885,3435,4333,468,2.5
29886,3435,4333,547,2
29887,3435,4333,624,3
29888,3435,4333,665,2
29889,3434,4332,547,2
29890,3433,4329,311,3.5
29891,3433,4329,328,3
29892,3433,4329,406,4.5
29893,3433,4329,575,3
29894,3432,4327,159,4.5
29895,3432,4327,202,4
29896,3432,4327,281,3
29897,3432,4327,287,5
29898,3432,4327,311,3.5
29899,3432,4327,345,4
29900,3432,4327,405,3.5
29901,3432,4327,425,4
29902,3432,4327,468,3
29903,3432,4327,472,4
29904,3432,4327,494,4.5
29905,3432,4327,505,3
29906,3432,4327,624,5
29907,3432,4327,628,2.5
29908,3431,4326,30,5
29909,3431,4326,105,4
29910,3431,4326,216,4
29911,3431,4326,235,3.5
29912,3431,4326,282,3.5
29913,3431,4326,388,4.5
29914,3431,4326,431,5
29915,3431,4326,441,4.5
29916,3431,4326,452,4
29917,3431,4326,505,4
29918,3431,4326,575,3
29919,3430,4324,575,3
29920,3429,4322,15,4
29921,3429,4322,30,4
29922,3429,4322,83,4.5
29923,3429,4322,111,4.5
29924,3429,4322,212,2
29925,3429,4322,328,3
29926,3429,4322,380,4
29927,3429,4322,452,4
29928,3429,4322,468,3
29929,3429,4322,520,3.5
29930,3429,4322,547,3
29931,3429,4322,598,4
29932,3429,4322,624,4
29933,3428,4321,13,2.5
29934,3428,4321,15,2
29935,3428,4321,30,4
29936,3428,4321,76,4.5
29937,3428,4321,83,4.5
29938,3428,4321,95,5
29939,3428,4321,105,3.5
29940,3428,4321,111,3.5
29941,3428,4321,150,2.5
29942,3428,4321,185,3
29943,3428,4321,212,2.5
29944,3428,4321,239,4
29945,3428,4321,303,3.5
29946,3428,4321,350,4
29947,3428,4321,405,4
29948,3428,4321,457,2.5
29949,3428,4321,461,4
29950,3428,4321,462,3.5
29951,3428,4321,463,3
29952,3428,4321,468,2.5
29953,3428,4321,505,4
29954,3428,4321,509,3.5
29955,3428,4321,547,2.5
29956,3428,4321,580,2.5
29957,3428,4321,607,3.5
29958,3428,4321,624,5
29959,3428,4321,654,4.5
29960,3428,4321,665,3
29961,3427,4319,575,3
29962,3426,4318,30,4
29963,3426,4318,452,3.5
29964,3426,4318,547,1
29965,3426,4318,665,3
29966,3425,4317,202,3
29967,3425,4317,239,3
29968,3425,4317,263,3.5
29969,3425,4317,294,3
29970,3425,4317,311,1.5
29971,3424,4316,30,3
29972,3424,4316,414,1
29973,3423,4312,23,3.5
29974,3423,4312,81,4
29975,3423,4312,132,5
29976,3423,4312,388,3
29977,3422,4310,13,4.5
29978,3422,4310,15,3
29979,3422,4310,23,1.5
29980,3422,4310,30,4
29981,3422,4310,73,1
29982,3422,4310,84,3.5
29983,3422,4310,111,2.5
29984,3422,4310,128,5
29985,3422,4310,131,3
29986,3422,4310,141,4
29987,3422,4310,157,2.5
29988,3422,4310,176,3
29989,3422,4310,200,2
29990,3422,4310,212,4
29991,3422,4310,253,4
29992,3422,4310,262,2
29993,3422,4310,311,3
29994,3422,4310,313,5
29995,3422,4310,316,3
29996,3422,4310,327,4.5
29997,3422,4310,353,1.5
29998,3422,4310,380,3.5
29999,3422,4310,384,2.5
30000,3422,4310,405,3.5
30001,3422,4310,412,5
30002,3422,4310,418,4
30003,3422,4310,452,1.5
30004,3422,4310,453,4
30005,3422,4310,461,1
30006,3422,4310,468,1.5
30007,3422,4310,471,2.5
30008,3422,4310,475,2
30009,3422,4310,505,3
30010,3422,4310,520,1
30011,3422,4310,547,0.5
30012,3422,4310,596,3.5
30013,3422,4310,598,2
30014,3422,4310,615,1.5
30015,3422,4310,620,2.5
30016,3422,4310,654,2.5
30017,3422,4310,664,2.5
30018,3422,4310,665,4
30019,3421,4308,5,3.5
30020,3421,4308,15,2
30021,3421,4308,23,4.5
30022,3421,4308,30,5
30023,3421,4308,73,2.5
30024,3421,4308,78,4.5
30025,3421,4308,88,3
30026,3421,4308,111,4
30027,3421,4308,128,5
30028,3421,4308,143,4.5
30029,3421,4308,149,4
30030,3421,4308,159,2
30031,3421,4308,175,5
30032,3421,4308,176,4
30033,3421,4308,187,2.5
30034,3421,4308,200,3
30035,3421,4308,212,4.5
30036,3421,4308,235,4.5
30037,3421,4308,236,2.5
30038,3421,4308,243,5
30039,3421,4308,245,5
30040,3421,4308,253,4
30041,3421,4308,262,2
30042,3421,4308,270,3
30043,3421,4308,282,0.5
30044,3421,4308,292,4.5
30045,3421,4308,294,5
30046,3421,4308,313,5
30047,3421,4308,350,1
30048,3421,4308,371,4
30049,3421,4308,384,5
30050,3421,4308,412,5
30051,3421,4308,418,0.5
30052,3421,4308,439,4
30053,3421,4308,450,3
30054,3421,4308,452,3
30055,3421,4308,461,4
30056,3421,4308,463,5
30057,3421,4308,472,3.5
30058,3421,4308,481,3.5
30059,3421,4308,500,2.5
30060,3421,4308,509,1
30061,3421,4308,531,3.5
30062,3421,4308,547,4
30063,3421,4308,561,4
30064,3421,4308,562,3.5
30065,3421,4308,580,4
30066,3421,4308,582,5
30067,3421,4308,598,4
30068,3421,4308,615,4
30069,3421,4308,618,4
30070,3421,4308,620,4
30071,3421,4308,654,2
30072,3421,4308,665,5
30073,3421,4308,671,3.5
30074,3420,4306,5,3.5
30075,3420,4306,13,4
30076,3420,4306,15,1
30077,3420,4306,17,3.5
30078,3420,4306,22,4.5
30079,3420,4306,26,4
30080,3420,4306,30,5
30081,3420,4306,41,4
30082,3420,4306,48,4
30083,3420,4306,56,4
30084,3420,4306,59,1.5
30085,3420,4306,61,3.5
30086,3420,4306,63,5
30087,3420,4306,68,4.5
30088,3420,4306,69,5
30089,3420,4306,72,3
30090,3420,4306,73,4
30091,3420,4306,75,3.5
30092,3420,4306,77,3.5
30093,3420,4306,78,1.5
30094,3420,4306,79,3
30095,3420,4306,84,4
30096,3420,4306,91,4.5
30097,3420,4306,93,3
30098,3420,4306,94,5
30099,3420,4306,106,4
30100,3420,4306,116,5
30101,3420,4306,120,2.5
30102,3420,4306,124,5
30103,3420,4306,125,5
30104,3420,4306,128,5
30105,3420,4306,130,2.5
30106,3420,4306,132,2.5
30107,3420,4306,134,4
30108,3420,4306,136,5
30109,3420,4306,138,0.5
30110,3420,4306,140,4.5
30111,3420,4306,146,4.5
30112,3420,4306,147,4.5
30113,3420,4306,148,5
30114,3420,4306,152,3
30115,3420,4306,157,3
30116,3420,4306,164,4
30117,3420,4306,165,4
30118,3420,4306,169,5
30119,3420,4306,175,4
30120,3420,4306,176,3.5
30121,3420,4306,179,2.5
30122,3420,4306,185,4
30123,3420,4306,186,4
30124,3420,4306,198,4
30125,3420,4306,200,4.5
30126,3420,4306,201,5
30127,3420,4306,204,3.5
30128,3420,4306,212,4
30129,3420,4306,213,3.5
30130,3420,4306,217,5
30131,3420,4306,219,3.5
30132,3420,4306,220,4
30133,3420,4306,234,3.5
30134,3420,4306,235,4.5
30135,3420,4306,240,3.5
30136,3420,4306,243,3.5
30137,3420,4306,245,5
30138,3420,4306,250,5
30139,3420,4306,251,5
30140,3420,4306,253,4
30141,3420,4306,261,3
30142,3420,4306,262,2.5
30143,3420,4306,268,4.5
30144,3420,4306,271,4
30145,3420,4306,273,4.5
30146,3420,4306,274,3
30147,3420,4306,282,5
30148,3420,4306,283,4
30149,3420,4306,287,3.5
30150,3420,4306,290,2.5
30151,3420,4306,291,4.5
30152,3420,4306,292,4.5
30153,3420,4306,293,4
30154,3420,4306,294,5
30155,3420,4306,295,4.5
30156,3420,4306,296,5
30157,3420,4306,303,3.5
30158,3420,4306,304,0.5
30159,3420,4306,313,4
30160,3420,4306,316,3.5
30161,3420,4306,320,3.5
30162,3420,4306,324,4
30163,3420,4306,328,4
30164,3420,4306,333,4.5
30165,3420,4306,345,4
30166,3420,4306,346,4
30167,3420,4306,350,4
30168,3420,4306,352,4
30169,3420,4306,353,3.5
30170,3420,4306,355,4
30171,3420,4306,362,4
30172,3420,4306,371,4
30173,3420,4306,376,3
30174,3420,4306,378,0.5
30175,3420,4306,379,3.5
30176,3420,4306,380,5
30177,3420,4306,381,5
30178,3420,4306,382,4
30179,3420,4306,384,3
30180,3420,4306,394,5
30181,3420,4306,402,2.5
30182,3420,4306,407,4
30183,3420,4306,412,4
30184,3420,4306,417,4.5
30185,3420,4306,418,3.5
30186,3420,4306,425,3
30187,3420,4306,426,3
30188,3420,4306,427,4
30189,3420,4306,428,2.5
30190,3420,4306,430,4
30191,3420,4306,431,4
30192,3420,4306,433,4
30193,3420,4306,442,4.5
30194,3420,4306,450,4
30195,3420,4306,452,4
30196,3420,4306,456,3.5
30197,3420,4306,458,4
30198,3420,4306,461,3
30199,3420,4306,463,5
30200,3420,4306,468,2.5
30201,3420,4306,471,3.5
30202,3420,4306,472,4
30203,3420,4306,473,5
30204,3420,4306,475,2
30205,3420,4306,479,4
30206,3420,4306,480,5
30207,3420,4306,481,3.5
30208,3420,4306,500,2.5
30209,3420,4306,501,4.5
30210,3420,4306,509,4
30211,3420,4306,520,2
30212,3420,4306,525,5
30213,3420,4306,527,3
30214,3420,4306,531,4.5
30215,3420,4306,542,4.5
30216,3420,4306,547,3
30217,3420,4306,553,4
30218,3420,4306,558,5
30219,3420,4306,561,3.5
30220,3420,4306,562,4
30221,3420,4306,563,5
30222,3420,4306,570,1.5
30223,3420,4306,574,3
30224,3420,4306,575,5
30225,3420,4306,577,5
30226,3420,4306,580,4
30227,3420,4306,582,4
30228,3420,4306,584,5
30229,3420,4306,586,4
30230,3420,4306,587,4
30231,3420,4306,596,3
30232,3420,4306,598,4
30233,3420,4306,607,4.5
30234,3420,4306,610,2.5
30235,3420,4306,615,4
30236,3420,4306,618,4
30237,3420,4306,620,1.5
30238,3420,4306,621,4
30239,3420,4306,623,4.5
30240,3420,4306,627,3.5
30241,3420,4306,632,5
30242,3420,4306,648,3.5
30243,3420,4306,654,5
30244,3420,4306,655,4.5
30245,3420,4306,664,4
30246,3420,4306,665,5
30247,3420,4306,671,5
30248,3419,4305,367,2
30249,3419,4305,412,2
30250,3419,4305,665,3
30251,3418,4304,111,3.5
30252,3418,4304,407,5
30253,3418,4304,427,5
30254,3418,4304,452,3
30255,3418,4304,472,5
30256,3417,4302,15,5
30257,3416,4300,452,3
30258,3416,4300,618,2
30259,3415,4299,15,2.5
30260,3415,4299,73,2.5
30261,3415,4299,111,3.5
30262,3415,4299,128,4
30263,3415,4299,149,3.5
30264,3415,4299,200,3.5
30265,3415,4299,212,4
30266,3415,4299,213,3
30267,3415,4299,262,0.5
30268,3415,4299,294,3
30269,3415,4299,313,3.5
30270,3415,4299,349,5
30271,3415,4299,371,4.5
30272,3415,4299,382,2
30273,3415,4299,402,3.5
30274,3415,4299,412,2
30275,3415,4299,463,4
30276,3415,4299,468,2.5
30277,3415,4299,475,3.5
30278,3415,4299,500,4
30279,3415,4299,528,0.5
30280,3415,4299,577,4
30281,3415,4299,584,5
30282,3415,4299,592,4
30283,3415,4299,624,4
30284,3415,4299,655,4
30285,3415,4299,664,3.5
30286,3415,4299,665,4
30287,3414,4298,529,3.5
30288,3414,4298,587,4
30289,3413,4297,23,3.5
30290,3413,4297,281,4.5
30291,3413,4297,388,4
30292,3412,4296,362,3.5
30293,3412,4296,405,3.5
30294,3412,4296,547,2
30295,3412,4296,575,2
30296,3411,4294,294,2
30297,3411,4294,299,4.5
30298,3411,4294,582,4
30299,3410,4293,239,3
30300,3410,4293,457,2
30301,3409,4292,30,4
30302,3409,4292,119,4
30303,3409,4292,311,3
30304,3409,4292,452,4
30305,3409,4292,472,5
30306,3409,4292,547,4
30307,3409,4292,575,3
30308,3408,4291,30,3
30309,3408,4291,142,1
30310,3408,4291,294,4
30311,3408,4291,311,3
30312,3408,4291,439,2
30313,3408,4291,461,2
30314,3408,4291,547,1
30315,3408,4291,575,4
30316,3408,4291,624,2
30317,3407,4290,139,3
30318,3407,4290,452,2
30319,3407,4290,547,4
30320,3406,4284,374,3
30321,3405,4282,23,2
30322,3405,4282,119,4
30323,3405,4282,299,4
30324,3404,4281,547,3
30325,3403,4280,30,4
30326,3403,4280,105,3
30327,3403,4280,119,4
30328,3403,4280,264,4
30329,3403,4280,380,4
30330,3403,4280,452,4
30331,3403,4280,547,4
30332,3403,4280,587,3.5
30333,3403,4280,621,4
30334,3403,4280,624,3
30335,3402,4279,452,4
30336,3402,4279,547,2
30337,3401,4278,23,3.5
30338,3401,4278,297,3
30339,3401,4278,304,4.5
30340,3401,4278,472,4.5
30341,3401,4278,609,1
30342,3400,4277,311,3.5
30343,3400,4277,452,3.5
30344,3400,4277,665,5
30345,3399,4276,30,4
30346,3399,4276,452,3
30347,3399,4276,547,2
30348,3398,4275,73,4
30349,3398,4275,185,2
30350,3398,4275,239,2
30351,3398,4275,243,1.5
30352,3398,4275,346,3
30353,3398,4275,577,4
30354,3398,4275,580,3
30355,3397,4274,452,3
30356,3397,4274,575,2
30357,3396,4273,236,4
30358,3396,4273,452,4
30359,3396,4273,618,5
30360,3395,4271,15,4
30361,3395,4271,81,5
30362,3395,4271,609,1
30363,3394,4270,15,1.5
30364,3394,4270,48,3
30365,3394,4270,73,2.5
30366,3394,4270,77,3
30367,3394,4270,78,5
30368,3394,4270,84,3.5
30369,3394,4270,153,2
30370,3394,4270,212,2.5
30371,3394,4270,213,3.5
30372,3394,4270,243,2
30373,3394,4270,262,2
30374,3394,4270,294,3.5
30375,3394,4270,313,4
30376,3394,4270,353,0.5
30377,3394,4270,367,3
30378,3394,4270,376,1
30379,3394,4270,381,2
30380,3394,4270,412,4
30381,3394,4270,418,3.5
30382,3394,4270,445,2
30383,3394,4270,453,3
30384,3394,4270,468,1.5
30385,3394,4270,475,2.5
30386,3394,4270,480,3
30387,3394,4270,481,2
30388,3394,4270,547,2.5
30389,3394,4270,561,3
30390,3394,4270,592,2
30391,3394,4270,624,1
30392,3394,4270,654,4
30393,3394,4270,664,4
30394,3394,4270,665,5
30395,3393,4268,624,2
30396,3392,4267,23,4
30397,3392,4267,509,3
30398,3392,4267,624,3
30399,3391,4266,95,3
30400,3390,4265,150,0.5
30401,3390,4265,350,1
30402,3390,4265,452,1
30403,3389,4263,30,5
30404,3389,4263,311,3.5
30405,3389,4263,376,5
30406,3389,4263,452,4
30407,3389,4263,547,4.5
30408,3389,4263,575,4
30409,3388,4262,8,4
30410,3388,4262,15,3
30411,3388,4262,17,5
30412,3388,4262,22,3.5
30413,3388,4262,26,2.5
30414,3388,4262,30,4
30415,3388,4262,56,2
30416,3388,4262,72,4
30417,3388,4262,73,4
30418,3388,4262,105,3.5
30419,3388,4262,130,3
30420,3388,4262,134,4
30421,3388,4262,143,3.5
30422,3388,4262,149,3
30423,3388,4262,156,4.5
30424,3388,4262,165,2
30425,3388,4262,166,4
30426,3388,4262,178,2.5
30427,3388,4262,212,2.5
30428,3388,4262,245,3
30429,3388,4262,295,4.5
30430,3388,4262,340,4.5
30431,3388,4262,353,3.5
30432,3388,4262,355,4
30433,3388,4262,384,4
30434,3388,4262,431,4
30435,3388,4262,432,5
30436,3388,4262,452,3
30437,3388,4262,457,4.5
30438,3388,4262,463,3
30439,3388,4262,472,5
30440,3388,4262,481,4.5
30441,3388,4262,494,3.5
30442,3388,4262,509,4.5
30443,3388,4262,520,3.5
30444,3388,4262,522,3
30445,3388,4262,553,3
30446,3388,4262,562,4
30447,3388,4262,567,3.5
30448,3388,4262,580,4
30449,3388,4262,587,3
30450,3388,4262,596,5
30451,3388,4262,624,4.5
30452,3388,4262,628,4
30453,3388,4262,630,3.5
30454,3388,4262,648,3.5
30455,3388,4262,654,4
30456,3388,4262,661,3.5
30457,3388,4262,664,4.5
30458,3387,4255,73,0.5
30459,3387,4255,83,1.5
30460,3387,4255,165,3
30461,3387,4255,412,2
30462,3387,4255,452,1
30463,3387,4255,566,3.5
30464,3387,4255,624,0.5
30465,3386,4254,69,3.5
30466,3386,4254,405,1
30467,3386,4254,418,3.5
30468,3386,4254,560,3
30469,3386,4254,624,1
30470,3385,4252,427,5
30471,3384,4251,33,4
30472,3384,4251,105,4
30473,3384,4251,480,4
30474,3383,4248,33,1
30475,3383,4248,294,4
30476,3382,4247,15,1
30477,3382,4247,33,3
30478,3382,4247,139,0.5
30479,3382,4247,234,2
30480,3382,4247,296,0.5
30481,3382,4247,350,3
30482,3382,4247,380,3
30483,3382,4247,457,2.5
30484,3382,4247,580,4
30485,3382,4247,592,5
30486,3381,4246,15,2
30487,3381,4246,16,4
30488,3381,4246,17,0.5
30489,3381,4246,30,4
30490,3381,4246,45,1
30491,3381,4246,52,5
30492,3381,4246,61,3.5
30493,3381,4246,72,2.5
30494,3381,4246,73,2.5
30495,3381,4246,77,2
30496,3381,4246,88,4
30497,3381,4246,93,4
30498,3381,4246,98,5
30499,3381,4246,99,4
30500,3381,4246,105,3
30501,3381,4246,111,4.5
30502,3381,4246,128,3
30503,3381,4246,131,5
30504,3381,4246,149,4
30505,3381,4246,175,2
30506,3381,4246,176,3.5
30507,3381,4246,179,3
30508,3381,4246,212,4
30509,3381,4246,216,4
30510,3381,4246,220,4
30511,3381,4246,235,5
30512,3381,4246,238,2
30513,3381,4246,240,4
30514,3381,4246,253,1.5
30515,3381,4246,255,4
30516,3381,4246,262,3.5
30517,3381,4246,273,3
30518,3381,4246,283,2.5
30519,3381,4246,292,3.5
30520,3381,4246,294,4
30521,3381,4246,303,3
30522,3381,4246,311,3.5
30523,3381,4246,313,4.5
30524,3381,4246,316,3
30525,3381,4246,350,4
30526,3381,4246,362,3.5
30527,3381,4246,366,4.5
30528,3381,4246,378,2.5
30529,3381,4246,380,3
30530,3381,4246,382,3
30531,3381,4246,384,4
30532,3381,4246,412,4
30533,3381,4246,418,2.5
30534,3381,4246,452,3
30535,3381,4246,461,4.5
30536,3381,4246,463,4
30537,3381,4246,465,4.5
30538,3381,4246,472,4
30539,3381,4246,480,4
30540,3381,4246,481,5
30541,3381,4246,500,4
30542,3381,4246,505,3
30543,3381,4246,531,4
30544,3381,4246,544,4
30545,3381,4246,547,2
30546,3381,4246,558,5
30547,3381,4246,562,4
30548,3381,4246,582,1
30549,3381,4246,587,3.5
30550,3381,4246,598,3
30551,3381,4246,599,5
30552,3381,4246,615,3
30553,3381,4246,620,3
30554,3381,4246,627,3
30555,3381,4246,652,4
30556,3381,4246,654,4
30557,3380,4241,542,2.5
30558,3379,4239,15,1
30559,3379,4239,17,3.5
30560,3379,4239,22,2
30561,3379,4239,30,5
30562,3379,4239,73,4.5
30563,3379,4239,78,5
30564,3379,4239,105,4
30565,3379,4239,107,2
30566,3379,4239,152,2
30567,3379,4239,156,4.5
30568,3379,4239,212,4
30569,3379,4239,220,4
30570,3379,4239,235,4
30571,3379,4239,245,4
30572,3379,4239,262,2
30573,3379,4239,275,4.5
30574,3379,4239,304,5
30575,3379,4239,350,4
30576,3379,4239,353,3.5
30577,3379,4239,376,2
30578,3379,4239,380,4
30579,3379,4239,388,3
30580,3379,4239,412,3
30581,3379,4239,431,4.5
30582,3379,4239,452,3
30583,3379,4239,457,3.5
30584,3379,4239,468,2
30585,3379,4239,472,3
30586,3379,4239,509,3
30587,3379,4239,522,4.5
30588,3379,4239,524,4.5
30589,3379,4239,547,3
30590,3379,4239,558,4
30591,3379,4239,584,4
30592,3379,4239,612,3.5
30593,3379,4239,620,2
30594,3379,4239,664,4
30595,3378,4238,15,3
30596,3378,4238,128,4
30597,3378,4238,142,3
30598,3378,4238,150,3.5
30599,3378,4238,186,2.5
30600,3378,4238,208,4
30601,3378,4238,213,2.5
30602,3378,4238,353,3
30603,3378,4238,376,5
30604,3378,4238,412,4
30605,3378,4238,461,1.5
30606,3378,4238,463,2
30607,3378,4238,571,3.5
30608,3378,4238,582,4
30609,3378,4238,624,3
30610,3378,4238,664,3
30611,3378,4238,665,3
30612,3377,4237,427,4
30613,3377,4237,452,3
30614,3377,4237,468,3.5
30615,3376,4236,427,4
30616,3376,4236,547,3
30617,3375,4235,15,4
30618,3375,4235,23,4
30619,3375,4235,45,4
30620,3375,4235,105,4.5
30621,3375,4235,143,4.5
30622,3375,4235,159,3.5
30623,3375,4235,165,4
30624,3375,4235,203,4
30625,3375,4235,262,2.5
30626,3375,4235,283,5
30627,3375,4235,350,5
30628,3375,4235,386,4
30629,3375,4235,388,4
30630,3375,4235,407,5
30631,3375,4235,427,4
30632,3375,4235,430,5
30633,3375,4235,432,5
30634,3375,4235,433,4
30635,3375,4235,441,4
30636,3375,4235,450,3.5
30637,3375,4235,452,3
30638,3375,4235,457,3.5
30639,3375,4235,460,3.5
30640,3375,4235,481,4.5
30641,3375,4235,488,4
30642,3375,4235,501,5
30643,3375,4235,509,5
30644,3375,4235,547,4.5
30645,3375,4235,601,4.5
30646,3375,4235,648,4.5
30647,3374,4234,105,3
30648,3374,4234,376,3
30649,3374,4234,472,3
30650,3374,4234,509,3
30651,3374,4234,558,4
30652,3374,4234,624,3
30653,3373,4233,624,2.5
30654,3372,4232,15,3
30655,3372,4232,41,4
30656,3372,4232,61,3.5
30657,3372,4232,73,0.5
30658,3372,4232,130,4
30659,3372,4232,213,1
30660,3372,4232,272,3.5
30661,3372,4232,346,5
30662,3372,4232,418,2
30663,3372,4232,460,4
30664,3372,4232,468,2.5
30665,3372,4232,475,1.5
30666,3372,4232,620,2.5
30667,3372,4232,624,2
30668,3371,4231,16,4.5
30669,3371,4231,111,4
30670,3371,4231,294,3.5
30671,3371,4231,547,1
30672,3370,4229,150,3.5
30673,3370,4229,624,3
30674,3369,4228,30,3
30675,3369,4228,52,2
30676,3369,4228,111,3.5
30677,3369,4228,123,5
30678,3369,4228,150,2.5
30679,3369,4228,294,3.5
30680,3369,4228,384,3
30681,3369,4228,412,3
30682,3369,4228,547,2
30683,3369,4228,656,4
30684,3368,4226,8,5
30685,3368,4226,15,5
30686,3368,4226,17,5
30687,3368,4226,22,5
30688,3368,4226,23,4.5
30689,3368,4226,26,4
30690,3368,4226,30,3
30691,3368,4226,38,4.5
30692,3368,4226,40,5
30693,3368,4226,48,3.5
30694,3368,4226,56,4
30695,3368,4226,62,4
30696,3368,4226,72,4
30697,3368,4226,73,4.5
30698,3368,4226,75,4.5
30699,3368,4226,78,5
30700,3368,4226,88,3
30701,3368,4226,94,4.5
30702,3368,4226,96,5
30703,3368,4226,97,3
30704,3368,4226,99,4
30705,3368,4226,103,4.5
30706,3368,4226,105,4
30707,3368,4226,111,4.5
30708,3368,4226,120,4.5
30709,3368,4226,125,4
30710,3368,4226,130,4.5
30711,3368,4226,134,5
30712,3368,4226,138,5
30713,3368,4226,139,4.5
30714,3368,4226,146,4.5
30715,3368,4226,148,5
30716,3368,4226,149,4.5
30717,3368,4226,150,2
30718,3368,4226,152,4
30719,3368,4226,157,4.5
30720,3368,4226,159,3.5
30721,3368,4226,165,3.5
30722,3368,4226,175,4
30723,3368,4226,179,4
30724,3368,4226,186,5
30725,3368,4226,198,4
30726,3368,4226,199,5
30727,3368,4226,200,4.5
30728,3368,4226,203,4.5
30729,3368,4226,212,5
30730,3368,4226,216,5
30731,3368,4226,218,4.5
30732,3368,4226,230,5
30733,3368,4226,235,4.5
30734,3368,4226,240,4.5
30735,3368,4226,243,3.5
30736,3368,4226,245,4
30737,3368,4226,250,4.5
30738,3368,4226,253,3.5
30739,3368,4226,262,3
30740,3368,4226,267,4.5
30741,3368,4226,268,5
30742,3368,4226,270,5
30743,3368,4226,275,3
30744,3368,4226,283,4.5
30745,3368,4226,303,3.5
30746,3368,4226,307,5
30747,3368,4226,309,4.5
30748,3368,4226,313,3.5
30749,3368,4226,320,4
30750,3368,4226,324,3.5
30751,3368,4226,345,4.5
30752,3368,4226,350,5
30753,3368,4226,355,4
30754,3368,4226,362,3.5
30755,3368,4226,370,4
30756,3368,4226,376,2
30757,3368,4226,378,4.5
30758,3368,4226,380,5
30759,3368,4226,382,1
30760,3368,4226,384,4
30761,3368,4226,386,4
30762,3368,4226,388,5
30763,3368,4226,404,4
30764,3368,4226,407,5
30765,3368,4226,423,4.5
30766,3368,4226,424,4
30767,3368,4226,425,2
30768,3368,4226,427,5
30769,3368,4226,428,4
30770,3368,4226,429,1.5
30771,3368,4226,430,5
30772,3368,4226,431,5
30773,3368,4226,432,5
30774,3368,4226,433,2.5
30775,3368,4226,441,5
30776,3368,4226,450,5
30777,3368,4226,452,5
30778,3368,4226,457,3
30779,3368,4226,460,5
30780,3368,4226,461,4.5
30781,3368,4226,463,5
30782,3368,4226,468,3.5
30783,3368,4226,479,4.5
30784,3368,4226,480,5
30785,3368,4226,481,4
30786,3368,4226,501,4.5
30787,3368,4226,509,5
30788,3368,4226,520,4
30789,3368,4226,521,4
30790,3368,4226,524,4
30791,3368,4226,526,4
30792,3368,4226,528,3
30793,3368,4226,540,4
30794,3368,4226,544,5
30795,3368,4226,547,4.5
30796,3368,4226,558,5
30797,3368,4226,561,3
30798,3368,4226,562,4.5
30799,3368,4226,563,3.5
30800,3368,4226,574,3.5
30801,3368,4226,579,3.5
30802,3368,4226,584,5
30803,3368,4226,587,3.5
30804,3368,4226,596,5
30805,3368,4226,598,5
30806,3368,4226,601,4.5
30807,3368,4226,607,4.5
30808,3368,4226,614,5
30809,3368,4226,615,4
30810,3368,4226,622,5
30811,3368,4226,624,4
30812,3368,4226,627,4.5
30813,3368,4226,654,5
30814,3368,4226,664,4.5
30815,3368,4226,665,4
30816,3367,4225,15,1
30817,3367,4225,23,4
30818,3367,4225,150,4
30819,3367,4225,220,4
30820,3367,4225,235,4.5
30821,3367,4225,311,4.5
30822,3367,4225,417,4
30823,3367,4225,452,2
30824,3367,4225,472,3
30825,3367,4225,587,4
30826,3367,4225,624,4
30827,3366,4224,260,3
30828,3366,4224,353,1.5
30829,3365,4223,15,1
30830,3365,4223,23,2
30831,3365,4223,73,3.5
30832,3365,4223,75,3
30833,3365,4223,105,3.5
30834,3365,4223,124,4
30835,3365,4223,150,3
30836,3365,4223,152,3.5
30837,3365,4223,166,4
30838,3365,4223,200,4.5
30839,3365,4223,212,3
30840,3365,4223,220,4
30841,3365,4223,263,3
30842,3365,4223,282,4
30843,3365,4223,290,5
30844,3365,4223,295,4.5
30845,3365,4223,335,4
30846,3365,4223,353,4
30847,3365,4223,355,3.5
30848,3365,4223,376,4
30849,3365,4223,380,4
30850,3365,4223,388,3
30851,3365,4223,405,4.5
30852,3365,4223,412,2
30853,3365,4223,431,4.5
30854,3365,4223,452,4
30855,3365,4223,463,4
30856,3365,4223,471,4.5
30857,3365,4223,480,4
30858,3365,4223,528,4
30859,3365,4223,544,4.5
30860,3365,4223,553,4.5
30861,3365,4223,563,4.5
30862,3365,4223,596,3
30863,3365,4223,598,3
30864,3365,4223,652,4
30865,3365,4223,664,3.5
30866,3364,4222,95,3
30867,3363,4221,111,4
30868,3363,4221,239,2
30869,3363,4221,624,3
30870,3362,4220,120,3
30871,3362,4220,260,3.5
30872,3362,4220,263,3.5
30873,3362,4220,380,4
30874,3362,4220,558,5
30875,3362,4220,575,3
30876,3361,4219,111,4
30877,3361,4219,294,4
30878,3361,4219,311,2
30879,3361,4219,350,4
30880,3360,4218,105,4
30881,3360,4218,452,4
30882,3360,4218,547,4.5
30883,3360,4218,587,3.5
30884,3359,4217,165,2.5
30885,3359,4217,452,4.5
30886,3359,4217,529,4
30887,3359,4217,547,3.5
30888,3359,4217,587,4
30889,3358,4216,452,4
30890,3358,4216,547,3.5
30891,3358,4216,587,4
30892,3357,4215,452,1
30893,3356,4214,30,3
30894,3356,4214,33,4
30895,3356,4214,73,3.5
30896,3356,4214,150,2
30897,3356,4214,239,4
30898,3356,4214,296,3
30899,3356,4214,301,2
30900,3356,4214,452,1
30901,3356,4214,457,3
30902,3356,4214,461,3.5
30903,3356,4214,463,4
30904,3356,4214,471,3.5
30905,3356,4214,580,3
30906,3356,4214,592,4
30907,3355,4213,95,4
30908,3355,4213,525,4
30909,3355,4213,580,2.5
30910,3354,4212,212,2.5
30911,3354,4212,294,4
30912,3354,4212,575,3
30913,3354,4212,614,4
30914,3354,4212,624,3
30915,3353,4211,30,5
30916,3353,4211,388,5
30917,3353,4211,452,4
30918,3353,4211,472,3
30919,3353,4211,529,3
30920,3353,4211,547,4
30921,3353,4211,558,3
30922,3352,4210,15,4.5
30923,3352,4210,17,3
30924,3352,4210,105,4
30925,3352,4210,262,2.5
30926,3352,4210,293,3
30927,3352,4210,452,3
30928,3352,4210,461,4
30929,3352,4210,472,2
30930,3352,4210,547,3
30931,3352,4210,558,4
30932,3351,4208,609,1
30933,3350,4207,212,2
30934,3349,4205,95,4
30935,3349,4205,452,2
30936,3349,4205,547,2
30937,3349,4205,582,4
30938,3349,4205,656,5
30939,3349,4205,665,3
30940,3348,4203,105,2
30941,3348,4203,311,3.5
30942,3348,4203,414,1
30943,3348,4203,624,2
30944,3347,4201,558,5
30945,3346,4200,384,3.5
30946,3345,4198,624,3
30947,3344,4197,472,4
30948,3343,4195,119,4
30949,3343,4195,470,4
30950,3342,4194,529,4
30951,3342,4194,547,3
30952,3341,4191,336,1
30953,3341,4191,452,4
30954,3341,4191,468,3
30955,3341,4191,547,4
30956,3341,4191,558,5
30957,3341,4191,656,5
30958,3340,4190,30,4
30959,3340,4190,119,4
30960,3340,4190,236,4
30961,3340,4190,472,5
30962,3340,4190,505,3
30963,3340,4190,529,3
30964,3340,4190,547,3
30965,3340,4190,558,5
30966,3340,4190,656,5
30967,3339,4189,575,4
30968,3339,4189,656,5
30969,3338,4188,294,3
30970,3338,4188,547,4
30971,3338,4188,575,3
30972,3338,4188,582,5
30973,3337,4187,68,4
30974,3337,4187,311,3.5
30975,3337,4187,452,4
30976,3337,4187,529,2.5
30977,3337,4187,547,3.5
30978,3337,4187,558,5
30979,3337,4187,575,4
30980,3337,4187,656,5
30981,3336,4186,119,4
30982,3336,4186,452,3
30983,3336,4186,558,3
30984,3336,4186,575,4
30985,3336,4186,656,4
30986,3335,4185,547,4
30987,3334,4184,268,3.5
30988,3334,4184,575,3
30989,3334,4184,656,5
30990,3333,4183,547,3
30991,3332,4181,414,4
30992,3331,4180,239,4
30993,3330,4179,119,4
30994,3330,4179,554,4
30995,3330,4179,587,5
30996,3329,4178,278,3
30997,3329,4178,281,4
30998,3329,4178,500,3.5
30999,3329,4178,558,4
31000,3329,4178,575,4
31001,3329,4178,656,5
31002,3328,4177,294,4
31003,3328,4177,414,2
31004,3328,4177,656,5
31005,3327,4175,547,3
31006,3326,4174,83,4
31007,3326,4174,278,3
31008,3326,4174,452,4
31009,3326,4174,547,3
31010,3326,4174,558,5
31011,3325,4173,587,3.5
31012,3324,4171,452,4
31013,3323,4169,294,4.5
31014,3322,4168,15,3
31015,3322,4168,294,3.5
31016,3322,4168,624,3
31017,3321,4167,15,1
31018,3321,4167,23,3
31019,3321,4167,30,3
31020,3321,4167,452,2.5
31021,3321,4167,509,3
31022,3321,4167,624,2
31023,3321,4167,656,2
31024,3321,4167,665,3
31025,3320,4166,220,4
31026,3320,4166,346,5
31027,3320,4166,353,3
31028,3320,4166,609,1
31029,3319,4162,452,1
31030,3318,4161,15,3
31031,3318,4161,26,3.5
31032,3318,4161,105,3
31033,3318,4161,111,4
31034,3318,4161,128,4
31035,3318,4161,175,4
31036,3318,4161,199,3
31037,3318,4161,200,4.5
31038,3318,4161,212,2.5
31039,3318,4161,220,4
31040,3318,4161,262,1
31041,3318,4161,311,3
31042,3318,4161,313,2.5
31043,3318,4161,349,4
31044,3318,4161,380,3
31045,3318,4161,381,4
31046,3318,4161,412,3
31047,3318,4161,414,1
31048,3318,4161,418,2.5
31049,3318,4161,439,4
31050,3318,4161,445,4
31051,3318,4161,452,2
31052,3318,4161,463,2
31053,3318,4161,509,1
31054,3318,4161,547,2
31055,3318,4161,596,3.5
31056,3318,4161,607,4
31057,3318,4161,624,3
31058,3318,4161,656,4
31059,3318,4161,665,3
31060,3317,4159,353,2
31061,3317,4159,461,0.5
31062,3317,4159,571,4.5
31063,3317,4159,624,2
31064,3316,4158,15,2
31065,3316,4158,624,0.5
31066,3315,4156,624,2
31067,3314,4155,128,4
31068,3314,4155,418,3
31069,3314,4155,452,1
31070,3314,4155,584,3
31071,3314,4155,656,3
31072,3314,4155,665,4
31073,3313,4153,150,3.5
31074,3313,4153,558,3
31075,3313,4153,624,2
31076,3312,4151,283,4.5
31077,3311,4149,15,1
31078,3311,4149,139,3.5
31079,3311,4149,150,3
31080,3311,4149,208,3
31081,3311,4149,412,2
31082,3311,4149,452,2
31083,3311,4149,457,2
31084,3311,4149,463,3
31085,3310,4148,15,1
31086,3310,4148,23,1
31087,3310,4148,30,5
31088,3310,4148,73,3
31089,3310,4148,84,4
31090,3310,4148,95,4
31091,3310,4148,105,3.5
31092,3310,4148,128,3
31093,3310,4148,212,4
31094,3310,4148,220,2
31095,3310,4148,243,3.5
31096,3310,4148,262,0.5
31097,3310,4148,290,5
31098,3310,4148,292,4
31099,3310,4148,306,3
31100,3310,4148,324,3
31101,3310,4148,353,2.5
31102,3310,4148,355,3.5
31103,3310,4148,386,2
31104,3310,4148,412,2
31105,3310,4148,414,1
31106,3310,4148,452,2
31107,3310,4148,461,3
31108,3310,4148,463,2
31109,3310,4148,471,4.5
31110,3310,4148,480,3.5
31111,3310,4148,544,4
31112,3310,4148,558,5
31113,3310,4148,601,3
31114,3310,4148,624,3
31115,3310,4148,654,4
31116,3310,4148,664,3.5
31117,3310,4148,665,3
31118,3309,4146,30,1
31119,3309,4146,596,4
31120,3308,4144,15,4
31121,3308,4144,81,4
31122,3308,4144,236,4
31123,3308,4144,362,3.5
31124,3308,4144,468,3.5
31125,3308,4144,481,4.5
31126,3308,4144,544,4.5
31127,3308,4144,547,4
31128,3307,4143,293,0.5
31129,3307,4143,353,1.5
31130,3307,4143,412,3
31131,3306,4142,294,2.5
31132,3305,4141,294,3.5
31133,3305,4141,652,4
31134,3304,4140,95,5
31135,3303,4139,119,2
31136,3302,4136,452,2
31137,3301,4135,73,3.5
31138,3301,4135,95,4
31139,3301,4135,239,3
31140,3300,4133,294,2
31141,3300,4133,346,5
31142,3300,4133,624,3
31143,3299,4132,30,2
31144,3299,4132,111,2.5
31145,3299,4132,239,4
31146,3299,4132,294,3
31147,3299,4132,311,3.5
31148,3299,4132,457,2
31149,3299,4132,461,4
31150,3299,4132,463,3
31151,3299,4132,558,3
31152,3299,4132,624,4
31153,3299,4132,652,4.5
31154,3299,4132,665,3
31155,3298,4131,558,4
31156,3297,4130,111,3
31157,3297,4130,239,3
31158,3297,4130,294,3.5
31159,3297,4130,404,3
31160,3297,4130,414,1
31161,3296,4128,30,4
31162,3296,4128,73,3.5
31163,3296,4128,78,5
31164,3296,4128,95,5
31165,3296,4128,134,4.5
31166,3296,4128,165,4
31167,3296,4128,243,3
31168,3296,4128,262,4
31169,3296,4128,291,4
31170,3296,4128,346,4.5
31171,3296,4128,367,5
31172,3296,4128,429,2
31173,3296,4128,461,3.5
31174,3296,4128,463,4
31175,3296,4128,470,3
31176,3296,4128,580,4
31177,3296,4128,606,3
31178,3296,4128,607,4
31179,3296,4128,624,4
31180,3296,4128,654,4.5
31181,3295,4126,30,4
31182,3295,4126,442,2.5
31183,3295,4126,605,2
31184,3294,4124,95,3
31185,3294,4124,294,2
31186,3294,4124,353,0.5
31187,3294,4124,471,2.5
31188,3294,4124,605,1
31189,3294,4124,624,1
31190,3293,4123,547,3
31191,3292,4122,30,4
31192,3291,4121,15,3
31193,3291,4121,111,3.5
31194,3291,4121,185,3
31195,3291,4121,213,2.5
31196,3291,4121,239,3
31197,3291,4121,346,5
31198,3291,4121,439,3
31199,3291,4121,547,3
31200,3291,4121,624,4
31201,3291,4121,652,4
31202,3291,4121,654,4
31203,3290,4117,278,5
31204,3290,4117,388,4
31205,3290,4117,439,3
31206,3290,4117,452,3.5
31207,3290,4117,472,4
31208,3290,4117,605,2
31209,3289,4116,452,1.5
31210,3289,4116,460,3.5
31211,3289,4116,472,4
31212,3289,4116,547,4
31213,3289,4116,652,4
31214,3288,4115,239,3
31215,3287,4114,38,5
31216,3286,4111,30,4
31217,3286,4111,248,4
31218,3286,4111,311,3.5
31219,3285,4109,452,1
31220,3285,4109,665,3
31221,3284,4108,547,4
31222,3283,4106,119,3
31223,3282,4105,22,4
31224,3282,4105,73,4
31225,3282,4105,95,5
31226,3282,4105,103,3.5
31227,3282,4105,148,3
31228,3282,4105,165,3
31229,3282,4105,199,3.5
31230,3282,4105,243,3.5
31231,3282,4105,262,4
31232,3282,4105,291,4.5
31233,3282,4105,295,2
31234,3282,4105,346,3.5
31235,3282,4105,353,3
31236,3282,4105,355,3.5
31237,3282,4105,370,5
31238,3282,4105,380,2.5
31239,3282,4105,423,3.5
31240,3282,4105,461,4
31241,3282,4105,468,3
31242,3282,4105,562,4
31243,3282,4105,580,4
31244,3282,4105,607,3.5
31245,3282,4105,655,4
31246,3282,4105,664,4
31247,3281,4104,621,0.5
31248,3281,4104,624,1
31249,3280,4103,23,3.5
31250,3280,4103,73,4.5
31251,3280,4103,212,3.5
31252,3280,4103,248,5
31253,3280,4103,388,5
31254,3280,4103,405,4.5
31255,3280,4103,417,5
31256,3280,4103,452,3
31257,3280,4103,463,4
31258,3280,4103,468,2.5
31259,3280,4103,527,3
31260,3280,4103,554,4
31261,3280,4103,580,4.5
31262,3280,4103,618,5
31263,3279,4102,30,4
31264,3279,4102,56,2
31265,3279,4102,120,3
31266,3279,4102,217,5
31267,3279,4102,239,4
31268,3279,4102,355,4
31269,3279,4102,380,4.5
31270,3279,4102,580,4
31271,3279,4102,598,4
31272,3278,4101,580,4.5
31273,3277,4098,547,3
31274,3277,4098,605,3
31275,3276,4095,282,4
31276,3276,4095,350,5
31277,3275,4092,77,2.5
31278,3274,4091,56,4
31279,3274,4091,461,2
31280,3274,4091,472,3
31281,3274,4091,605,3
31282,3274,4091,665,4
31283,3273,4090,30,3
31284,3273,4090,212,2.5
31285,3273,4090,213,0.5
31286,3273,4090,294,3
31287,3273,4090,382,2
31288,3273,4090,418,2.5
31289,3273,4090,605,4
31290,3273,4090,652,5
31291,3272,4089,239,3
31292,3271,4088,30,5
31293,3270,4086,30,4
31294,3270,4086,452,4
31295,3270,4086,547,4
31296,3270,4086,605,5
31297,3269,4085,15,3
31298,3269,4085,30,4
31299,3269,4085,56,2
31300,3269,4085,73,3.5
31301,3269,4085,93,3.5
31302,3269,4085,95,4
31303,3269,4085,120,4
31304,3269,4085,125,4.5
31305,3269,4085,130,4
31306,3269,4085,201,4
31307,3269,4085,213,3
31308,3269,4085,217,5
31309,3269,4085,228,5
31310,3269,4085,239,4
31311,3269,4085,263,3.5
31312,3269,4085,276,3
31313,3269,4085,282,4
31314,3269,4085,292,3.5
31315,3269,4085,295,4
31316,3269,4085,303,2.5
31317,3269,4085,310,2.5
31318,3269,4085,311,4.5
31319,3269,4085,325,4.5
31320,3269,4085,346,4
31321,3269,4085,347,4
31322,3269,4085,353,3.5
31323,3269,4085,355,2.5
31324,3269,4085,384,3.5
31325,3269,4085,388,4
31326,3269,4085,405,4
31327,3269,4085,418,3.5
31328,3269,4085,423,2
31329,3269,4085,457,3.5
31330,3269,4085,461,4.5
31331,3269,4085,463,4
31332,3269,4085,505,3
31333,3269,4085,523,4
31334,3269,4085,525,3
31335,3269,4085,547,4
31336,3269,4085,562,4.5
31337,3269,4085,574,4
31338,3269,4085,575,2
31339,3269,4085,580,3.5
31340,3269,4085,605,4
31341,3269,4085,607,3
31342,3269,4085,612,3.5
31343,3269,4085,621,4.5
31344,3269,4085,624,5
31345,3269,4085,634,3
31346,3269,4085,652,4
31347,3269,4085,654,4
31348,3268,4084,91,3.5
31349,3268,4084,105,3
31350,3268,4084,157,3
31351,3268,4084,213,3
31352,3268,4084,260,3
31353,3268,4084,405,3
31354,3268,4084,457,2.5
31355,3268,4084,461,3.5
31356,3268,4084,463,3
31357,3268,4084,522,3
31358,3268,4084,574,3
31359,3268,4084,605,2
31360,3268,4084,615,3
31361,3268,4084,624,3
31362,3267,4082,15,1
31363,3266,4081,95,4
31364,3266,4081,294,3
31365,3266,4081,414,1
31366,3266,4081,605,4
31367,3265,4080,311,3
31368,3265,4080,452,3
31369,3265,4080,547,2
31370,3265,4080,575,3
31371,3265,4080,605,3
31372,3264,4079,15,4
31373,3263,4077,452,4
31374,3262,4076,609,5
31375,3261,4073,520,1
31376,3260,4069,37,4
31377,3260,4069,73,1.5
31378,3260,4069,169,2
31379,3260,4069,212,2.5
31380,3260,4069,213,3
31381,3260,4069,219,2
31382,3260,4069,262,0.5
31383,3260,4069,292,4
31384,3260,4069,294,4
31385,3260,4069,313,4
31386,3260,4069,359,0.5
31387,3260,4069,380,1
31388,3260,4069,381,3
31389,3260,4069,412,3
31390,3260,4069,418,3.5
31391,3260,4069,452,1
31392,3260,4069,457,1.5
31393,3260,4069,461,1
31394,3260,4069,468,1.5
31395,3260,4069,509,2
31396,3260,4069,580,2.5
31397,3260,4069,599,3.5
31398,3260,4069,620,3
31399,3260,4069,654,2
31400,3260,4069,656,4
31401,3260,4069,665,4
31402,3259,4068,294,3.5
31403,3259,4068,624,3
31404,3258,4067,451,1
31405,3258,4067,547,1
31406,3258,4067,665,3
31407,3257,4066,15,4
31408,3257,4066,83,4
31409,3257,4066,165,3.5
31410,3257,4066,239,4
31411,3257,4066,461,3.5
31412,3257,4066,509,3
31413,3257,4066,547,4
31414,3257,4066,598,3
31415,3257,4066,624,2
31416,3256,4063,30,3
31417,3256,4063,239,3
31418,3256,4063,547,3
31419,3255,4062,30,4
31420,3255,4062,294,2
31421,3255,4062,311,4.5
31422,3255,4062,452,4
31423,3255,4062,461,1.5
31424,3255,4062,547,3.5
31425,3255,4062,575,3
31426,3254,4061,294,3
31427,3254,4061,451,3
31428,3254,4061,452,4
31429,3254,4061,547,2
31430,3254,4061,654,4
31431,3253,4060,30,4
31432,3252,4056,15,5
31433,3252,4056,105,4
31434,3252,4056,128,4
31435,3252,4056,262,2
31436,3252,4056,345,3
31437,3252,4056,427,4
31438,3252,4056,452,3
31439,3252,4056,472,3
31440,3252,4056,509,3
31441,3252,4056,547,3.5
31442,3252,4056,558,4
31443,3251,4055,15,1
31444,3251,4055,30,4
31445,3251,4055,388,3
31446,3251,4055,547,3.5
31447,3250,4054,37,3
31448,3250,4054,56,4
31449,3250,4054,73,2
31450,3250,4054,128,5
31451,3250,4054,165,3.5
31452,3250,4054,175,4
31453,3250,4054,262,1
31454,3250,4054,264,4
31455,3250,4054,292,4
31456,3250,4054,294,3
31457,3250,4054,382,3
31458,3250,4054,412,5
31459,3250,4054,418,3.5
31460,3250,4054,431,3.5
31461,3250,4054,451,3
31462,3250,4054,468,1.5
31463,3250,4054,472,2
31464,3250,4054,547,3
31465,3250,4054,582,5
31466,3250,4054,598,3
31467,3250,4054,652,4.5
31468,3249,4053,624,2
31469,3248,4052,15,1
31470,3248,4052,111,2.5
31471,3248,4052,128,4
31472,3248,4052,200,3
31473,3248,4052,220,2
31474,3248,4052,367,3
31475,3248,4052,468,2
31476,3248,4052,665,4
31477,3247,4051,624,0.5
31478,3246,4048,439,3
31479,3245,4047,49,5
31480,3245,4047,212,2
31481,3245,4047,388,4
31482,3245,4047,509,3.5
31483,3245,4047,605,3
31484,3244,4046,439,3
31485,3244,4046,575,5
31486,3243,4045,286,2
31487,3242,4043,439,3
31488,3242,4043,547,4
31489,3241,4042,49,3
31490,3241,4042,202,4
31491,3241,4042,575,2
31492,3241,4042,656,4
31493,3240,4041,30,4
31494,3240,4041,105,3.5
31495,3240,4041,195,2
31496,3240,4041,212,3.5
31497,3240,4041,214,3
31498,3240,4041,292,4.5
31499,3240,4041,311,4
31500,3240,4041,405,4
31501,3240,4041,431,3.5
31502,3240,4041,463,3
31503,3240,4041,547,3
31504,3239,4040,77,1
31505,3239,4040,106,2.5
31506,3239,4040,150,2
31507,3239,4040,235,3
31508,3239,4040,239,3
31509,3239,4040,457,2
31510,3239,4040,605,2
31511,3239,4040,624,3
31512,3239,4040,665,3
31513,3238,4039,30,3
31514,3238,4039,41,4
31515,3238,4039,128,5
31516,3238,4039,294,3
31517,3238,4039,382,3
31518,3238,4039,460,2
31519,3238,4039,557,3.5
31520,3238,4039,575,3
31521,3238,4039,582,1.5
31522,3238,4039,605,4
31523,3238,4039,624,3
31524,3238,4039,656,5
31525,3238,4039,665,3
31526,3237,4037,15,3
31527,3237,4037,17,4.5
31528,3237,4037,23,3.5
31529,3237,4037,30,5
31530,3237,4037,195,4
31531,3237,4037,388,5
31532,3237,4037,452,3
31533,3237,4037,547,5
31534,3236,4036,15,1
31535,3236,4036,95,4
31536,3236,4036,157,3
31537,3236,4036,243,3
31538,3236,4036,294,3
31539,3236,4036,407,4
31540,3236,4036,463,4
31541,3236,4036,509,3
31542,3236,4036,547,2.5
31543,3236,4036,580,3.5
31544,3235,4035,388,4
31545,3234,4034,8,4.5
31546,3234,4034,15,4
31547,3234,4034,17,4
31548,3234,4034,23,3.5
31549,3234,4034,30,5
31550,3234,4034,37,5
31551,3234,4034,56,4
31552,3234,4034,73,4.5
31553,3234,4034,83,4.5
31554,3234,4034,88,4
31555,3234,4034,99,5
31556,3234,4034,105,4
31557,3234,4034,111,4
31558,3234,4034,128,4
31559,3234,4034,131,4
31560,3234,4034,134,4
31561,3234,4034,141,4
31562,3234,4034,143,3.5
31563,3234,4034,165,3.5
31564,3234,4034,178,2.5
31565,3234,4034,198,4.5
31566,3234,4034,212,4
31567,3234,4034,216,5
31568,3234,4034,220,5
31569,3234,4034,230,5
31570,3234,4034,235,4
31571,3234,4034,236,3
31572,3234,4034,237,2.5
31573,3234,4034,240,3.5
31574,3234,4034,245,3
31575,3234,4034,250,4
31576,3234,4034,253,2.5
31577,3234,4034,268,3.5
31578,3234,4034,283,4
31579,3234,4034,292,3
31580,3234,4034,306,5
31581,3234,4034,309,3.5
31582,3234,4034,311,4
31583,3234,4034,323,3
31584,3234,4034,345,3
31585,3234,4034,350,4
31586,3234,4034,353,1.5
31587,3234,4034,388,5
31588,3234,4034,407,5
31589,3234,4034,412,3
31590,3234,4034,418,1.5
31591,3234,4034,427,4
31592,3234,4034,430,4
31593,3234,4034,432,4
31594,3234,4034,439,3
31595,3234,4034,441,3.5
31596,3234,4034,452,4
31597,3234,4034,457,3
31598,3234,4034,461,2.5
31599,3234,4034,463,5
31600,3234,4034,472,5
31601,3234,4034,480,4
31602,3234,4034,509,5
31603,3234,4034,529,4.5
31604,3234,4034,544,4.5
31605,3234,4034,547,4.5
31606,3234,4034,558,5
31607,3234,4034,562,4
31608,3234,4034,574,4.5
31609,3234,4034,576,2
31610,3234,4034,587,4
31611,3234,4034,624,3
31612,3234,4034,627,4
31613,3234,4034,648,4.5
31614,3234,4034,654,5
31615,3234,4034,656,5
31616,3234,4034,665,3
31617,3234,4034,671,4.5
31618,3233,4033,15,4
31619,3233,4033,30,5
31620,3233,4033,99,2
31621,3233,4033,141,4
31622,3233,4033,220,4
31623,3233,4033,245,5
31624,3233,4033,295,4.5
31625,3233,4033,306,3
31626,3233,4033,311,3.5
31627,3233,4033,380,4
31628,3233,4033,388,4
31629,3233,4033,452,4
31630,3233,4033,461,3.5
31631,3233,4033,509,3
31632,3233,4033,596,3.5
31633,3233,4033,598,4
31634,3233,4033,656,5
31635,3233,4033,671,4
31636,3232,4031,131,2
31637,3232,4031,350,3
31638,3232,4031,452,2.5
31639,3232,4031,509,2
31640,3231,4030,15,2
31641,3231,4030,95,4
31642,3231,4030,195,3
31643,3231,4030,294,3.5
31644,3230,4029,15,4
31645,3230,4029,30,4
31646,3230,4029,93,5
31647,3230,4029,220,1
31648,3230,4029,294,3
31649,3230,4029,306,4
31650,3230,4029,388,3
31651,3230,4029,427,2
31652,3230,4029,452,4
31653,3230,4029,460,4.5
31654,3230,4029,463,3
31655,3230,4029,472,3
31656,3230,4029,509,3
31657,3230,4029,547,3.5
31658,3230,4029,558,5
31659,3229,4027,15,3
31660,3229,4027,17,1.5
31661,3229,4027,22,2
31662,3229,4027,23,3.5
31663,3229,4027,26,3
31664,3229,4027,30,5
31665,3229,4027,33,2
31666,3229,4027,56,4
31667,3229,4027,72,3.5
31668,3229,4027,73,4.5
31669,3229,4027,77,2.5
31670,3229,4027,83,5
31671,3229,4027,88,4
31672,3229,4027,93,3.5
31673,3229,4027,99,3
31674,3229,4027,105,3.5
31675,3229,4027,111,5
31676,3229,4027,115,5
31677,3229,4027,130,4.5
31678,3229,4027,134,5
31679,3229,4027,150,0.5
31680,3229,4027,152,5
31681,3229,4027,164,4
31682,3229,4027,183,3
31683,3229,4027,198,4.5
31684,3229,4027,208,4
31685,3229,4027,212,2.5
31686,3229,4027,219,4.5
31687,3229,4027,220,5
31688,3229,4027,230,5
31689,3229,4027,234,4
31690,3229,4027,240,4.5
31691,3229,4027,253,5
31692,3229,4027,268,2
31693,3229,4027,287,5
31694,3229,4027,292,3.5
31695,3229,4027,294,4
31696,3229,4027,297,3.5
31697,3229,4027,299,4.5
31698,3229,4027,303,4.5
31699,3229,4027,306,3
31700,3229,4027,309,4
31701,3229,4027,311,4.5
31702,3229,4027,327,5
31703,3229,4027,328,4
31704,3229,4027,350,5
31705,3229,4027,353,3.5
31706,3229,4027,355,3.5
31707,3229,4027,362,4.5
31708,3229,4027,367,4
31709,3229,4027,380,5
31710,3229,4027,382,2.5
31711,3229,4027,388,4
31712,3229,4027,394,3.5
31713,3229,4027,407,4.5
31714,3229,4027,417,4
31715,3229,4027,423,4
31716,3229,4027,424,1
31717,3229,4027,427,3
31718,3229,4027,430,5
31719,3229,4027,433,4.5
31720,3229,4027,439,4
31721,3229,4027,441,4
31722,3229,4027,442,4.5
31723,3229,4027,450,5
31724,3229,4027,452,4
31725,3229,4027,457,3
31726,3229,4027,460,4.5
31727,3229,4027,461,4
31728,3229,4027,463,5
31729,3229,4027,468,4
31730,3229,4027,472,4
31731,3229,4027,486,3.5
31732,3229,4027,505,3
31733,3229,4027,509,5
31734,3229,4027,527,3.5
31735,3229,4027,544,4.5
31736,3229,4027,547,5
31737,3229,4027,558,4
31738,3229,4027,562,4.5
31739,3229,4027,574,3.5
31740,3229,4027,577,5
31741,3229,4027,580,4
31742,3229,4027,596,4
31743,3229,4027,598,3
31744,3229,4027,607,4.5
31745,3229,4027,610,3
31746,3229,4027,615,4
31747,3229,4027,620,3
31748,3229,4027,624,2
31749,3229,4027,627,3
31750,3229,4027,648,3.5
31751,3229,4027,654,4
31752,3229,4027,656,5
31753,3229,4027,665,4
31754,3229,4027,671,4
31755,3228,4026,609,1
31756,3227,4025,5,4.5
31757,3227,4025,15,1
31758,3227,4025,30,3
31759,3227,4025,61,2.5
31760,3227,4025,72,1.5
31761,3227,4025,73,2.5
31762,3227,4025,78,5
31763,3227,4025,83,3.5
31764,3227,4025,125,1
31765,3227,4025,128,4
31766,3227,4025,131,3
31767,3227,4025,150,2.5
31768,3227,4025,165,1.5
31769,3227,4025,175,3
31770,3227,4025,195,2
31771,3227,4025,200,3
31772,3227,4025,212,3
31773,3227,4025,213,2.5
31774,3227,4025,220,3
31775,3227,4025,238,4
31776,3227,4025,262,2
31777,3227,4025,263,4
31778,3227,4025,294,4.5
31779,3227,4025,295,3
31780,3227,4025,311,3
31781,3227,4025,313,3.5
31782,3227,4025,316,3
31783,3227,4025,324,2.5
31784,3227,4025,380,2
31785,3227,4025,382,3
31786,3227,4025,405,3.5
31787,3227,4025,412,2
31788,3227,4025,414,2
31789,3227,4025,422,3
31790,3227,4025,439,2
31791,3227,4025,452,1.5
31792,3227,4025,453,4
31793,3227,4025,461,2.5
31794,3227,4025,463,2
31795,3227,4025,468,2
31796,3227,4025,475,2
31797,3227,4025,500,4
31798,3227,4025,509,1
31799,3227,4025,554,2
31800,3227,4025,561,3
31801,3227,4025,580,2
31802,3227,4025,596,3.5
31803,3227,4025,615,2.5
31804,3227,4025,624,2
31805,3227,4025,627,2
31806,3227,4025,654,4
31807,3227,4025,656,4
31808,3227,4025,665,5
31809,3226,4024,294,2.5
31810,3226,4024,407,4
31811,3226,4024,547,3
31812,3226,4024,558,4
31813,3225,4023,15,2
31814,3225,4023,84,3
31815,3225,4023,125,4
31816,3225,4023,128,4
31817,3225,4023,150,2.5
31818,3225,4023,195,2
31819,3225,4023,262,0.5
31820,3225,4023,380,3
31821,3225,4023,384,2.5
31822,3225,4023,402,4.5
31823,3225,4023,412,4
31824,3225,4023,452,3
31825,3225,4023,468,2.5
31826,3225,4023,480,4
31827,3225,4023,481,3
31828,3225,4023,547,1
31829,3225,4023,558,4
31830,3225,4023,605,4
31831,3225,4023,654,3.5
31832,3225,4023,656,4
31833,3225,4023,665,5
31834,3224,4022,5,3.5
31835,3224,4022,15,3
31836,3224,4022,23,2
31837,3224,4022,30,4
31838,3224,4022,48,3.5
31839,3224,4022,56,4
31840,3224,4022,63,2.5
31841,3224,4022,72,4
31842,3224,4022,73,3
31843,3224,4022,78,3.5
31844,3224,4022,88,4
31845,3224,4022,93,3.5
31846,3224,4022,94,4
31847,3224,4022,99,3
31848,3224,4022,120,3.5
31849,3224,4022,125,3.5
31850,3224,4022,128,4
31851,3224,4022,130,3.5
31852,3224,4022,140,4.5
31853,3224,4022,141,3
31854,3224,4022,157,3.5
31855,3224,4022,164,4
31856,3224,4022,165,2.5
31857,3224,4022,190,3
31858,3224,4022,195,2
31859,3224,4022,198,3
31860,3224,4022,200,1
31861,3224,4022,212,2.5
31862,3224,4022,213,2
31863,3224,4022,216,4
31864,3224,4022,219,5
31865,3224,4022,220,4
31866,3224,4022,240,4
31867,3224,4022,243,2.5
31868,3224,4022,255,3
31869,3224,4022,260,2
31870,3224,4022,268,3.5
31871,3224,4022,275,4.5
31872,3224,4022,300,4.5
31873,3224,4022,303,3.5
31874,3224,4022,306,4
31875,3224,4022,311,4
31876,3224,4022,313,4
31877,3224,4022,324,4
31878,3224,4022,333,4
31879,3224,4022,345,4
31880,3224,4022,350,3
31881,3224,4022,355,3
31882,3224,4022,370,4.5
31883,3224,4022,378,3
31884,3224,4022,380,3
31885,3224,4022,381,3
31886,3224,4022,382,3
31887,3224,4022,386,3
31888,3224,4022,388,4
31889,3224,4022,405,4.5
31890,3224,4022,412,3
31891,3224,4022,426,4
31892,3224,4022,427,3
31893,3224,4022,428,3
31894,3224,4022,430,3.5
31895,3224,4022,442,4.5
31896,3224,4022,451,2
31897,3224,4022,452,4
31898,3224,4022,457,2.5
31899,3224,4022,461,3.5
31900,3224,4022,463,4
31901,3224,4022,468,3
31902,3224,4022,471,5
31903,3224,4022,472,3
31904,3224,4022,480,4
31905,3224,4022,500,3
31906,3224,4022,501,4
31907,3224,4022,509,3
31908,3224,4022,522,2.5
31909,3224,4022,531,3.5
31910,3224,4022,544,4
31911,3224,4022,547,4
31912,3224,4022,553,3.5
31913,3224,4022,558,4
31914,3224,4022,560,5
31915,3224,4022,562,3.5
31916,3224,4022,574,3.5
31917,3224,4022,587,3.5
31918,3224,4022,596,3.5
31919,3224,4022,598,3
31920,3224,4022,607,4
31921,3224,4022,612,3.5
31922,3224,4022,620,2.5
31923,3224,4022,624,4
31924,3224,4022,627,3
31925,3224,4022,654,3.5
31926,3224,4022,656,5
31927,3224,4022,664,3
31928,3224,4022,665,4
31929,3224,4022,671,3.5
31930,3223,4021,15,3
31931,3223,4021,407,5
31932,3223,4021,414,4
31933,3223,4021,427,3
31934,3223,4021,441,4.5
31935,3223,4021,529,4
31936,3223,4021,547,4
31937,3223,4021,558,5
31938,3223,4021,605,2
31939,3222,4020,15,3
31940,3222,4020,150,3.5
31941,3222,4020,262,2
31942,3222,4020,313,4
31943,3222,4020,452,3
31944,3222,4020,461,3
31945,3222,4020,463,3
31946,3222,4020,468,3
31947,3222,4020,472,4
31948,3222,4020,547,3
31949,3222,4020,665,3
31950,3221,4019,8,3.5
31951,3221,4019,15,2
31952,3221,4019,26,4
31953,3221,4019,73,3
31954,3221,4019,99,3
31955,3221,4019,165,3.5
31956,3221,4019,186,5
31957,3221,4019,195,2
31958,3221,4019,212,4
31959,3221,4019,245,3
31960,3221,4019,263,3.5
31961,3221,4019,311,3.5
31962,3221,4019,350,3
31963,3221,4019,353,3.5
31964,3221,4019,405,3.5
31965,3221,4019,412,3
31966,3221,4019,452,3
31967,3221,4019,461,1.5
31968,3221,4019,472,4
31969,3221,4019,515,5
31970,3221,4019,522,4
31971,3221,4019,549,2.5
31972,3221,4019,575,4
31973,3221,4019,582,4.5
31974,3221,4019,605,4
31975,3221,4019,671,3.5
31976,3220,4018,5,4
31977,3220,4018,15,1
31978,3220,4018,30,4
31979,3220,4018,37,5
31980,3220,4018,72,3
31981,3220,4018,73,3
31982,3220,4018,78,3.5
31983,3220,4018,95,3
31984,3220,4018,119,3
31985,3220,4018,125,3.5
31986,3220,4018,131,4
31987,3220,4018,150,2
31988,3220,4018,175,3
31989,3220,4018,195,3
31990,3220,4018,200,2
31991,3220,4018,212,2.5
31992,3220,4018,213,2
31993,3220,4018,219,4
31994,3220,4018,262,1.5
31995,3220,4018,294,3.5
31996,3220,4018,296,4
31997,3220,4018,303,3.5
31998,3220,4018,311,3.5
31999,3220,4018,313,3.5
32000,3220,4018,327,3.5
32001,3220,4018,339,4.5
32002,3220,4018,350,3
32003,3220,4018,364,4
32004,3220,4018,371,4
32005,3220,4018,384,3
32006,3220,4018,402,4.5
32007,3220,4018,405,1.5
32008,3220,4018,412,3
32009,3220,4018,418,3.5
32010,3220,4018,452,3
32011,3220,4018,457,0.5
32012,3220,4018,468,2
32013,3220,4018,500,4
32014,3220,4018,505,3
32015,3220,4018,558,3
32016,3220,4018,561,3.5
32017,3220,4018,607,3
32018,3220,4018,654,2
32019,3220,4018,665,4
32020,3219,4017,15,4
32021,3219,4017,33,4
32022,3219,4017,88,4
32023,3219,4017,111,3.5
32024,3219,4017,220,4
32025,3219,4017,388,4
32026,3219,4017,407,5
32027,3219,4017,452,4
32028,3219,4017,481,4
32029,3219,4017,509,3
32030,3219,4017,558,5
32031,3218,4016,33,4
32032,3218,4016,48,3.5
32033,3218,4016,56,4
32034,3218,4016,61,1.5
32035,3218,4016,124,4
32036,3218,4016,128,2
32037,3218,4016,149,3.5
32038,3218,4016,169,4
32039,3218,4016,175,5
32040,3218,4016,185,3
32041,3218,4016,195,2
32042,3218,4016,200,1
32043,3218,4016,212,4
32044,3218,4016,213,5
32045,3218,4016,261,5
32046,3218,4016,294,4
32047,3218,4016,328,3
32048,3218,4016,352,4
32049,3218,4016,412,5
32050,3218,4016,417,3.5
32051,3218,4016,427,3
32052,3218,4016,431,2
32053,3218,4016,468,2.5
32054,3218,4016,475,4
32055,3218,4016,481,4
32056,3218,4016,577,5
32057,3218,4016,579,0.5
32058,3218,4016,580,3.5
32059,3218,4016,582,3.5
32060,3218,4016,607,3.5
32061,3218,4016,620,5
32062,3218,4016,654,4.5
32063,3217,4015,15,5
32064,3217,4015,22,2
32065,3217,4015,37,3
32066,3217,4015,73,2.5
32067,3217,4015,78,3.5
32068,3217,4015,91,3
32069,3217,4015,212,0.5
32070,3217,4015,234,0.5
32071,3217,4015,255,4
32072,3217,4015,262,2
32073,3217,4015,295,2
32074,3217,4015,313,2
32075,3217,4015,380,3
32076,3217,4015,412,3
32077,3217,4015,433,3
32078,3217,4015,439,4
32079,3217,4015,475,2
32080,3217,4015,574,3
32081,3217,4015,580,3.5
32082,3217,4015,596,3
32083,3217,4015,624,2
32084,3217,4015,669,2
32085,3216,4014,5,4
32086,3216,4014,15,2
32087,3216,4014,16,3.5
32088,3216,4014,23,3.5
32089,3216,4014,30,5
32090,3216,4014,37,4
32091,3216,4014,52,5
32092,3216,4014,73,4
32093,3216,4014,93,3.5
32094,3216,4014,94,3.5
32095,3216,4014,98,5
32096,3216,4014,99,4
32097,3216,4014,111,4.5
32098,3216,4014,124,4
32099,3216,4014,149,3
32100,3216,4014,212,4.5
32101,3216,4014,213,2
32102,3216,4014,220,4
32103,3216,4014,235,4
32104,3216,4014,250,4
32105,3216,4014,255,2.5
32106,3216,4014,262,2
32107,3216,4014,292,4.5
32108,3216,4014,294,4
32109,3216,4014,313,4
32110,3216,4014,333,4.5
32111,3216,4014,381,3
32112,3216,4014,382,4
32113,3216,4014,427,3
32114,3216,4014,431,4.5
32115,3216,4014,452,3
32116,3216,4014,463,4
32117,3216,4014,468,2.5
32118,3216,4014,481,4
32119,3216,4014,500,4.5
32120,3216,4014,505,4
32121,3216,4014,509,3
32122,3216,4014,529,4
32123,3216,4014,547,4
32124,3216,4014,558,4
32125,3216,4014,562,4
32126,3216,4014,582,5
32127,3216,4014,620,2.5
32128,3216,4014,652,4
32129,3216,4014,654,4.5
32130,3215,4012,30,2
32131,3215,4012,311,1.5
32132,3215,4012,587,3.5
32133,3215,4012,668,3
32134,3214,4011,8,4.5
32135,3214,4011,15,1
32136,3214,4011,22,4.5
32137,3214,4011,23,4.5
32138,3214,4011,26,5
32139,3214,4011,30,4
32140,3214,4011,37,3
32141,3214,4011,48,4
32142,3214,4011,72,3.5
32143,3214,4011,73,4.5
32144,3214,4011,77,4.5
32145,3214,4011,78,5
32146,3214,4011,94,3
32147,3214,4011,105,4
32148,3214,4011,111,4.5
32149,3214,4011,124,3
32150,3214,4011,130,4
32151,3214,4011,134,4
32152,3214,4011,143,5
32153,3214,4011,147,5
32154,3214,4011,149,4
32155,3214,4011,152,3
32156,3214,4011,157,4
32157,3214,4011,165,1
32158,3214,4011,181,5
32159,3214,4011,183,4
32160,3214,4011,199,4
32161,3214,4011,212,5
32162,3214,4011,220,4
32163,3214,4011,230,5
32164,3214,4011,240,4
32165,3214,4011,245,3
32166,3214,4011,250,4.5
32167,3214,4011,253,4
32168,3214,4011,262,4
32169,3214,4011,268,4
32170,3214,4011,270,4.5
32171,3214,4011,303,5
32172,3214,4011,307,4.5
32173,3214,4011,309,4
32174,3214,4011,316,3.5
32175,3214,4011,350,5
32176,3214,4011,353,4
32177,3214,4011,355,5
32178,3214,4011,362,4
32179,3214,4011,366,4
32180,3214,4011,367,4.5
32181,3214,4011,371,4.5
32182,3214,4011,378,4
32183,3214,4011,380,4
32184,3214,4011,384,4
32185,3214,4011,388,2
32186,3214,4011,412,4
32187,3214,4011,423,3
32188,3214,4011,425,3.5
32189,3214,4011,426,2.5
32190,3214,4011,430,4.5
32191,3214,4011,431,5
32192,3214,4011,432,5
32193,3214,4011,450,5
32194,3214,4011,457,3
32195,3214,4011,460,4
32196,3214,4011,461,4.5
32197,3214,4011,465,5
32198,3214,4011,472,4
32199,3214,4011,478,5
32200,3214,4011,480,4.5
32201,3214,4011,481,4
32202,3214,4011,494,4
32203,3214,4011,501,5
32204,3214,4011,509,4.5
32205,3214,4011,520,4
32206,3214,4011,524,5
32207,3214,4011,544,4.5
32208,3214,4011,547,0.5
32209,3214,4011,553,4
32210,3214,4011,563,4
32211,3214,4011,567,5
32212,3214,4011,574,4
32213,3214,4011,580,3.5
32214,3214,4011,584,3
32215,3214,4011,596,4.5
32216,3214,4011,598,4
32217,3214,4011,607,4.5
32218,3214,4011,610,4
32219,3214,4011,615,4.5
32220,3214,4011,623,5
32221,3214,4011,624,4
32222,3214,4011,627,3.5
32223,3214,4011,628,3
32224,3214,4011,648,4
32225,3214,4011,655,5
32226,3214,4011,664,4.5
32227,3214,4011,665,2
32228,3214,4011,671,4
32229,3213,4010,15,2
32230,3213,4010,239,5
32231,3213,4010,350,3
32232,3213,4010,374,3
32233,3213,4010,404,5
32234,3213,4010,457,2.5
32235,3213,4010,461,3.5
32236,3213,4010,564,1
32237,3213,4010,575,2
32238,3213,4010,621,4.5
32239,3213,4010,624,4
32240,3212,4009,30,4
32241,3212,4009,451,3
32242,3212,4009,547,4
32243,3212,4009,564,5
32244,3211,4008,23,4
32245,3211,4008,30,5
32246,3211,4008,95,4
32247,3211,4008,202,4
32248,3211,4008,214,3
32249,3211,4008,220,4
32250,3211,4008,295,4
32251,3211,4008,299,3.5
32252,3211,4008,311,3
32253,3211,4008,350,4
32254,3211,4008,351,3
32255,3211,4008,387,4
32256,3211,4008,441,4
32257,3211,4008,444,4
32258,3211,4008,452,4.5
32259,3211,4008,468,2.5
32260,3211,4008,474,4
32261,3211,4008,547,2
32262,3211,4008,564,4
32263,3211,4008,585,4
32264,3211,4008,598,3
32265,3211,4008,605,2
32266,3211,4008,615,4
32267,3211,4008,632,4
32268,3210,4007,15,3.5
32269,3210,4007,23,4
32270,3210,4007,30,5
32271,3210,4007,73,4
32272,3210,4007,78,5
32273,3210,4007,105,3.5
32274,3210,4007,120,3.5
32275,3210,4007,214,5
32276,3210,4007,286,1
32277,3210,4007,299,3.5
32278,3210,4007,351,3
32279,3210,4007,380,4.5
32280,3210,4007,388,4.5
32281,3210,4007,444,5
32282,3210,4007,452,3.5
32283,3210,4007,457,3.5
32284,3210,4007,463,4
32285,3210,4007,505,3
32286,3210,4007,528,4
32287,3210,4007,654,5
32288,3209,4006,4,2
32289,3209,4006,15,3
32290,3209,4006,73,4
32291,3209,4006,136,4
32292,3209,4006,177,4
32293,3209,4006,523,4.5
32294,3209,4006,564,2
32295,3209,4006,652,5
32296,3209,4006,665,3
32297,3208,4005,15,3.5
32298,3208,4005,220,3
32299,3208,4005,471,4
32300,3208,4005,564,3
32301,3208,4005,624,3.5
32302,3207,4003,351,3
32303,3207,4003,564,3
32304,3206,4002,30,4
32305,3206,4002,73,3
32306,3206,4002,95,4
32307,3206,4002,105,3.5
32308,3206,4002,120,3
32309,3206,4002,125,3
32310,3206,4002,149,3.5
32311,3206,4002,152,1
32312,3206,4002,195,4
32313,3206,4002,212,3
32314,3206,4002,217,4.5
32315,3206,4002,229,4
32316,3206,4002,286,3
32317,3206,4002,303,3.5
32318,3206,4002,311,3
32319,3206,4002,345,4.5
32320,3206,4002,367,3.5
32321,3206,4002,380,5
32322,3206,4002,398,3
32323,3206,4002,405,1.5
32324,3206,4002,430,1.5
32325,3206,4002,439,3
32326,3206,4002,444,5
32327,3206,4002,457,3
32328,3206,4002,460,3.5
32329,3206,4002,461,3
32330,3206,4002,463,3
32331,3206,4002,468,3
32332,3206,4002,509,4
32333,3206,4002,519,5
32334,3206,4002,547,2.5
32335,3206,4002,564,3
32336,3206,4002,580,3
32337,3206,4002,585,3
32338,3206,4002,624,4
32339,3206,4002,654,4.5
32340,3205,4001,605,2
32341,3204,4000,444,3
32342,3203,3999,15,3
32343,3203,3999,22,2
32344,3203,3999,128,5
32345,3203,3999,195,2
32346,3203,3999,213,2
32347,3203,3999,226,3
32348,3203,3999,255,2
32349,3203,3999,313,3
32350,3203,3999,350,2
32351,3203,3999,367,4
32352,3203,3999,371,3.5
32353,3203,3999,405,1.5
32354,3203,3999,412,2
32355,3203,3999,418,3.5
32356,3203,3999,422,2
32357,3203,3999,445,2.5
32358,3203,3999,452,1.5
32359,3203,3999,453,2
32360,3203,3999,468,1.5
32361,3203,3999,596,2.5
32362,3202,3998,15,1
32363,3202,3998,128,4
32364,3202,3998,150,3
32365,3202,3998,195,2
32366,3202,3998,219,3
32367,3202,3998,367,3
32368,3202,3998,381,1
32369,3202,3998,388,3
32370,3202,3998,397,3.5
32371,3202,3998,412,2
32372,3202,3998,452,3
32373,3202,3998,509,3
32374,3202,3998,547,3
32375,3202,3998,665,4
32376,3201,3997,176,1
32377,3201,3997,243,0.5
32378,3201,3997,294,3.5
32379,3201,3997,346,1
32380,3201,3997,384,2
32381,3201,3997,398,5
32382,3201,3997,475,0.5
32383,3201,3997,577,3
32384,3201,3997,580,0.5
32385,3201,3997,665,2
32386,3200,3996,8,4
32387,3200,3996,15,5
32388,3200,3996,17,4.5
32389,3200,3996,22,2
32390,3200,3996,23,4
32391,3200,3996,30,4
32392,3200,3996,37,5
32393,3200,3996,42,2.5
32394,3200,3996,52,5
32395,3200,3996,63,4
32396,3200,3996,72,3.5
32397,3200,3996,73,3.5
32398,3200,3996,77,0.5
32399,3200,3996,78,4.5
32400,3200,3996,81,4
32401,3200,3996,88,3.5
32402,3200,3996,91,4
32403,3200,3996,99,4
32404,3200,3996,105,3.5
32405,3200,3996,124,2
32406,3200,3996,130,4.5
32407,3200,3996,132,4
32408,3200,3996,148,5
32409,3200,3996,152,4
32410,3200,3996,165,5
32411,3200,3996,175,3
32412,3200,3996,176,4
32413,3200,3996,186,3.5
32414,3200,3996,198,3.5
32415,3200,3996,204,4
32416,3200,3996,205,4.5
32417,3200,3996,212,3.5
32418,3200,3996,213,2
32419,3200,3996,216,4.5
32420,3200,3996,218,4
32421,3200,3996,219,4
32422,3200,3996,220,4
32423,3200,3996,236,3.5
32424,3200,3996,240,4
32425,3200,3996,243,3
32426,3200,3996,245,2
32427,3200,3996,253,4
32428,3200,3996,257,5
32429,3200,3996,268,4
32430,3200,3996,282,4
32431,3200,3996,287,5
32432,3200,3996,293,4.5
32433,3200,3996,294,4
32434,3200,3996,295,3.5
32435,3200,3996,300,4
32436,3200,3996,311,4
32437,3200,3996,316,3
32438,3200,3996,328,3
32439,3200,3996,333,4
32440,3200,3996,346,4
32441,3200,3996,349,4
32442,3200,3996,350,3
32443,3200,3996,353,3.5
32444,3200,3996,355,2
32445,3200,3996,367,5
32446,3200,3996,370,4
32447,3200,3996,380,4
32448,3200,3996,382,2
32449,3200,3996,386,4
32450,3200,3996,388,4
32451,3200,3996,394,2.5
32452,3200,3996,407,5
32453,3200,3996,412,4
32454,3200,3996,417,4.5
32455,3200,3996,423,3.5
32456,3200,3996,427,5
32457,3200,3996,430,5
32458,3200,3996,431,4.5
32459,3200,3996,451,5
32460,3200,3996,452,5
32461,3200,3996,453,5
32462,3200,3996,456,4.5
32463,3200,3996,457,3
32464,3200,3996,458,3
32465,3200,3996,460,4
32466,3200,3996,461,4
32467,3200,3996,463,4
32468,3200,3996,468,3.5
32469,3200,3996,472,4
32470,3200,3996,481,4
32471,3200,3996,483,1
32472,3200,3996,509,4.5
32473,3200,3996,515,4.5
32474,3200,3996,527,4.5
32475,3200,3996,528,4
32476,3200,3996,529,3
32477,3200,3996,547,4
32478,3200,3996,558,5
32479,3200,3996,561,4.5
32480,3200,3996,562,4
32481,3200,3996,575,3
32482,3200,3996,576,4
32483,3200,3996,577,5
32484,3200,3996,580,3
32485,3200,3996,584,3.5
32486,3200,3996,586,2
32487,3200,3996,587,5
32488,3200,3996,598,4
32489,3200,3996,607,4
32490,3200,3996,613,3
32491,3200,3996,614,4
32492,3200,3996,618,5
32493,3200,3996,623,4.5
32494,3200,3996,624,3
32495,3200,3996,627,4.5
32496,3200,3996,654,4.5
32497,3200,3996,664,4
32498,3200,3996,665,4
32499,3200,3996,671,3.5
32500,3199,3994,15,4
32501,3199,3994,17,4
32502,3199,3994,22,3
32503,3199,3994,23,4
32504,3199,3994,30,4
32505,3199,3994,73,2.5
32506,3199,3994,77,4.5
32507,3199,3994,78,3.5
32508,3199,3994,84,3
32509,3199,3994,95,3
32510,3199,3994,111,0.5
32511,3199,3994,125,3.5
32512,3199,3994,139,3.5
32513,3199,3994,150,2.5
32514,3199,3994,183,3
32515,3199,3994,195,2
32516,3199,3994,213,2.5
32517,3199,3994,220,3
32518,3199,3994,240,3.5
32519,3199,3994,243,4
32520,3199,3994,287,4.5
32521,3199,3994,291,4.5
32522,3199,3994,295,3
32523,3199,3994,345,4.5
32524,3199,3994,350,5
32525,3199,3994,353,3.5
32526,3199,3994,355,3
32527,3199,3994,367,2
32528,3199,3994,370,4
32529,3199,3994,380,5
32530,3199,3994,381,3
32531,3199,3994,388,3
32532,3199,3994,412,1
32533,3199,3994,417,4.5
32534,3199,3994,431,3
32535,3199,3994,433,3.5
32536,3199,3994,439,4
32537,3199,3994,452,5
32538,3199,3994,453,5
32539,3199,3994,454,3
32540,3199,3994,457,1.5
32541,3199,3994,461,2.5
32542,3199,3994,463,4
32543,3199,3994,468,3
32544,3199,3994,509,3
32545,3199,3994,528,3
32546,3199,3994,532,3.5
32547,3199,3994,544,3.5
32548,3199,3994,547,2
32549,3199,3994,558,5
32550,3199,3994,561,1.5
32551,3199,3994,562,3.5
32552,3199,3994,580,4
32553,3199,3994,596,1
32554,3199,3994,598,3
32555,3199,3994,607,3.5
32556,3199,3994,624,2
32557,3199,3994,627,1.5
32558,3199,3994,635,4
32559,3199,3994,654,4
32560,3199,3994,664,4
32561,3199,3994,665,4
32562,3198,3993,15,1
32563,3198,3993,81,4
32564,3198,3993,128,4
32565,3198,3993,220,4
32566,3198,3993,243,3
32567,3198,3993,292,3
32568,3198,3993,294,3.5
32569,3198,3993,346,1
32570,3198,3993,388,3
32571,3198,3993,427,4
32572,3198,3993,452,3
32573,3198,3993,461,2.5
32574,3198,3993,468,2.5
32575,3198,3993,472,3
32576,3198,3993,509,3
32577,3198,3993,580,4
32578,3197,3992,23,3.5
32579,3197,3992,283,2
32580,3197,3992,378,4
32581,3197,3992,441,4
32582,3196,3991,131,3
32583,3196,3991,136,3
32584,3196,3991,207,0.5
32585,3196,3991,262,0.5
32586,3196,3991,268,1
32587,3196,3991,353,1
32588,3196,3991,444,1
32589,3196,3991,557,2
32590,3196,3991,579,2.5
32591,3196,3991,599,2.5
32592,3196,3991,665,3
32593,3195,3990,15,1
32594,3195,3990,422,2
32595,3195,3990,444,1
32596,3195,3990,452,1
32597,3194,3989,15,3
32598,3194,3989,23,4
32599,3194,3989,427,4
32600,3194,3989,452,5
32601,3194,3989,547,4.5
32602,3193,3988,14,4
32603,3193,3988,15,1
32604,3193,3988,56,2
32605,3193,3988,61,3
32606,3193,3988,76,2
32607,3193,3988,131,2
32608,3193,3988,176,2
32609,3193,3988,195,3
32610,3193,3988,212,3
32611,3193,3988,213,2
32612,3193,3988,262,2
32613,3193,3988,287,4
32614,3193,3988,324,4.5
32615,3193,3988,350,4
32616,3193,3988,380,3
32617,3193,3988,417,3.5
32618,3193,3988,439,1
32619,3193,3988,442,4.5
32620,3193,3988,452,1
32621,3193,3988,460,2.5
32622,3193,3988,463,1
32623,3193,3988,468,1.5
32624,3193,3988,475,2
32625,3193,3988,580,2.5
32626,3193,3988,598,4
32627,3193,3988,605,2
32628,3193,3988,620,3
32629,3193,3988,656,5
32630,3193,3988,665,5
32631,3192,3987,15,4
32632,3192,3987,52,1
32633,3192,3987,195,3
32634,3192,3987,220,2
32635,3192,3987,444,4
32636,3192,3987,452,4
32637,3192,3987,460,3
32638,3192,3987,468,1.5
32639,3192,3987,528,4
32640,3192,3987,665,3
32641,3191,3986,14,3
32642,3191,3986,15,1
32643,3191,3986,41,3.5
32644,3191,3986,73,3
32645,3191,3986,78,4
32646,3191,3986,119,3
32647,3191,3986,195,2
32648,3191,3986,199,2.5
32649,3191,3986,213,1.5
32650,3191,3986,268,2.5
32651,3191,3986,367,4
32652,3191,3986,384,3
32653,3191,3986,386,2
32654,3191,3986,412,3
32655,3191,3986,468,2
32656,3191,3986,525,4
32657,3191,3986,580,3
32658,3191,3986,596,2.5
32659,3191,3986,624,3
32660,3191,3986,665,3
32661,3190,3985,575,3
32662,3189,3984,15,4
32663,3189,3984,150,3.5
32664,3189,3984,158,4
32665,3189,3984,195,3
32666,3189,3984,199,3
32667,3189,3984,214,3
32668,3189,3984,217,4
32669,3189,3984,286,3
32670,3189,3984,294,2.5
32671,3189,3984,335,2.5
32672,3189,3984,351,4
32673,3189,3984,384,2.5
32674,3189,3984,405,3.5
32675,3189,3984,444,4
32676,3189,3984,457,1
32677,3189,3984,471,4.5
32678,3189,3984,505,4
32679,3189,3984,564,4
32680,3189,3984,585,3
32681,3189,3984,592,5
32682,3189,3984,605,4
32683,3189,3984,624,3.5
32684,3189,3984,654,3.5
32685,3188,3983,15,5
32686,3188,3983,23,4.5
32687,3188,3983,30,4
32688,3188,3983,198,4
32689,3188,3983,220,4
32690,3188,3983,240,4.5
32691,3188,3983,388,4
32692,3188,3983,427,4
32693,3188,3983,452,4
32694,3188,3983,460,4
32695,3188,3983,509,5
32696,3188,3983,529,3.5
32697,3188,3983,547,4
32698,3188,3983,558,5
32699,3188,3983,587,4.5
32700,3188,3983,614,4
32701,3187,3981,15,1
32702,3187,3981,195,4
32703,3187,3981,213,1.5
32704,3187,3981,287,4
32705,3187,3981,322,3
32706,3187,3981,367,4
32707,3187,3981,412,1
32708,3187,3981,439,1
32709,3187,3981,475,2
32710,3187,3981,571,3.5
32711,3187,3981,626,2
32712,3187,3981,665,2
32713,3186,3980,84,4.5
32714,3186,3980,105,2
32715,3186,3980,119,4
32716,3186,3980,128,4
32717,3186,3980,245,5
32718,3186,3980,311,3.5
32719,3186,3980,376,3
32720,3186,3980,452,4
32721,3186,3980,461,1.5
32722,3186,3980,509,3
32723,3186,3980,582,4.5
32724,3186,3980,624,2
32725,3186,3980,627,2.5
32726,3186,3980,665,2
32727,3185,3979,15,1
32728,3185,3979,73,0.5
32729,3185,3979,78,4
32730,3185,3979,91,3
32731,3185,3979,131,1
32732,3185,3979,149,0.5
32733,3185,3979,195,1
32734,3185,3979,262,0.5
32735,3185,3979,294,3.5
32736,3185,3979,353,1
32737,3185,3979,380,1
32738,3185,3979,452,1
32739,3185,3979,457,2.5
32740,3185,3979,468,1
32741,3185,3979,509,1
32742,3185,3979,592,3
32743,3185,3979,624,4
32744,3185,3979,626,4
32745,3184,3978,128,4
32746,3184,3978,195,2
32747,3184,3978,311,3.5
32748,3184,3978,376,2
32749,3184,3978,381,4
32750,3184,3978,431,2
32751,3184,3978,452,4
32752,3184,3978,509,3
32753,3184,3978,624,3
32754,3184,3978,665,3
32755,3183,3977,15,3
32756,3183,3977,17,1
32757,3183,3977,22,2.5
32758,3183,3977,37,3
32759,3183,3977,69,3.5
32760,3183,3977,73,2
32761,3183,3977,77,3
32762,3183,3977,78,3.5
32763,3183,3977,119,3
32764,3183,3977,128,3
32765,3183,3977,131,3
32766,3183,3977,133,1
32767,3183,3977,134,3
32768,3183,3977,148,3
32769,3183,3977,150,2
32770,3183,3977,157,1
32771,3183,3977,165,1
32772,3183,3977,175,2
32773,3183,3977,195,1
32774,3183,3977,212,2.5
32775,3183,3977,213,2.5
32776,3183,3977,235,3.5
32777,3183,3977,239,5
32778,3183,3977,243,3.5
32779,3183,3977,262,2.5
32780,3183,3977,268,4
32781,3183,3977,282,4
32782,3183,3977,294,4.5
32783,3183,3977,311,2.5
32784,3183,3977,313,4
32785,3183,3977,345,2
32786,3183,3977,346,5
32787,3183,3977,349,2
32788,3183,3977,353,1
32789,3183,3977,367,1
32790,3183,3977,380,4
32791,3183,3977,384,3
32792,3183,3977,386,2
32793,3183,3977,393,2.5
32794,3183,3977,412,4
32795,3183,3977,419,3.5
32796,3183,3977,426,3.5
32797,3183,3977,430,3.5
32798,3183,3977,442,4
32799,3183,3977,444,1
32800,3183,3977,451,5
32801,3183,3977,452,1
32802,3183,3977,453,3
32803,3183,3977,456,3
32804,3183,3977,461,3.5
32805,3183,3977,462,3
32806,3183,3977,463,2
32807,3183,3977,468,1.5
32808,3183,3977,475,1
32809,3183,3977,500,2
32810,3183,3977,509,2
32811,3183,3977,520,0.5
32812,3183,3977,528,1
32813,3183,3977,531,2.5
32814,3183,3977,532,3
32815,3183,3977,541,3
32816,3183,3977,547,2
32817,3183,3977,561,3
32818,3183,3977,570,2.5
32819,3183,3977,577,4
32820,3183,3977,580,2.5
32821,3183,3977,592,2
32822,3183,3977,596,3
32823,3183,3977,598,2
32824,3183,3977,605,3
32825,3183,3977,607,4
32826,3183,3977,615,2
32827,3183,3977,623,3.5
32828,3183,3977,624,2
32829,3183,3977,626,4
32830,3183,3977,627,1.5
32831,3183,3977,654,3.5
32832,3183,3977,656,5
32833,3183,3977,665,4
32834,3182,3976,587,4
32835,3181,3975,150,1.5
32836,3181,3975,195,3
32837,3181,3975,367,3
32838,3181,3975,626,3
32839,3180,3973,165,0.5
32840,3180,3973,452,1
32841,3180,3973,564,5
32842,3180,3973,609,5
32843,3180,3973,626,3
32844,3179,3972,56,2
32845,3179,3972,73,4
32846,3179,3972,195,2
32847,3179,3972,340,4
32848,3179,3972,346,4
32849,3179,3972,350,3
32850,3179,3972,397,4
32851,3179,3972,407,3
32852,3179,3972,509,4
32853,3179,3972,580,4.5
32854,3179,3972,623,4.5
32855,3178,3971,564,4
32856,3177,3970,73,4.5
32857,3177,3970,262,3
32858,3177,3970,564,4
32859,3176,3969,15,1
32860,3176,3969,43,4
32861,3176,3969,117,4.5
32862,3176,3969,149,2.5
32863,3176,3969,195,3
32864,3176,3969,212,4
32865,3176,3969,313,3.5
32866,3176,3969,371,4
32867,3176,3969,405,3.5
32868,3176,3969,412,5
32869,3176,3969,428,0.5
32870,3176,3969,444,4
32871,3176,3969,451,1
32872,3176,3969,452,2
32873,3176,3969,468,1.5
32874,3176,3969,509,2
32875,3176,3969,547,2.5
32876,3176,3969,575,4
32877,3176,3969,580,1.5
32878,3176,3969,585,3
32879,3176,3969,615,2.5
32880,3176,3969,626,5
32881,3176,3969,664,3.5
32882,3175,3968,15,2.5
32883,3175,3968,48,3
32884,3175,3968,111,2.5
32885,3175,3968,193,5
32886,3175,3968,213,1.5
32887,3175,3968,255,1.5
32888,3175,3968,262,1
32889,3175,3968,294,3.5
32890,3175,3968,380,2.5
32891,3175,3968,412,2
32892,3175,3968,457,1.5
32893,3175,3968,461,1
32894,3175,3968,468,1.5
32895,3175,3968,564,4
32896,3175,3968,624,3
32897,3175,3968,626,2
32898,3175,3968,655,4
32899,3174,3967,15,1
32900,3174,3967,52,5
32901,3174,3967,73,3.5
32902,3174,3967,78,3.5
32903,3174,3967,81,3
32904,3174,3967,95,4
32905,3174,3967,99,4
32906,3174,3967,105,3
32907,3174,3967,111,3.5
32908,3174,3967,119,5
32909,3174,3967,130,3
32910,3174,3967,131,5
32911,3174,3967,152,3
32912,3174,3967,212,3
32913,3174,3967,220,4
32914,3174,3967,230,4.5
32915,3174,3967,240,5
32916,3174,3967,262,3.5
32917,3174,3967,283,3.5
32918,3174,3967,316,3.5
32919,3174,3967,365,4.5
32920,3174,3967,378,4
32921,3174,3967,382,3
32922,3174,3967,386,4
32923,3174,3967,405,3.5
32924,3174,3967,407,4.5
32925,3174,3967,427,4
32926,3174,3967,431,5
32927,3174,3967,441,4
32928,3174,3967,444,4
32929,3174,3967,452,5
32930,3174,3967,461,2.5
32931,3174,3967,463,4
32932,3174,3967,468,3
32933,3174,3967,472,3
32934,3174,3967,480,3
32935,3174,3967,509,3
32936,3174,3967,529,3.5
32937,3174,3967,547,2.5
32938,3174,3967,558,5
32939,3174,3967,605,4
32940,3174,3967,624,4
32941,3174,3967,654,3
32942,3173,3966,71,5
32943,3173,3966,547,4.5
32944,3172,3965,71,4
32945,3172,3965,547,4
32946,3172,3965,609,1
32947,3171,3964,294,3
32948,3171,3964,665,3
32949,3170,3963,71,3
32950,3170,3963,294,4
32951,3170,3963,322,5
32952,3170,3963,351,5
32953,3170,3963,444,4
32954,3170,3963,547,0.5
32955,3170,3963,575,3
32956,3170,3963,585,3
32957,3169,3962,73,2.5
32958,3169,3962,564,2
32959,3168,3961,73,3
32960,3168,3961,95,2
32961,3168,3961,564,3
32962,3167,3960,564,3
32963,3166,3959,49,4
32964,3166,3959,75,4
32965,3166,3959,119,4
32966,3166,3959,150,2.5
32967,3166,3959,186,4
32968,3166,3959,195,4
32969,3166,3959,322,3
32970,3166,3959,346,4
32971,3166,3959,351,4
32972,3166,3959,355,4
32973,3166,3959,439,1
32974,3166,3959,461,3.5
32975,3166,3959,468,3
32976,3166,3959,564,3
32977,3166,3959,575,3
32978,3166,3959,585,4
32979,3165,3957,30,2
32980,3165,3957,66,3
32981,3165,3957,351,4
32982,3165,3957,452,1
32983,3165,3957,547,2
32984,3165,3957,564,2
32985,3165,3957,575,1
32986,3165,3957,585,2
32987,3164,3956,15,1
32988,3164,3956,564,3
32989,3163,3955,73,3
32990,3163,3955,150,4
32991,3163,3955,457,2
32992,3163,3955,472,2
32993,3162,3953,128,2
32994,3162,3953,452,2
32995,3162,3953,509,3
32996,3161,3952,15,4
32997,3161,3952,30,5
32998,3161,3952,195,3
32999,3161,3952,220,4
33000,3161,3952,311,4
33001,3161,3952,322,5
33002,3161,3952,367,3
33003,3161,3952,380,4
33004,3161,3952,388,3
33005,3161,3952,452,3
33006,3161,3952,463,4
33007,3161,3952,509,3
33008,3161,3952,547,4
33009,3161,3952,558,5
33010,3161,3952,598,4
33011,3161,3952,652,5
33012,3161,3952,656,5
33013,3160,3951,452,3.5
33014,3159,3950,73,3.5
33015,3159,3950,83,3.5
33016,3159,3950,216,4.5
33017,3159,3950,322,4
33018,3159,3950,380,4
33019,3159,3950,388,3
33020,3159,3950,407,4.5
33021,3159,3950,452,3
33022,3159,3950,624,3
33023,3158,3949,3,5
33024,3158,3949,15,5
33025,3158,3949,17,4
33026,3158,3949,23,5
33027,3158,3949,48,4.5
33028,3158,3949,60,5
33029,3158,3949,72,3.5
33030,3158,3949,73,4
33031,3158,3949,78,5
33032,3158,3949,81,4
33033,3158,3949,94,4.5
33034,3158,3949,133,0.5
33035,3158,3949,143,3.5
33036,3158,3949,147,4
33037,3158,3949,149,2
33038,3158,3949,165,2.5
33039,3158,3949,178,3.5
33040,3158,3949,187,4
33041,3158,3949,230,5
33042,3158,3949,238,1.5
33043,3158,3949,245,1
33044,3158,3949,262,4
33045,3158,3949,270,5
33046,3158,3949,292,3.5
33047,3158,3949,298,5
33048,3158,3949,299,4.5
33049,3158,3949,303,4
33050,3158,3949,307,4
33051,3158,3949,339,3.5
33052,3158,3949,345,4.5
33053,3158,3949,349,3
33054,3158,3949,355,4.5
33055,3158,3949,362,3.5
33056,3158,3949,378,4
33057,3158,3949,379,4.5
33058,3158,3949,380,4
33059,3158,3949,388,2
33060,3158,3949,407,4.5
33061,3158,3949,427,5
33062,3158,3949,430,4
33063,3158,3949,431,4.5
33064,3158,3949,432,5
33065,3158,3949,433,4
33066,3158,3949,450,3.5
33067,3158,3949,452,4
33068,3158,3949,457,3.5
33069,3158,3949,460,1.5
33070,3158,3949,461,4
33071,3158,3949,478,4.5
33072,3158,3949,481,4.5
33073,3158,3949,488,4
33074,3158,3949,500,2
33075,3158,3949,501,5
33076,3158,3949,509,4.5
33077,3158,3949,528,4.5
33078,3158,3949,544,4.5
33079,3158,3949,547,3.5
33080,3158,3949,558,5
33081,3158,3949,560,3.5
33082,3158,3949,562,3
33083,3158,3949,578,2.5
33084,3158,3949,584,5
33085,3158,3949,587,4.5
33086,3158,3949,596,4
33087,3158,3949,610,3.5
33088,3158,3949,624,4
33089,3158,3949,648,4
33090,3158,3949,664,4
33091,3158,3949,665,3
33092,3157,3948,5,3.5
33093,3157,3948,8,4
33094,3157,3948,15,5
33095,3157,3948,30,4
33096,3157,3948,37,4
33097,3157,3948,43,2
33098,3157,3948,59,0.5
33099,3157,3948,69,3.5
33100,3157,3948,73,4
33101,3157,3948,75,3.5
33102,3157,3948,94,3.5
33103,3157,3948,95,5
33104,3157,3948,99,2
33105,3157,3948,111,4
33106,3157,3948,125,3
33107,3157,3948,134,3.5
33108,3157,3948,150,4
33109,3157,3948,156,5
33110,3157,3948,165,2
33111,3157,3948,175,2
33112,3157,3948,176,0.5
33113,3157,3948,199,4
33114,3157,3948,201,4
33115,3157,3948,212,3.5
33116,3157,3948,217,5
33117,3157,3948,219,4
33118,3157,3948,220,5
33119,3157,3948,228,2
33120,3157,3948,231,3
33121,3157,3948,235,4
33122,3157,3948,240,4
33123,3157,3948,250,5
33124,3157,3948,262,1
33125,3157,3948,268,4
33126,3157,3948,277,3.5
33127,3157,3948,283,3.5
33128,3157,3948,294,3.5
33129,3157,3948,313,4
33130,3157,3948,350,4
33131,3157,3948,353,3
33132,3157,3948,364,0.5
33133,3157,3948,368,5
33134,3157,3948,371,4
33135,3157,3948,376,2
33136,3157,3948,380,3
33137,3157,3948,382,2
33138,3157,3948,384,4
33139,3157,3948,388,4
33140,3157,3948,394,3.5
33141,3157,3948,402,3
33142,3157,3948,412,3
33143,3157,3948,419,4
33144,3157,3948,426,3
33145,3157,3948,430,4.5
33146,3157,3948,432,4.5
33147,3157,3948,439,3
33148,3157,3948,442,4.5
33149,3157,3948,452,3
33150,3157,3948,457,1.5
33151,3157,3948,461,2.5
33152,3157,3948,468,2.5
33153,3157,3948,471,3.5
33154,3157,3948,472,4
33155,3157,3948,480,5
33156,3157,3948,486,3.5
33157,3157,3948,500,2.5
33158,3157,3948,509,3
33159,3157,3948,522,4
33160,3157,3948,528,2
33161,3157,3948,531,3.5
33162,3157,3948,532,3
33163,3157,3948,547,4
33164,3157,3948,553,3.5
33165,3157,3948,561,3
33166,3157,3948,562,4
33167,3157,3948,564,4
33168,3157,3948,574,4
33169,3157,3948,580,2.5
33170,3157,3948,592,5
33171,3157,3948,596,3.5
33172,3157,3948,598,4
33173,3157,3948,607,3.5
33174,3157,3948,615,3
33175,3157,3948,624,4
33176,3157,3948,626,4
33177,3157,3948,630,3
33178,3157,3948,654,4.5
33179,3157,3948,665,4
33180,3156,3947,472,5
33181,3155,3946,105,2
33182,3155,3946,119,2
33183,3155,3946,195,1
33184,3155,3946,350,3
33185,3155,3946,426,2
33186,3155,3946,564,4
33187,3155,3946,626,2
33188,3154,3945,542,4
33189,3153,3943,15,3
33190,3153,3943,119,5
33191,3153,3943,165,4
33192,3152,3942,564,3
33193,3151,3941,564,4
33194,3150,3940,564,3
33195,3149,3939,564,3
33196,3148,3938,564,4
33197,3147,3937,41,3
33198,3147,3937,564,2
33199,3146,3936,212,2.5
33200,3146,3936,294,3.5
33201,3146,3936,444,3
33202,3146,3936,564,4
33203,3146,3936,585,4
33204,3146,3936,609,1
33205,3145,3934,401,4
33206,3144,3933,624,0.5
33207,3143,3932,71,4
33208,3143,3932,262,2
33209,3143,3932,547,4
33210,3143,3932,564,3
33211,3142,3930,71,4
33212,3142,3930,202,2
33213,3142,3930,547,3
33214,3142,3930,564,4
33215,3142,3930,626,4
33216,3141,3929,119,5
33217,3141,3929,195,3
33218,3141,3929,387,5
33219,3141,3929,405,4
33220,3141,3929,423,3.5
33221,3141,3929,468,4.5
33222,3141,3929,547,4
33223,3141,3929,585,3
33224,3141,3929,587,3.5
33225,3140,3928,119,3
33226,3140,3928,268,4
33227,3140,3928,294,3.5
33228,3140,3928,547,2.5
33229,3140,3928,564,4
33230,3139,3927,30,4
33231,3139,3927,34,4
33232,3139,3927,49,3
33233,3139,3927,214,5
33234,3139,3927,248,3
33235,3139,3927,294,4
33236,3139,3927,547,3
33237,3139,3927,564,4
33238,3139,3927,585,3
33239,3139,3927,605,3
33240,3138,3926,119,4
33241,3138,3926,585,2
33242,3137,3925,71,5
33243,3137,3925,81,4
33244,3137,3925,198,2
33245,3137,3925,299,5
33246,3137,3925,322,4
33247,3137,3925,472,4
33248,3137,3925,547,4
33249,3137,3925,564,3
33250,3136,3924,294,3
33251,3135,3923,564,4
33252,3134,3922,294,3
33253,3134,3922,605,3
33254,3133,3921,294,3
33255,3133,3921,564,2
33256,3132,3920,71,5
33257,3132,3920,564,2
33258,3131,3919,220,1
33259,3131,3919,401,4
33260,3131,3919,564,3
33261,3130,3918,95,4
33262,3130,3918,105,3
33263,3130,3918,457,2
33264,3130,3918,564,3
33265,3129,3917,34,4
33266,3129,3917,43,2
33267,3129,3917,73,3
33268,3129,3917,95,5
33269,3129,3917,105,4
33270,3129,3917,157,3.5
33271,3129,3917,262,2
33272,3129,3917,355,4
33273,3129,3917,463,3
33274,3129,3917,564,5
33275,3129,3917,580,3.5
33276,3128,3916,8,3.5
33277,3128,3916,56,2
33278,3128,3916,73,3.5
33279,3128,3916,141,5
33280,3128,3916,165,3
33281,3128,3916,187,4
33282,3128,3916,212,3.5
33283,3128,3916,214,4
33284,3128,3916,220,3
33285,3128,3916,235,4.5
33286,3128,3916,245,4
33287,3128,3916,282,5
33288,3128,3916,289,5
33289,3128,3916,292,4
33290,3128,3916,333,4
33291,3128,3916,350,4
33292,3128,3916,376,3
33293,3128,3916,380,4
33294,3128,3916,382,4
33295,3128,3916,402,4
33296,3128,3916,412,4
33297,3128,3916,431,4
33298,3128,3916,442,4
33299,3128,3916,452,3.5
33300,3128,3916,468,2.5
33301,3128,3916,480,4
33302,3128,3916,485,4.5
33303,3128,3916,509,3
33304,3128,3916,534,5
33305,3128,3916,544,4
33306,3128,3916,547,3
33307,3128,3916,553,4
33308,3128,3916,570,4
33309,3128,3916,580,4
33310,3128,3916,582,3.5
33311,3128,3916,592,4
33312,3128,3916,624,3
33313,3128,3916,654,4.5
33314,3128,3916,665,5
33315,3127,3915,15,5
33316,3127,3915,111,4.5
33317,3127,3915,452,3
33318,3126,3914,165,1
33319,3126,3914,407,4
33320,3126,3914,652,5
33321,3125,3913,472,4
33322,3125,3913,605,3
33323,3124,3911,15,2
33324,3124,3911,31,4
33325,3124,3911,33,5
33326,3124,3911,59,3.5
33327,3124,3911,76,4
33328,3124,3911,83,2
33329,3124,3911,97,5
33330,3124,3911,99,3
33331,3124,3911,111,3.5
33332,3124,3911,119,5
33333,3124,3911,130,2
33334,3124,3911,148,4.5
33335,3124,3911,185,4
33336,3124,3911,198,3
33337,3124,3911,220,2
33338,3124,3911,231,5
33339,3124,3911,235,5
33340,3124,3911,240,4.5
33341,3124,3911,275,5
33342,3124,3911,283,4
33343,3124,3911,292,4
33344,3124,3911,293,4.5
33345,3124,3911,294,4
33346,3124,3911,309,4.5
33347,3124,3911,324,3.5
33348,3124,3911,325,2
33349,3124,3911,328,3
33350,3124,3911,331,1.5
33351,3124,3911,382,3
33352,3124,3911,387,4
33353,3124,3911,388,4
33354,3124,3911,407,4
33355,3124,3911,417,4.5
33356,3124,3911,419,3
33357,3124,3911,423,3.5
33358,3124,3911,427,3
33359,3124,3911,430,4.5
33360,3124,3911,439,4
33361,3124,3911,441,4.5
33362,3124,3911,452,5
33363,3124,3911,460,4.5
33364,3124,3911,461,3
33365,3124,3911,463,4
33366,3124,3911,468,3.5
33367,3124,3911,472,4
33368,3124,3911,480,3
33369,3124,3911,509,4.5
33370,3124,3911,529,4
33371,3124,3911,547,3.5
33372,3124,3911,558,5
33373,3124,3911,561,3.5
33374,3124,3911,580,4
33375,3124,3911,585,4
33376,3124,3911,587,3.5
33377,3124,3911,598,4
33378,3124,3911,607,3.5
33379,3124,3911,610,3.5
33380,3124,3911,624,3
33381,3124,3911,654,4
33382,3123,3910,15,2
33383,3123,3910,23,4.5
33384,3123,3910,33,2
33385,3123,3910,41,4
33386,3123,3910,81,4.5
33387,3123,3910,99,5
33388,3123,3910,152,4.5
33389,3123,3910,175,5
33390,3123,3910,185,2
33391,3123,3910,220,4
33392,3123,3910,240,4.5
33393,3123,3910,299,3
33394,3123,3910,381,5
33395,3123,3910,430,5
33396,3123,3910,441,3.5
33397,3123,3910,450,5
33398,3123,3910,452,2
33399,3123,3910,472,1
33400,3123,3910,481,5
33401,3123,3910,509,4
33402,3123,3910,544,4
33403,3123,3910,582,4.5
33404,3123,3910,587,3.5
33405,3122,3909,656,5
33406,3121,3908,78,4.5
33407,3121,3908,128,2
33408,3121,3908,529,2
33409,3121,3908,564,5
33410,3121,3908,665,1
33411,3120,3906,54,4
33412,3119,3905,346,4.5
33413,3118,3903,407,4
33414,3118,3903,427,3
33415,3118,3903,558,3
33416,3117,3902,388,4.5
33417,3116,3901,294,3
33418,3116,3901,380,2
33419,3115,3900,439,3
33420,3114,3897,5,4.5
33421,3114,3897,15,3
33422,3114,3897,23,4.5
33423,3114,3897,30,4
33424,3114,3897,31,4
33425,3114,3897,33,3
33426,3114,3897,56,2
33427,3114,3897,63,4
33428,3114,3897,72,3
33429,3114,3897,73,4
33430,3114,3897,77,3
33431,3114,3897,78,4
33432,3114,3897,83,4
33433,3114,3897,88,4.5
33434,3114,3897,93,5
33435,3114,3897,99,3
33436,3114,3897,111,3.5
33437,3114,3897,115,3.5
33438,3114,3897,119,5
33439,3114,3897,125,5
33440,3114,3897,128,3
33441,3114,3897,130,2.5
33442,3114,3897,131,4
33443,3114,3897,133,2
33444,3114,3897,148,4.5
33445,3114,3897,150,5
33446,3114,3897,152,3
33447,3114,3897,153,5
33448,3114,3897,165,3.5
33449,3114,3897,166,4.5
33450,3114,3897,174,4
33451,3114,3897,187,5
33452,3114,3897,195,5
33453,3114,3897,212,4.5
33454,3114,3897,219,4
33455,3114,3897,220,4
33456,3114,3897,231,5
33457,3114,3897,235,4
33458,3114,3897,240,3.5
33459,3114,3897,245,5
33460,3114,3897,253,2
33461,3114,3897,268,5
33462,3114,3897,270,3.5
33463,3114,3897,274,3.5
33464,3114,3897,275,5
33465,3114,3897,283,2.5
33466,3114,3897,292,5
33467,3114,3897,309,3.5
33468,3114,3897,313,4.5
33469,3114,3897,322,5
33470,3114,3897,328,3.5
33471,3114,3897,345,5
33472,3114,3897,350,4
33473,3114,3897,355,3
33474,3114,3897,378,3.5
33475,3114,3897,380,4
33476,3114,3897,382,2
33477,3114,3897,388,5
33478,3114,3897,405,4.5
33479,3114,3897,407,4
33480,3114,3897,412,3
33481,3114,3897,423,4
33482,3114,3897,426,2.5
33483,3114,3897,430,4
33484,3114,3897,431,2
33485,3114,3897,433,5
33486,3114,3897,439,3
33487,3114,3897,441,4
33488,3114,3897,444,3
33489,3114,3897,452,5
33490,3114,3897,457,3.5
33491,3114,3897,460,4
33492,3114,3897,461,4
33493,3114,3897,463,4
33494,3114,3897,472,3
33495,3114,3897,475,4
33496,3114,3897,480,4
33497,3114,3897,481,4.5
33498,3114,3897,500,3.5
33499,3114,3897,505,3
33500,3114,3897,509,4
33501,3114,3897,510,5
33502,3114,3897,519,4
33503,3114,3897,523,3
33504,3114,3897,529,4
33505,3114,3897,547,4.5
33506,3114,3897,558,5
33507,3114,3897,580,4
33508,3114,3897,592,4
33509,3114,3897,596,4.5
33510,3114,3897,598,4
33511,3114,3897,606,3.5
33512,3114,3897,624,4
33513,3114,3897,645,5
33514,3114,3897,648,3
33515,3114,3897,654,4
33516,3114,3897,656,5
33517,3114,3897,664,4
33518,3114,3897,671,2
33519,3113,3896,15,3
33520,3113,3896,380,4
33521,3113,3896,388,1
33522,3113,3896,412,4
33523,3113,3896,461,3.5
33524,3113,3896,509,2
33525,3113,3896,596,3.5
33526,3113,3896,607,4.5
33527,3112,3895,119,2
33528,3112,3895,461,0.5
33529,3111,3893,15,1
33530,3111,3893,33,2
33531,3111,3893,111,3
33532,3111,3893,119,3
33533,3111,3893,195,3
33534,3111,3893,220,3
33535,3111,3893,255,2.5
33536,3111,3893,311,4
33537,3111,3893,386,3
33538,3111,3893,412,1
33539,3111,3893,427,4
33540,3111,3893,431,4
33541,3111,3893,439,2
33542,3111,3893,452,3
33543,3111,3893,461,2.5
33544,3111,3893,472,3
33545,3111,3893,509,3
33546,3111,3893,510,4
33547,3111,3893,547,2
33548,3111,3893,558,5
33549,3111,3893,665,1
33550,3110,3892,15,1
33551,3110,3892,609,5
33552,3109,3891,212,1
33553,3108,3890,605,3
33554,3107,3889,119,2
33555,3107,3889,195,1
33556,3107,3889,294,2.5
33557,3107,3889,525,1
33558,3107,3889,564,1
33559,3106,3886,12,2
33560,3106,3886,547,3.5
33561,3106,3886,558,4
33562,3105,3885,12,3
33563,3104,3883,581,0.5
33564,3103,3882,15,4
33565,3103,3882,73,1.5
33566,3103,3882,77,3
33567,3103,3882,111,4.5
33568,3103,3882,149,4
33569,3103,3882,179,3
33570,3103,3882,212,2
33571,3103,3882,213,2
33572,3103,3882,262,2.5
33573,3103,3882,292,4.5
33574,3103,3882,294,4
33575,3103,3882,345,1
33576,3103,3882,382,3
33577,3103,3882,439,3
33578,3103,3882,460,4
33579,3103,3882,481,1.5
33580,3103,3882,509,1
33581,3103,3882,560,3
33582,3103,3882,624,3
33583,3103,3882,665,3
33584,3102,3880,509,4
33585,3101,3879,12,5
33586,3100,3877,95,2
33587,3100,3877,197,4
33588,3100,3877,294,3
33589,3100,3877,564,2
33590,3100,3877,624,3
33591,3099,3875,262,2.5
33592,3098,3873,12,3
33593,3098,3873,30,4
33594,3098,3873,195,3
33595,3098,3873,239,3
33596,3098,3873,263,4
33597,3098,3873,387,4
33598,3098,3873,405,3.5
33599,3098,3873,547,4
33600,3098,3873,558,5
33601,3098,3873,575,4
33602,3098,3873,585,4
33603,3097,3872,236,4
33604,3097,3872,547,5
33605,3097,3872,558,4
33606,3096,3871,12,2
33607,3096,3871,23,3
33608,3096,3871,195,5
33609,3096,3871,309,4
33610,3096,3871,387,4
33611,3096,3871,452,4
33612,3096,3871,547,3.5
33613,3096,3871,558,5
33614,3096,3871,575,4
33615,3096,3871,587,5
33616,3095,3870,575,3
33617,3094,3869,12,2
33618,3094,3869,43,1
33619,3094,3869,63,4.5
33620,3094,3869,83,3
33621,3094,3869,91,4.5
33622,3094,3869,119,2
33623,3094,3869,165,3.5
33624,3094,3869,189,3
33625,3094,3869,212,1.5
33626,3094,3869,217,5
33627,3094,3869,220,4
33628,3094,3869,228,5
33629,3094,3869,239,3
33630,3094,3869,294,3.5
33631,3094,3869,350,4
33632,3094,3869,353,2.5
33633,3094,3869,355,4
33634,3094,3869,457,2.5
33635,3094,3869,547,4.5
33636,3094,3869,558,3
33637,3094,3869,564,4
33638,3094,3869,596,4
33639,3094,3869,615,3.5
33640,3094,3869,623,4.5
33641,3094,3869,624,4
33642,3094,3869,654,4
33643,3094,3869,665,3
33644,3093,3868,15,4
33645,3093,3868,22,4
33646,3093,3868,33,4
33647,3093,3868,43,1
33648,3093,3868,46,5
33649,3093,3868,56,4
33650,3093,3868,63,4.5
33651,3093,3868,83,5
33652,3093,3868,97,3.5
33653,3093,3868,134,4.5
33654,3093,3868,189,4
33655,3093,3868,195,4
33656,3093,3868,212,1.5
33657,3093,3868,217,5
33658,3093,3868,228,5
33659,3093,3868,239,3
33660,3093,3868,294,3
33661,3093,3868,346,4
33662,3093,3868,353,3
33663,3093,3868,430,4
33664,3093,3868,439,4
33665,3093,3868,452,3
33666,3093,3868,457,3
33667,3093,3868,461,4
33668,3093,3868,522,4
33669,3093,3868,547,5
33670,3093,3868,558,4
33671,3093,3868,564,4
33672,3093,3868,580,3.5
33673,3093,3868,591,4
33674,3093,3868,598,4
33675,3093,3868,607,3.5
33676,3093,3868,615,4
33677,3093,3868,624,5
33678,3093,3868,654,4.5
33679,3092,3865,12,5
33680,3092,3865,33,2
33681,3092,3865,189,2
33682,3092,3865,239,5
33683,3092,3865,558,2
33684,3092,3865,564,1
33685,3091,3864,12,3
33686,3091,3864,79,2.5
33687,3091,3864,452,1
33688,3091,3864,453,2
33689,3090,3863,12,5
33690,3090,3863,15,2
33691,3090,3863,17,3.5
33692,3090,3863,41,3.5
33693,3090,3863,95,4
33694,3090,3863,103,3
33695,3090,3863,150,0.5
33696,3090,3863,165,2.5
33697,3090,3863,185,3
33698,3090,3863,189,5
33699,3090,3863,195,3
33700,3090,3863,255,3
33701,3090,3863,262,2
33702,3090,3863,294,3.5
33703,3090,3863,371,3.5
33704,3090,3863,439,1
33705,3090,3863,457,2
33706,3090,3863,461,1
33707,3090,3863,463,4
33708,3090,3863,468,2.5
33709,3090,3863,481,4
33710,3090,3863,500,1
33711,3090,3863,509,4
33712,3090,3863,558,3
33713,3090,3863,564,4
33714,3090,3863,574,2.5
33715,3090,3863,580,3
33716,3090,3863,598,3
33717,3090,3863,610,1
33718,3090,3863,615,3.5
33719,3090,3863,654,3.5
33720,3090,3863,656,4
33721,3090,3863,664,3.5
33722,3090,3863,669,3
33723,3089,3861,12,3
33724,3089,3861,15,3
33725,3089,3861,73,2.5
33726,3089,3861,150,2.5
33727,3089,3861,282,5
33728,3089,3861,350,4
33729,3089,3861,380,2.5
33730,3089,3861,412,2
33731,3089,3861,452,2
33732,3089,3861,468,1.5
33733,3089,3861,585,5
33734,3089,3861,605,3
33735,3089,3861,624,3
33736,3089,3861,632,3.5
33737,3088,3860,509,3
33738,3087,3859,30,4
33739,3087,3859,452,3.5
33740,3086,3858,33,3
33741,3086,3858,299,5
33742,3086,3858,439,2
33743,3085,3857,123,2
33744,3085,3857,294,3.5
33745,3085,3857,564,1
33746,3085,3857,665,2
33747,3084,3855,558,4
33748,3084,3855,587,3.5
33749,3083,3854,15,3
33750,3083,3854,52,5
33751,3082,3852,15,3
33752,3082,3852,30,4
33753,3082,3852,33,4
33754,3082,3852,73,3.5
33755,3082,3852,111,3.5
33756,3082,3852,131,3
33757,3082,3852,240,3.5
33758,3082,3852,350,4
33759,3082,3852,388,4
33760,3082,3852,509,4
33761,3082,3852,547,2.5
33762,3082,3852,558,5
33763,3081,3851,564,5
33764,3080,3849,471,4
33765,3079,3848,439,4
33766,3078,3847,262,3
33767,3077,3846,306,3
33768,3076,3845,656,5
33769,3075,3844,12,1
33770,3075,3844,23,3
33771,3075,3844,30,4
33772,3075,3844,119,4
33773,3075,3844,160,5
33774,3075,3844,175,4
33775,3075,3844,189,2
33776,3075,3844,306,4
33777,3075,3844,311,3
33778,3075,3844,350,4
33779,3075,3844,378,3.5
33780,3075,3844,452,4
33781,3075,3844,463,4
33782,3075,3844,465,5
33783,3075,3844,533,3
33784,3075,3844,547,3.5
33785,3075,3844,558,4
33786,3075,3844,564,4
33787,3075,3844,575,3
33788,3075,3844,654,4
33789,3074,3843,73,4
33790,3074,3843,95,3
33791,3073,3841,12,2
33792,3073,3841,119,2
33793,3073,3841,189,2
33794,3073,3841,195,2
33795,3073,3841,405,2.5
33796,3073,3841,461,0.5
33797,3073,3841,564,5
33798,3073,3841,605,2
33799,3073,3841,624,3
33800,3072,3840,95,3
33801,3072,3840,564,5
33802,3071,3839,564,1
33803,3070,3838,564,2
33804,3069,3837,564,5
33805,3068,3836,49,3
33806,3068,3836,105,3
33807,3068,3836,159,4
33808,3068,3836,189,3
33809,3068,3836,195,3
33810,3068,3836,248,4
33811,3068,3836,353,2.5
33812,3068,3836,575,5
33813,3068,3836,585,4
33814,3067,3835,111,2.5
33815,3067,3835,534,3
33816,3067,3835,564,3
33817,3066,3834,30,4
33818,3066,3834,547,1
33819,3066,3834,558,4
33820,3066,3834,564,3
33821,3065,3833,547,3.5
33822,3065,3833,564,5
33823,3065,3833,624,1
33824,3064,3832,564,3
33825,3063,3831,12,4
33826,3063,3831,105,3
33827,3063,3831,220,4
33828,3063,3831,452,3
33829,3063,3831,522,3
33830,3063,3831,533,4
33831,3062,3829,12,2
33832,3061,3827,12,2
33833,3061,3827,15,2.5
33834,3061,3827,119,3
33835,3061,3827,200,3
33836,3061,3827,213,1.5
33837,3061,3827,248,4
33838,3061,3827,311,3
33839,3061,3827,313,4
33840,3061,3827,316,3
33841,3061,3827,380,2
33842,3061,3827,439,2
33843,3061,3827,453,3
33844,3061,3827,468,2.5
33845,3061,3827,471,3.5
33846,3061,3827,475,2.5
33847,3061,3827,575,3
33848,3061,3827,579,0.5
33849,3061,3827,624,3
33850,3060,3826,15,1
33851,3060,3826,22,2
33852,3060,3826,30,4
33853,3060,3826,73,1.5
33854,3060,3826,95,2
33855,3060,3826,105,2.5
33856,3060,3826,123,5
33857,3060,3826,152,2
33858,3060,3826,213,2.5
33859,3060,3826,243,1.5
33860,3060,3826,262,1.5
33861,3060,3826,367,3
33862,3060,3826,381,2
33863,3060,3826,386,1
33864,3060,3826,412,1
33865,3060,3826,452,2
33866,3060,3826,485,3
33867,3060,3826,525,1
33868,3060,3826,533,2
33869,3060,3826,547,0.5
33870,3060,3826,560,4
33871,3060,3826,564,4
33872,3060,3826,580,2
33873,3060,3826,592,3
33874,3060,3826,596,3
33875,3060,3826,598,2
33876,3060,3826,624,2
33877,3060,3826,638,0.5
33878,3060,3826,665,2
33879,3060,3826,669,2
33880,3059,3825,12,5
33881,3059,3825,15,1
33882,3059,3825,105,2
33883,3059,3825,111,3.5
33884,3059,3825,128,5
33885,3059,3825,147,2
33886,3059,3825,153,3
33887,3059,3825,176,2.5
33888,3059,3825,200,2.5
33889,3059,3825,213,2
33890,3059,3825,262,2
33891,3059,3825,292,4
33892,3059,3825,294,4
33893,3059,3825,382,2.5
33894,3059,3825,402,3.5
33895,3059,3825,412,5
33896,3059,3825,418,5
33897,3059,3825,457,1.5
33898,3059,3825,463,2
33899,3059,3825,528,2
33900,3059,3825,547,1
33901,3059,3825,574,3.5
33902,3059,3825,596,3
33903,3059,3825,598,2
33904,3059,3825,620,2.5
33905,3059,3825,652,4
33906,3059,3825,665,3
33907,3058,3824,128,2
33908,3058,3824,131,3
33909,3058,3824,452,1
33910,3058,3824,471,3.5
33911,3058,3824,665,2
33912,3057,3823,15,2
33913,3057,3823,165,1.5
33914,3057,3823,220,5
33915,3057,3823,407,4
33916,3056,3822,405,2.5
33917,3056,3822,609,1
33918,3055,3821,69,0.5
33919,3055,3821,73,1.5
33920,3055,3821,91,3
33921,3055,3821,150,2
33922,3055,3821,183,1
33923,3055,3821,214,2
33924,3055,3821,384,2.5
33925,3055,3821,398,4
33926,3055,3821,439,2
33927,3055,3821,471,3.5
33928,3055,3821,475,0.5
33929,3055,3821,509,1
33930,3055,3821,592,5
33931,3055,3821,624,3
33932,3054,3820,564,1
33933,3053,3819,367,4.5
33934,3053,3819,472,3
33935,3053,3819,474,3
33936,3053,3819,585,4
33937,3053,3819,587,4
33938,3052,3816,118,4
33939,3052,3816,558,3
33940,3052,3816,587,4
33941,3051,3814,81,5
33942,3051,3814,83,4.5
33943,3051,3814,118,3
33944,3051,3814,297,4
33945,3051,3814,451,4
33946,3051,3814,452,3.5
33947,3051,3814,468,2.5
33948,3051,3814,472,5
33949,3051,3814,529,4
33950,3051,3814,547,4
33951,3051,3814,564,5
33952,3051,3814,585,5
33953,3051,3814,587,4
33954,3050,3813,452,3
33955,3050,3813,547,2
33956,3050,3813,558,5
33957,3050,3813,564,5
33958,3050,3813,605,1
33959,3050,3813,609,1
33960,3049,3812,30,3
33961,3049,3812,118,4
33962,3049,3812,294,3
33963,3049,3812,452,3
33964,3049,3812,468,2.5
33965,3049,3812,509,4
33966,3049,3812,529,4
33967,3049,3812,533,1
33968,3049,3812,547,4.5
33969,3049,3812,564,4
33970,3049,3812,624,3
33971,3048,3811,34,5
33972,3048,3811,118,5
33973,3048,3811,195,2
33974,3048,3811,198,5
33975,3048,3811,311,2.5
33976,3048,3811,472,4
33977,3048,3811,558,4
33978,3048,3811,564,4
33979,3048,3811,613,4
33980,3047,3810,118,3
33981,3047,3810,189,1
33982,3047,3810,452,2
33983,3047,3810,564,4
33984,3046,3809,12,3
33985,3046,3809,20,2
33986,3046,3809,22,2
33987,3046,3809,83,4
33988,3046,3809,105,4
33989,3046,3809,160,5
33990,3046,3809,189,3
33991,3046,3809,193,5
33992,3046,3809,212,2.5
33993,3046,3809,239,4
33994,3046,3809,253,5
33995,3046,3809,275,5
33996,3046,3809,285,3
33997,3046,3809,380,4
33998,3046,3809,386,1
33999,3046,3809,423,3.5
34000,3046,3809,424,1
34001,3046,3809,452,3
34002,3046,3809,468,2.5
34003,3046,3809,505,0.5
34004,3046,3809,534,3
34005,3046,3809,547,4.5
34006,3046,3809,558,4
34007,3046,3809,564,4
34008,3046,3809,580,3
34009,3046,3809,584,5
34010,3046,3809,607,3.5
34011,3046,3809,654,4
34012,3046,3809,665,3
34013,3045,3807,189,1
34014,3045,3807,294,3
34015,3045,3807,346,4
34016,3045,3807,533,3
34017,3045,3807,564,5
34018,3044,3806,118,3
34019,3044,3806,529,2
34020,3044,3806,575,3
34021,3043,3805,564,4
34022,3042,3804,30,2
34023,3042,3804,564,5
34024,3041,3802,41,3.5
34025,3041,3802,189,2
34026,3041,3802,558,3
34027,3041,3802,564,2
34028,3041,3802,624,2
34029,3040,3801,12,3
34030,3040,3801,15,3
34031,3040,3801,23,2
34032,3040,3801,118,4
34033,3040,3801,281,4
34034,3040,3801,311,4
34035,3040,3801,387,4
34036,3040,3801,452,3
34037,3040,3801,468,3.5
34038,3040,3801,547,4
34039,3040,3801,558,5
34040,3040,3801,569,2
34041,3040,3801,575,3
34042,3040,3801,587,5
34043,3040,3801,656,5
34044,3039,3800,15,2
34045,3038,3799,12,1
34046,3038,3799,153,1
34047,3038,3799,398,4
34048,3038,3799,452,1
34049,3037,3798,12,4
34050,3037,3798,15,2
34051,3037,3798,128,5
34052,3037,3798,150,2.5
34053,3037,3798,189,4
34054,3037,3798,220,4
34055,3037,3798,245,2
34056,3037,3798,262,2
34057,3037,3798,313,3.5
34058,3037,3798,380,3
34059,3037,3798,384,3.5
34060,3037,3798,386,2
34061,3037,3798,412,4
34062,3037,3798,452,2
34063,3037,3798,461,2.5
34064,3037,3798,463,3
34065,3037,3798,468,2.5
34066,3037,3798,531,0.5
34067,3037,3798,547,2
34068,3037,3798,549,2
34069,3037,3798,558,4
34070,3037,3798,564,4
34071,3037,3798,592,4
34072,3037,3798,598,3
34073,3037,3798,626,5
34074,3037,3798,665,4
34075,3036,3795,220,4
34076,3036,3795,407,5
34077,3035,3794,12,3
34078,3035,3794,15,4
34079,3035,3794,33,4
34080,3035,3794,407,4
34081,3035,3794,509,2
34082,3034,3793,12,5
34083,3034,3793,15,2
34084,3034,3793,22,4.5
34085,3034,3793,41,4
34086,3034,3793,42,3.5
34087,3034,3793,48,3.5
34088,3034,3793,52,3.5
34089,3034,3793,63,4.5
34090,3034,3793,72,3
34091,3034,3793,73,2.5
34092,3034,3793,75,3
34093,3034,3793,77,4
34094,3034,3793,78,4
34095,3034,3793,79,3
34096,3034,3793,88,3
34097,3034,3793,89,5
34098,3034,3793,95,5
34099,3034,3793,103,4
34100,3034,3793,105,3
34101,3034,3793,109,3.5
34102,3034,3793,120,2.5
34103,3034,3793,124,3.5
34104,3034,3793,129,3
34105,3034,3793,130,4
34106,3034,3793,134,4.5
34107,3034,3793,136,4
34108,3034,3793,138,2.5
34109,3034,3793,141,2
34110,3034,3793,150,4
34111,3034,3793,157,3.5
34112,3034,3793,163,3.5
34113,3034,3793,165,4
34114,3034,3793,169,5
34115,3034,3793,187,3
34116,3034,3793,189,3
34117,3034,3793,199,2.5
34118,3034,3793,201,4
34119,3034,3793,212,4
34120,3034,3793,213,4
34121,3034,3793,214,5
34122,3034,3793,217,4
34123,3034,3793,219,3
34124,3034,3793,220,2
34125,3034,3793,221,3
34126,3034,3793,240,3.5
34127,3034,3793,243,3.5
34128,3034,3793,261,4
34129,3034,3793,268,3.5
34130,3034,3793,270,4
34131,3034,3793,271,4.5
34132,3034,3793,272,4
34133,3034,3793,273,5
34134,3034,3793,275,4.5
34135,3034,3793,285,4
34136,3034,3793,292,4
34137,3034,3793,294,4.5
34138,3034,3793,295,5
34139,3034,3793,297,2
34140,3034,3793,316,4
34141,3034,3793,324,3.5
34142,3034,3793,345,4
34143,3034,3793,346,5
34144,3034,3793,349,3
34145,3034,3793,351,5
34146,3034,3793,352,3.5
34147,3034,3793,353,3.5
34148,3034,3793,355,3
34149,3034,3793,367,2
34150,3034,3793,378,0.5
34151,3034,3793,380,4
34152,3034,3793,384,3
34153,3034,3793,386,3
34154,3034,3793,394,4
34155,3034,3793,398,5
34156,3034,3793,402,3
34157,3034,3793,407,3
34158,3034,3793,412,4
34159,3034,3793,426,3.5
34160,3034,3793,430,3.5
34161,3034,3793,431,3.5
34162,3034,3793,433,3
34163,3034,3793,439,1
34164,3034,3793,450,0.5
34165,3034,3793,452,1
34166,3034,3793,453,5
34167,3034,3793,456,4
34168,3034,3793,458,4
34169,3034,3793,461,2
34170,3034,3793,463,4
34171,3034,3793,468,2.5
34172,3034,3793,472,3
34173,3034,3793,475,3.5
34174,3034,3793,479,4
34175,3034,3793,480,3.5
34176,3034,3793,483,2
34177,3034,3793,500,3
34178,3034,3793,509,4
34179,3034,3793,520,3.5
34180,3034,3793,523,4
34181,3034,3793,524,3
34182,3034,3793,525,5
34183,3034,3793,528,4
34184,3034,3793,531,3.5
34185,3034,3793,533,5
34186,3034,3793,553,4
34187,3034,3793,560,3.5
34188,3034,3793,561,4
34189,3034,3793,562,5
34190,3034,3793,574,3
34191,3034,3793,575,1
34192,3034,3793,580,4
34193,3034,3793,582,4.5
34194,3034,3793,584,3.5
34195,3034,3793,595,2
34196,3034,3793,596,3.5
34197,3034,3793,598,3
34198,3034,3793,605,2
34199,3034,3793,607,4.5
34200,3034,3793,615,4
34201,3034,3793,623,4
34202,3034,3793,624,4
34203,3034,3793,626,5
34204,3034,3793,652,4
34205,3034,3793,654,4
34206,3034,3793,656,4
34207,3034,3793,664,4
34208,3034,3793,665,4
34209,3033,3792,387,4
34210,3033,3792,405,4
34211,3033,3792,558,5
34212,3032,3791,12,1
34213,3032,3791,30,4
34214,3032,3791,56,4
34215,3032,3791,69,4
34216,3032,3791,111,4
34217,3032,3791,160,4
34218,3032,3791,169,2.5
34219,3032,3791,212,4
34220,3032,3791,294,4.5
34221,3032,3791,306,4
34222,3032,3791,311,4.5
34223,3032,3791,392,1.5
34224,3032,3791,460,4
34225,3032,3791,461,4
34226,3032,3791,463,3
34227,3032,3791,468,2.5
34228,3032,3791,505,4
34229,3032,3791,531,4.5
34230,3032,3791,533,3
34231,3032,3791,558,4
34232,3032,3791,564,4
34233,3032,3791,596,3
34234,3032,3791,605,4
34235,3032,3791,624,3
34236,3031,3790,407,4
34237,3030,3789,118,4
34238,3030,3789,405,5
34239,3030,3789,452,4
34240,3030,3789,472,4
34241,3030,3789,558,5
34242,3029,3788,15,3
34243,3029,3788,17,4.5
34244,3029,3788,23,4
34245,3029,3788,81,4.5
34246,3029,3788,262,3
34247,3029,3788,297,4.5
34248,3029,3788,322,3
34249,3029,3788,405,3
34250,3029,3788,452,4
34251,3029,3788,457,5
34252,3029,3788,468,3.5
34253,3029,3788,529,3
34254,3029,3788,547,2
34255,3029,3788,558,5
34256,3029,3788,564,4
34257,3028,3787,15,3
34258,3028,3787,240,4.5
34259,3027,3786,15,2
34260,3027,3786,106,5
34261,3027,3786,380,3
34262,3027,3786,564,3
34263,3027,3786,598,3
34264,3026,3785,15,4
34265,3026,3785,17,3.5
34266,3026,3785,33,3
34267,3026,3785,73,3
34268,3026,3785,78,5
34269,3026,3785,107,0.5
34270,3026,3785,129,3
34271,3026,3785,165,3.5
34272,3026,3785,176,0.5
34273,3026,3785,200,0.5
34274,3026,3785,212,1.5
34275,3026,3785,243,3
34276,3026,3785,253,2
34277,3026,3785,262,2.5
34278,3026,3785,353,2
34279,3026,3785,371,3.5
34280,3026,3785,381,3
34281,3026,3785,384,4
34282,3026,3785,398,5
34283,3026,3785,412,2
34284,3026,3785,431,2
34285,3026,3785,439,3
34286,3026,3785,457,2
34287,3026,3785,461,0.5
34288,3026,3785,472,4
34289,3026,3785,475,2
34290,3026,3785,528,3.5
34291,3026,3785,560,4
34292,3026,3785,564,3
34293,3026,3785,574,3
34294,3026,3785,605,1
34295,3026,3785,620,1
34296,3026,3785,624,2
34297,3026,3785,625,0.5
34298,3026,3785,654,4.5
34299,3026,3785,664,3.5
34300,3026,3785,665,1
34301,3025,3784,452,3
34302,3025,3784,665,3
34303,3024,3783,15,2
34304,3024,3783,30,4
34305,3024,3783,56,4
34306,3024,3783,99,3
34307,3024,3783,105,3
34308,3024,3783,111,4.5
34309,3024,3783,220,4
34310,3024,3783,240,4
34311,3024,3783,388,5
34312,3024,3783,407,5
34313,3024,3783,452,4
34314,3024,3783,472,4
34315,3024,3783,509,4.5
34316,3024,3783,587,4
34317,3023,3780,12,2
34318,3022,3777,262,3.5
34319,3022,3777,564,1
34320,3021,3775,294,3
34321,3020,3774,165,3.5
34322,3020,3774,564,1
34323,3019,3773,12,2
34324,3019,3773,43,2
34325,3019,3773,165,3
34326,3019,3773,219,3
34327,3019,3773,239,4
34328,3019,3773,564,1
34329,3018,3771,189,1
34330,3018,3771,294,3
34331,3018,3771,346,5
34332,3018,3771,564,4
34333,3017,3770,12,3
34334,3017,3770,509,2
34335,3017,3770,564,5
34336,3016,3769,118,4
34337,3016,3769,405,3
34338,3016,3769,529,3
34339,3016,3769,564,3
34340,3016,3769,575,3
34341,3015,3768,202,3
34342,3014,3766,189,3
34343,3014,3766,202,4
34344,3014,3766,533,3
34345,3013,3765,189,2
34346,3012,3764,95,3
34347,3012,3764,189,2
34348,3012,3764,405,1.5
34349,3012,3764,564,1
34350,3012,3764,624,3
34351,3011,3763,15,2
34352,3011,3763,30,3
34353,3011,3763,66,5
34354,3011,3763,118,4
34355,3011,3763,159,3
34356,3011,3763,189,3
34357,3011,3763,195,3
34358,3011,3763,306,3
34359,3011,3763,346,3
34360,3011,3763,360,3
34361,3011,3763,405,5
34362,3011,3763,452,2
34363,3011,3763,463,3
34364,3011,3763,509,3
34365,3011,3763,547,4
34366,3011,3763,558,5
34367,3011,3763,564,4
34368,3011,3763,605,3
34369,3011,3763,607,2
34370,3011,3763,624,4.5
34371,3011,3763,654,4.5
34372,3010,3761,73,4
34373,3010,3761,165,2.5
34374,3010,3761,189,4
34375,3009,3760,118,3
34376,3009,3760,195,3
34377,3009,3760,217,5
34378,3009,3760,350,4
34379,3009,3760,509,2
34380,3009,3760,558,3
34381,3009,3760,564,5
34382,3009,3760,598,4
34383,3009,3760,624,2.5
34384,3008,3759,294,3
34385,3008,3759,564,4
34386,3007,3758,285,3
34387,3007,3758,564,4
34388,3006,3757,564,5
34389,3005,3755,15,1.5
34390,3005,3755,31,4
34391,3005,3755,35,2.5
34392,3005,3755,49,4
34393,3005,3755,68,3
34394,3005,3755,73,3
34395,3005,3755,78,3
34396,3005,3755,88,2.5
34397,3005,3755,105,3
34398,3005,3755,107,1.5
34399,3005,3755,118,5
34400,3005,3755,125,3.5
34401,3005,3755,128,4
34402,3005,3755,129,4
34403,3005,3755,130,3.5
34404,3005,3755,141,3
34405,3005,3755,195,2
34406,3005,3755,220,1
34407,3005,3755,243,2
34408,3005,3755,245,1
34409,3005,3755,267,3.5
34410,3005,3755,275,4
34411,3005,3755,290,4
34412,3005,3755,313,4
34413,3005,3755,316,2.5
34414,3005,3755,324,3.5
34415,3005,3755,346,1
34416,3005,3755,350,3
34417,3005,3755,380,3
34418,3005,3755,388,3
34419,3005,3755,398,4
34420,3005,3755,405,3.5
34421,3005,3755,407,3
34422,3005,3755,412,5
34423,3005,3755,452,4
34424,3005,3755,453,2
34425,3005,3755,461,2
34426,3005,3755,463,3
34427,3005,3755,468,2
34428,3005,3755,472,2
34429,3005,3755,480,2
34430,3005,3755,500,2
34431,3005,3755,520,2.5
34432,3005,3755,528,3
34433,3005,3755,562,3
34434,3005,3755,564,5
34435,3005,3755,601,3.5
34436,3005,3755,605,3
34437,3005,3755,612,3
34438,3005,3755,624,3
34439,3005,3755,627,1
34440,3005,3755,654,3.5
34441,3005,3755,665,3
34442,3004,3754,195,3
34443,3004,3754,377,2
34444,3004,3754,564,2
34445,3004,3754,575,1
34446,3004,3754,624,1
34447,3004,3754,626,4
34448,3003,3753,5,3.5
34449,3003,3753,23,2
34450,3003,3753,30,5
34451,3003,3753,43,4
34452,3003,3753,45,0.5
34453,3003,3753,72,2.5
34454,3003,3753,73,3
34455,3003,3753,77,3.5
34456,3003,3753,78,5
34457,3003,3753,83,1
34458,3003,3753,84,4
34459,3003,3753,88,3.5
34460,3003,3753,94,4
34461,3003,3753,105,3
34462,3003,3753,111,2
34463,3003,3753,128,4
34464,3003,3753,129,4
34465,3003,3753,141,4
34466,3003,3753,150,3.5
34467,3003,3753,181,4
34468,3003,3753,212,3.5
34469,3003,3753,214,3
34470,3003,3753,220,5
34471,3003,3753,243,3
34472,3003,3753,245,5
34473,3003,3753,253,4.5
34474,3003,3753,263,3.5
34475,3003,3753,282,4
34476,3003,3753,292,3.5
34477,3003,3753,300,4.5
34478,3003,3753,311,3
34479,3003,3753,313,3.5
34480,3003,3753,324,2.5
34481,3003,3753,353,2.5
34482,3003,3753,365,4
34483,3003,3753,367,3
34484,3003,3753,371,4
34485,3003,3753,380,3
34486,3003,3753,381,2
34487,3003,3753,382,2
34488,3003,3753,388,2
34489,3003,3753,398,3
34490,3003,3753,412,4
34491,3003,3753,417,3.5
34492,3003,3753,452,3
34493,3003,3753,453,4
34494,3003,3753,457,1
34495,3003,3753,463,3
34496,3003,3753,472,1
34497,3003,3753,475,3
34498,3003,3753,481,2.5
34499,3003,3753,509,4
34500,3003,3753,520,3
34501,3003,3753,532,3
34502,3003,3753,544,4
34503,3003,3753,553,5
34504,3003,3753,558,4
34505,3003,3753,564,1
34506,3003,3753,598,3
34507,3003,3753,605,1
34508,3003,3753,626,4
34509,3003,3753,654,4.5
34510,3003,3753,656,5
34511,3003,3753,664,3.5
34512,3003,3753,665,4
34513,3002,3752,15,1
34514,3002,3752,33,2
34515,3002,3752,73,2.5
34516,3002,3752,84,3.5
34517,3002,3752,95,4
34518,3002,3752,99,4
34519,3002,3752,105,3
34520,3002,3752,129,3
34521,3002,3752,165,2
34522,3002,3752,176,0.5
34523,3002,3752,189,4
34524,3002,3752,212,2
34525,3002,3752,219,4
34526,3002,3752,240,3
34527,3002,3752,253,2
34528,3002,3752,262,1
34529,3002,3752,275,3.5
34530,3002,3752,324,3
34531,3002,3752,350,1
34532,3002,3752,380,3
34533,3002,3752,384,4
34534,3002,3752,388,3
34535,3002,3752,412,2
34536,3002,3752,457,2
34537,3002,3752,461,2.5
34538,3002,3752,463,3
34539,3002,3752,472,3
34540,3002,3752,475,2
34541,3002,3752,476,1
34542,3002,3752,494,2
34543,3002,3752,500,3
34544,3002,3752,522,4
34545,3002,3752,547,1.5
34546,3002,3752,560,3.5
34547,3002,3752,592,4
34548,3002,3752,598,4
34549,3002,3752,610,4
34550,3002,3752,624,4
34551,3002,3752,626,3
34552,3002,3752,656,1
34553,3002,3752,664,3.5
34554,3002,3752,665,3
34555,3002,3752,669,4
34556,3001,3751,6,1.5
34557,3001,3751,14,4
34558,3001,3751,15,1
34559,3001,3751,22,2
34560,3001,3751,23,4
34561,3001,3751,30,4
34562,3001,3751,37,3
34563,3001,3751,48,3
34564,3001,3751,56,4
34565,3001,3751,59,4
34566,3001,3751,61,1.5
34567,3001,3751,63,2
34568,3001,3751,73,2
34569,3001,3751,77,3.5
34570,3001,3751,83,4
34571,3001,3751,88,3.5
34572,3001,3751,93,4
34573,3001,3751,115,3
34574,3001,3751,125,2.5
34575,3001,3751,129,4
34576,3001,3751,134,3.5
34577,3001,3751,164,3.5
34578,3001,3751,165,2
34579,3001,3751,166,3
34580,3001,3751,174,3
34581,3001,3751,183,3
34582,3001,3751,185,5
34583,3001,3751,189,1
34584,3001,3751,195,3
34585,3001,3751,212,3
34586,3001,3751,213,1
34587,3001,3751,216,3.5
34588,3001,3751,220,5
34589,3001,3751,231,4
34590,3001,3751,234,3
34591,3001,3751,239,5
34592,3001,3751,240,5
34593,3001,3751,243,3.5
34594,3001,3751,255,4
34595,3001,3751,257,5
34596,3001,3751,262,2
34597,3001,3751,268,3
34598,3001,3751,283,4.5
34599,3001,3751,287,5
34600,3001,3751,294,4
34601,3001,3751,295,4
34602,3001,3751,311,3.5
34603,3001,3751,316,3.5
34604,3001,3751,328,3.5
34605,3001,3751,333,4
34606,3001,3751,345,4
34607,3001,3751,367,4
34608,3001,3751,380,3
34609,3001,3751,381,4
34610,3001,3751,386,3
34611,3001,3751,398,2
34612,3001,3751,401,4
34613,3001,3751,407,5
34614,3001,3751,412,3
34615,3001,3751,417,3.5
34616,3001,3751,419,3
34617,3001,3751,426,2.5
34618,3001,3751,428,3
34619,3001,3751,430,3.5
34620,3001,3751,431,3
34621,3001,3751,441,4.5
34622,3001,3751,442,4.5
34623,3001,3751,452,3
34624,3001,3751,460,4.5
34625,3001,3751,461,4
34626,3001,3751,463,4
34627,3001,3751,468,3.5
34628,3001,3751,472,4
34629,3001,3751,475,2
34630,3001,3751,480,3
34631,3001,3751,500,1.5
34632,3001,3751,501,4
34633,3001,3751,509,3
34634,3001,3751,529,4
34635,3001,3751,531,1.5
34636,3001,3751,542,4
34637,3001,3751,547,2.5
34638,3001,3751,558,5
34639,3001,3751,562,4
34640,3001,3751,577,5
34641,3001,3751,580,3.5
34642,3001,3751,582,1.5
34643,3001,3751,585,4
34644,3001,3751,595,3
34645,3001,3751,598,4
34646,3001,3751,605,5
34647,3001,3751,607,4
34648,3001,3751,615,3.5
34649,3001,3751,621,4.5
34650,3001,3751,624,3
34651,3001,3751,654,4
34652,3001,3751,656,4
34653,3001,3751,660,3
34654,3001,3751,671,4
34655,3000,3747,15,2
34656,3000,3747,33,2
34657,3000,3747,388,5
34658,3000,3747,407,3
34659,3000,3747,452,3
34660,3000,3747,509,3
34661,3000,3747,558,5
34662,2999,3746,283,5
34663,2998,3745,15,1
34664,2998,3745,41,3.5
34665,2998,3745,48,3.5
34666,2998,3745,73,3.5
34667,2998,3745,129,2
34668,2998,3745,212,2.5
34669,2998,3745,213,4
34670,2998,3745,214,4
34671,2998,3745,243,3.5
34672,2998,3745,253,2
34673,2998,3745,311,3.5
34674,2998,3745,346,5
34675,2998,3745,353,3
34676,2998,3745,355,2.5
34677,2998,3745,398,5
34678,2998,3745,453,4
34679,2998,3745,525,4
34680,2998,3745,564,4
34681,2998,3745,571,3.5
34682,2998,3745,574,3
34683,2998,3745,580,2
34684,2998,3745,626,3
34685,2998,3745,654,4
34686,2997,3744,26,4
34687,2997,3744,105,3
34688,2997,3744,129,3
34689,2997,3744,132,1.5
34690,2997,3744,195,1
34691,2997,3744,313,4
34692,2997,3744,349,2
34693,2997,3744,380,3
34694,2997,3744,412,3
34695,2997,3744,418,3
34696,2997,3744,509,2
34697,2997,3744,592,4
34698,2997,3744,624,1.5
34699,2996,3743,128,5
34700,2996,3743,412,2
34701,2995,3742,15,2.5
34702,2995,3742,17,4
34703,2995,3742,102,4
34704,2995,3742,118,5
34705,2995,3742,195,3
34706,2995,3742,222,5
34707,2995,3742,236,4
34708,2995,3742,255,5
34709,2995,3742,262,2
34710,2995,3742,265,4
34711,2995,3742,406,5
34712,2995,3742,468,4
34713,2995,3742,499,4
34714,2995,3742,529,3
34715,2995,3742,564,3
34716,2995,3742,575,3
34717,2994,3741,23,2.5
34718,2994,3741,102,5
34719,2994,3741,119,4
34720,2994,3741,236,5
34721,2994,3741,262,2.5
34722,2994,3741,452,4
34723,2994,3741,468,4.5
34724,2994,3741,472,4
34725,2994,3741,499,4
34726,2994,3741,505,3
34727,2994,3741,529,3
34728,2994,3741,547,5
34729,2994,3741,558,4
34730,2993,3740,73,3.5
34731,2993,3740,102,3
34732,2993,3740,105,3
34733,2993,3740,118,2
34734,2993,3740,119,4
34735,2993,3740,130,3
34736,2993,3740,195,3
34737,2993,3740,222,4
34738,2993,3740,239,4
34739,2993,3740,295,3.5
34740,2993,3740,311,3
34741,2993,3740,346,5
34742,2993,3740,367,3.5
34743,2993,3740,463,2
34744,2993,3740,468,2.5
34745,2993,3740,549,2
34746,2993,3740,564,3
34747,2993,3740,575,3
34748,2993,3740,580,3.5
34749,2993,3740,606,2.5
34750,2993,3740,624,3
34751,2993,3740,654,3.5
34752,2992,3739,96,5
34753,2992,3739,236,5
34754,2992,3739,529,4
34755,2991,3738,118,3
34756,2991,3738,265,3
34757,2991,3738,452,4
34758,2991,3738,529,3
34759,2991,3738,564,5
34760,2990,3737,387,5
34761,2989,3736,23,4
34762,2989,3736,96,4.5
34763,2989,3736,222,4
34764,2989,3736,387,5
34765,2989,3736,468,3
34766,2989,3736,547,4
34767,2989,3736,609,1
34768,2988,3735,15,2
34769,2988,3735,17,4
34770,2988,3735,30,5
34771,2988,3735,73,4
34772,2988,3735,83,5
34773,2988,3735,102,5
34774,2988,3735,105,4
34775,2988,3735,118,5
34776,2988,3735,119,4
34777,2988,3735,195,3
34778,2988,3735,222,5
34779,2988,3735,240,4
34780,2988,3735,265,4
34781,2988,3735,278,4
34782,2988,3735,311,3.5
34783,2988,3735,315,5
34784,2988,3735,387,4
34785,2988,3735,423,4
34786,2988,3735,452,4
34787,2988,3735,509,3
34788,2988,3735,529,3
34789,2988,3735,547,3.5
34790,2988,3735,558,5
34791,2988,3735,575,3
34792,2988,3735,585,5
34793,2988,3735,587,4.5
34794,2988,3735,607,3.5
34795,2987,3734,30,4
34796,2987,3734,102,4
34797,2987,3734,118,3
34798,2987,3734,222,4
34799,2987,3734,263,2.5
34800,2987,3734,452,3.5
34801,2987,3734,547,3
34802,2987,3734,564,5
34803,2986,3733,102,4
34804,2986,3733,195,3
34805,2986,3733,452,4
34806,2986,3733,529,3
34807,2986,3733,533,4
34808,2986,3733,564,4
34809,2986,3733,587,4
34810,2985,3732,118,3
34811,2985,3732,222,4
34812,2985,3732,564,3
34813,2984,3731,547,4
34814,2984,3731,564,4
34815,2983,3730,15,5
34816,2983,3730,17,3
34817,2983,3730,23,3.5
34818,2983,3730,96,2.5
34819,2983,3730,102,5
34820,2983,3730,118,5
34821,2983,3730,148,4.5
34822,2983,3730,222,5
34823,2983,3730,236,4.5
34824,2983,3730,265,4
34825,2983,3730,322,4
34826,2983,3730,387,5
34827,2983,3730,452,4
34828,2983,3730,468,3.5
34829,2983,3730,472,5
34830,2983,3730,505,3.5
34831,2983,3730,509,4
34832,2983,3730,529,4
34833,2983,3730,533,4
34834,2983,3730,547,5
34835,2983,3730,564,5
34836,2983,3730,585,5
34837,2983,3730,587,5
34838,2982,3729,102,4
34839,2982,3729,525,5
34840,2982,3729,564,4
34841,2981,3728,15,4
34842,2981,3728,73,4
34843,2981,3728,452,3
34844,2981,3728,547,3
34845,2981,3728,558,5
34846,2981,3728,564,5
34847,2981,3728,609,1
34848,2980,3727,34,4
34849,2980,3727,73,3.5
34850,2980,3727,118,4
34851,2980,3727,262,2
34852,2980,3727,564,4
34853,2979,3726,60,3
34854,2979,3726,286,1
34855,2979,3726,452,3.5
34856,2979,3726,468,2.5
34857,2978,3725,118,3
34858,2978,3725,285,1
34859,2978,3725,457,3.5
34860,2978,3725,564,5
34861,2977,3724,30,4
34862,2977,3724,102,4
34863,2977,3724,118,4
34864,2977,3724,222,5
34865,2977,3724,248,4
34866,2977,3724,388,4.5
34867,2977,3724,452,5
34868,2977,3724,505,3
34869,2977,3724,529,4
34870,2977,3724,547,5
34871,2977,3724,564,5
34872,2977,3724,575,4
34873,2977,3724,605,2
34874,2976,3723,222,4
34875,2976,3723,407,4
34876,2976,3723,461,3
34877,2976,3723,564,4
34878,2976,3723,577,4.5
34879,2975,3721,220,3
34880,2975,3721,581,0.5
34881,2974,3720,29,4
34882,2974,3720,388,3
34883,2973,3719,529,2
34884,2972,3718,472,5
34885,2972,3718,609,1
34886,2971,3717,15,1
34887,2971,3717,48,3
34888,2971,3717,72,1.5
34889,2971,3717,73,3.5
34890,2971,3717,84,4
34891,2971,3717,105,2.5
34892,2971,3717,118,3
34893,2971,3717,125,3
34894,2971,3717,128,5
34895,2971,3717,129,2
34896,2971,3717,156,0.5
34897,2971,3717,163,3.5
34898,2971,3717,189,2
34899,2971,3717,195,1
34900,2971,3717,200,3
34901,2971,3717,212,3
34902,2971,3717,213,3
34903,2971,3717,214,2
34904,2971,3717,219,4
34905,2971,3717,235,4
34906,2971,3717,263,3
34907,2971,3717,294,4
34908,2971,3717,316,3
34909,2971,3717,350,4
34910,2971,3717,353,2.5
34911,2971,3717,367,3
34912,2971,3717,371,3.5
34913,2971,3717,379,3
34914,2971,3717,380,2
34915,2971,3717,384,3
34916,2971,3717,398,4
34917,2971,3717,412,3
34918,2971,3717,418,5
34919,2971,3717,452,1
34920,2971,3717,453,3
34921,2971,3717,456,3.5
34922,2971,3717,457,1
34923,2971,3717,458,4
34924,2971,3717,468,1
34925,2971,3717,475,2.5
34926,2971,3717,477,4
34927,2971,3717,480,2
34928,2971,3717,485,1
34929,2971,3717,500,3
34930,2971,3717,509,2
34931,2971,3717,561,3
34932,2971,3717,584,3
34933,2971,3717,592,5
34934,2971,3717,596,3
34935,2971,3717,605,1
34936,2971,3717,624,2
34937,2971,3717,626,2
34938,2971,3717,627,2.5
34939,2971,3717,656,2
34940,2971,3717,664,3.5
34941,2971,3717,665,3
34942,2970,3716,222,3
34943,2970,3716,564,4
34944,2969,3715,239,4
34945,2969,3715,564,4
34946,2969,3715,605,1
34947,2968,3714,222,4
34948,2968,3714,564,2
34949,2967,3713,30,5
34950,2967,3713,452,4
34951,2967,3713,547,2
34952,2967,3713,564,4
34953,2966,3712,30,4
34954,2966,3712,43,2
34955,2966,3712,111,3.5
34956,2966,3712,239,4
34957,2966,3712,306,4
34958,2966,3712,452,3
34959,2966,3712,461,2
34960,2966,3712,529,4
34961,2966,3712,547,3.5
34962,2966,3712,564,5
34963,2966,3712,585,3
34964,2966,3712,665,3
34965,2965,3710,58,3
34966,2964,3709,95,3
34967,2964,3709,128,1
34968,2964,3709,564,4
34969,2963,3708,102,3
34970,2963,3708,457,2.5
34971,2963,3708,564,4
34972,2962,3707,15,5
34973,2962,3707,187,3
34974,2962,3707,196,4
34975,2962,3707,222,2
34976,2962,3707,268,1
34977,2962,3707,306,3
34978,2962,3707,460,4
34979,2962,3707,547,2.5
34980,2962,3707,564,4
34981,2962,3707,624,2
34982,2961,3706,34,4
34983,2961,3706,58,4
34984,2961,3706,73,4.5
34985,2961,3706,102,3
34986,2961,3706,189,5
34987,2961,3706,196,3
34988,2961,3706,222,5
34989,2961,3706,248,4
34990,2961,3706,322,5
34991,2961,3706,452,2
34992,2961,3706,463,2
34993,2961,3706,547,2
34994,2961,3706,564,4
34995,2961,3706,596,3.5
34996,2960,3705,195,1
34997,2960,3705,196,4
34998,2960,3705,213,3.5
34999,2960,3705,294,3
35000,2960,3705,405,2
35001,2960,3705,468,2
35002,2960,3705,564,4
35003,2960,3705,624,2
35004,2960,3705,665,3
35005,2959,3704,30,3
35006,2959,3704,41,4
35007,2959,3704,73,3.5
35008,2959,3704,77,3.5
35009,2959,3704,102,3
35010,2959,3704,196,4
35011,2959,3704,222,3
35012,2959,3704,248,4
35013,2959,3704,340,2.5
35014,2959,3704,388,4
35015,2959,3704,397,3
35016,2959,3704,401,5
35017,2959,3704,439,3
35018,2959,3704,456,2.5
35019,2959,3704,463,4
35020,2959,3704,471,4
35021,2959,3704,525,2
35022,2959,3704,529,3
35023,2959,3704,564,2
35024,2958,3703,34,4
35025,2958,3703,41,4
35026,2958,3703,73,3.5
35027,2958,3703,77,4
35028,2958,3703,102,4
35029,2958,3703,105,3.5
35030,2958,3703,130,4.5
35031,2958,3703,134,5
35032,2958,3703,159,4.5
35033,2958,3703,170,3
35034,2958,3703,196,4
35035,2958,3703,197,3
35036,2958,3703,214,3
35037,2958,3703,222,3
35038,2958,3703,346,4
35039,2958,3703,401,5
35040,2958,3703,423,3.5
35041,2958,3703,456,5
35042,2958,3703,461,4
35043,2958,3703,463,4
35044,2958,3703,468,3
35045,2958,3703,471,4.5
35046,2958,3703,472,4
35047,2958,3703,475,4
35048,2958,3703,483,5
35049,2958,3703,525,2
35050,2958,3703,527,3.5
35051,2958,3703,564,2
35052,2958,3703,580,3.5
35053,2957,3702,30,4
35054,2957,3702,34,5
35055,2957,3702,41,4
35056,2957,3702,73,2.5
35057,2957,3702,77,4
35058,2957,3702,79,2.5
35059,2957,3702,95,5
35060,2957,3702,102,4
35061,2957,3702,105,4
35062,2957,3702,119,4
35063,2957,3702,130,4
35064,2957,3702,134,4.5
35065,2957,3702,139,3
35066,2957,3702,170,3
35067,2957,3702,195,3
35068,2957,3702,196,4
35069,2957,3702,197,3
35070,2957,3702,214,3
35071,2957,3702,220,3
35072,2957,3702,222,5
35073,2957,3702,248,4
35074,2957,3702,312,5
35075,2957,3702,346,4
35076,2957,3702,401,5
35077,2957,3702,456,4
35078,2957,3702,461,3.5
35079,2957,3702,463,4
35080,2957,3702,471,4.5
35081,2957,3702,472,4.5
35082,2957,3702,483,4
35083,2957,3702,525,2
35084,2957,3702,529,3
35085,2957,3702,564,3
35086,2957,3702,577,5
35087,2957,3702,607,4
35088,2956,3701,30,3
35089,2956,3701,58,5
35090,2956,3701,119,3
35091,2956,3701,195,2
35092,2956,3701,197,4
35093,2956,3701,202,4
35094,2956,3701,218,3.5
35095,2956,3701,293,3.5
35096,2956,3701,353,1
35097,2956,3701,461,2
35098,2956,3701,533,4
35099,2956,3701,564,4
35100,2956,3701,575,3
35101,2956,3701,605,3
35102,2956,3701,624,3
35103,2956,3701,656,5
35104,2955,3700,102,4
35105,2955,3700,547,4
35106,2955,3700,605,3
35107,2954,3699,41,3.5
35108,2954,3699,68,4
35109,2954,3699,119,4
35110,2954,3699,195,2
35111,2954,3699,196,5
35112,2954,3699,214,3
35113,2954,3699,222,4
35114,2954,3699,285,3
35115,2954,3699,294,2.5
35116,2954,3699,311,3.5
35117,2954,3699,346,2
35118,2954,3699,401,4
35119,2954,3699,405,4
35120,2954,3699,452,3.5
35121,2954,3699,461,2.5
35122,2954,3699,509,3
35123,2954,3699,525,4
35124,2954,3699,533,4
35125,2954,3699,547,4
35126,2954,3699,564,3
35127,2954,3699,575,3
35128,2954,3699,654,4.5
35129,2953,3698,31,4.5
35130,2953,3698,41,3.5
35131,2953,3698,73,4
35132,2953,3698,102,3
35133,2953,3698,111,3.5
35134,2953,3698,150,3
35135,2953,3698,159,3
35136,2953,3698,195,2
35137,2953,3698,243,2.5
35138,2953,3698,285,3
35139,2953,3698,388,4
35140,2953,3698,463,3
35141,2953,3698,480,4.5
35142,2953,3698,509,2
35143,2953,3698,524,2
35144,2953,3698,525,4
35145,2953,3698,528,4
35146,2953,3698,549,3.5
35147,2953,3698,564,3
35148,2953,3698,574,2.5
35149,2953,3698,577,4
35150,2953,3698,580,3
35151,2953,3698,624,2
35152,2953,3698,654,3
35153,2952,3697,22,2.5
35154,2952,3697,79,2
35155,2952,3697,103,2
35156,2952,3697,105,3
35157,2952,3697,195,3
35158,2952,3697,196,3
35159,2952,3697,199,4
35160,2952,3697,263,3.5
35161,2952,3697,353,2.5
35162,2952,3697,355,3
35163,2952,3697,388,4
35164,2952,3697,439,1
35165,2952,3697,457,1.5
35166,2952,3697,525,4
35167,2952,3697,560,4
35168,2952,3697,564,2
35169,2952,3697,574,3.5
35170,2952,3697,623,2
35171,2952,3697,654,4
35172,2951,3696,73,4
35173,2951,3696,165,5
35174,2951,3696,564,4
35175,2950,3695,285,2
35176,2950,3695,564,3
35177,2949,3694,243,1
35178,2949,3694,285,3
35179,2949,3694,564,3
35180,2948,3693,95,3
35181,2948,3693,243,1.5
35182,2948,3693,285,3
35183,2948,3693,463,4
35184,2948,3693,564,4
35185,2947,3692,564,4
35186,2947,3692,580,3
35187,2946,3691,129,2
35188,2946,3691,564,3
35189,2945,3690,160,2
35190,2945,3690,196,1
35191,2945,3690,306,2
35192,2945,3690,564,2
35193,2945,3690,624,3
35194,2944,3689,196,1
35195,2944,3689,285,1
35196,2944,3689,306,2
35197,2944,3689,564,3
35198,2944,3689,624,3
35199,2943,3688,30,2
35200,2943,3688,73,3
35201,2943,3688,160,3
35202,2943,3688,196,3
35203,2943,3688,222,3
35204,2943,3688,285,2
35205,2943,3688,294,2.5
35206,2943,3688,306,3
35207,2943,3688,397,2.5
35208,2943,3688,457,2
35209,2943,3688,564,4
35210,2943,3688,624,5
35211,2942,3687,73,3.5
35212,2941,3686,30,4
35213,2941,3686,105,3
35214,2941,3686,196,5
35215,2941,3686,214,3
35216,2941,3686,220,2
35217,2941,3686,222,4
35218,2941,3686,263,2
35219,2941,3686,306,4
35220,2941,3686,355,3.5
35221,2941,3686,388,4
35222,2941,3686,452,3
35223,2941,3686,463,4
35224,2941,3686,468,2.5
35225,2941,3686,509,3
35226,2941,3686,534,4
35227,2941,3686,561,5
35228,2941,3686,577,4.5
35229,2941,3686,580,3
35230,2941,3686,596,4
35231,2941,3686,654,4
35232,2940,3685,30,4
35233,2940,3685,102,4
35234,2940,3685,105,4
35235,2940,3685,196,4
35236,2940,3685,222,5
35237,2940,3685,255,3.5
35238,2940,3685,265,5
35239,2940,3685,306,3
35240,2940,3685,376,3
35241,2940,3685,387,4
35242,2940,3685,452,3
35243,2940,3685,529,2
35244,2940,3685,547,1
35245,2940,3685,564,5
35246,2940,3685,587,3.5
35247,2939,3684,30,4
35248,2939,3684,196,4
35249,2939,3684,222,5
35250,2939,3684,306,3
35251,2939,3684,452,3
35252,2939,3684,547,5
35253,2939,3684,564,4
35254,2939,3684,575,5
35255,2939,3684,605,2
35256,2938,3683,15,4
35257,2938,3683,30,5
35258,2938,3683,56,4
35259,2938,3683,102,5
35260,2938,3683,105,4
35261,2938,3683,220,4
35262,2938,3683,222,5
35263,2938,3683,299,4.5
35264,2938,3683,388,5
35265,2938,3683,451,4
35266,2938,3683,452,4
35267,2938,3683,457,3
35268,2938,3683,460,4
35269,2938,3683,468,3.5
35270,2938,3683,472,5
35271,2938,3683,509,4
35272,2938,3683,529,4
35273,2938,3683,547,4
35274,2938,3683,558,5
35275,2938,3683,564,5
35276,2938,3683,574,4.5
35277,2938,3683,585,5
35278,2938,3683,587,3.5
35279,2938,3683,614,4
35280,2937,3682,105,4
35281,2937,3682,196,4
35282,2937,3682,353,3
35283,2937,3682,405,3
35284,2937,3682,529,2
35285,2937,3682,547,1
35286,2937,3682,575,2
35287,2936,3681,23,3.5
35288,2936,3681,73,4.5
35289,2936,3681,102,4
35290,2936,3681,196,3
35291,2936,3681,328,3
35292,2936,3681,339,4
35293,2936,3681,340,4
35294,2936,3681,405,3.5
35295,2936,3681,423,3.5
35296,2936,3681,587,3.5
35297,2936,3681,596,3.5
35298,2936,3681,607,4
35299,2936,3681,624,5
35300,2936,3681,628,4
35301,2935,3680,102,4
35302,2935,3680,442,4.5
35303,2935,3680,564,3
35304,2934,3679,102,4
35305,2934,3679,299,5
35306,2934,3679,564,5
35307,2934,3679,587,4.5
35308,2933,3678,102,4
35309,2933,3678,222,4
35310,2933,3678,348,1
35311,2933,3678,376,4
35312,2933,3678,387,4
35313,2932,3677,38,5
35314,2932,3677,48,4.5
35315,2932,3677,283,5
35316,2932,3677,430,5
35317,2932,3677,441,4.5
35318,2932,3677,481,5
35319,2932,3677,563,2.5
35320,2932,3677,564,3
35321,2931,3676,17,5
35322,2931,3676,102,5
35323,2931,3676,105,2
35324,2931,3676,134,4.5
35325,2931,3676,222,5
35326,2931,3676,262,3
35327,2931,3676,285,1
35328,2931,3676,299,2.5
35329,2931,3676,457,3.5
35330,2931,3676,468,4.5
35331,2931,3676,547,1
35332,2931,3676,564,4
35333,2931,3676,580,3.5
35334,2931,3676,618,5
35335,2930,3675,102,4
35336,2930,3675,128,3
35337,2930,3675,222,3
35338,2930,3675,294,4
35339,2930,3675,311,4
35340,2930,3675,328,3
35341,2930,3675,387,4
35342,2930,3675,505,4
35343,2930,3675,547,1
35344,2930,3675,575,5
35345,2930,3675,585,4
35346,2929,3674,287,3.5
35347,2929,3674,564,3
35348,2929,3674,605,3
35349,2928,3673,294,4
35350,2928,3673,564,3
35351,2927,3672,58,1
35352,2927,3672,287,3.5
35353,2927,3672,509,2
35354,2927,3672,564,5
35355,2927,3672,595,4
35356,2927,3672,605,5
35357,2927,3672,609,5
35358,2927,3672,665,3
35359,2926,3671,1,3
35360,2926,3671,15,2
35361,2926,3671,23,3.5
35362,2926,3671,30,4
35363,2926,3671,56,4
35364,2926,3671,73,3
35365,2926,3671,75,4
35366,2926,3671,76,3.5
35367,2926,3671,77,4
35368,2926,3671,83,4.5
35369,2926,3671,102,4
35370,2926,3671,120,2.5
35371,2926,3671,125,4.5
35372,2926,3671,130,2
35373,2926,3671,134,4.5
35374,2926,3671,148,4
35375,2926,3671,178,4
35376,2926,3671,195,5
35377,2926,3671,196,5
35378,2926,3671,212,2.5
35379,2926,3671,222,3
35380,2926,3671,265,5
35381,2926,3671,285,3
35382,2926,3671,291,5
35383,2926,3671,294,3
35384,2926,3671,306,4
35385,2926,3671,309,5
35386,2926,3671,315,5
35387,2926,3671,352,4
35388,2926,3671,380,4
35389,2926,3671,387,3
35390,2926,3671,398,5
35391,2926,3671,405,4
35392,2926,3671,423,3.5
35393,2926,3671,424,3.5
35394,2926,3671,428,4.5
35395,2926,3671,430,4.5
35396,2926,3671,442,5
35397,2926,3671,452,4
35398,2926,3671,460,4
35399,2926,3671,468,2.5
35400,2926,3671,472,5
35401,2926,3671,505,3.5
35402,2926,3671,509,4
35403,2926,3671,519,4.5
35404,2926,3671,529,4
35405,2926,3671,553,3.5
35406,2926,3671,561,4.5
35407,2926,3671,564,5
35408,2926,3671,575,4
35409,2926,3671,580,4
35410,2926,3671,585,4
35411,2926,3671,587,4
35412,2926,3671,598,4
35413,2926,3671,604,3.5
35414,2926,3671,605,4
35415,2926,3671,615,3.5
35416,2926,3671,621,5
35417,2926,3671,624,5
35418,2926,3671,634,3.5
35419,2926,3671,654,4.5
35420,2926,3671,671,3
35421,2925,3669,196,2
35422,2925,3669,239,3
35423,2925,3669,294,3
35424,2924,3668,23,3
35425,2924,3668,61,2.5
35426,2924,3668,69,2.5
35427,2924,3668,102,4
35428,2924,3668,175,2
35429,2924,3668,195,3
35430,2924,3668,222,5
35431,2924,3668,291,4.5
35432,2924,3668,294,3
35433,2924,3668,306,3
35434,2924,3668,452,4.5
35435,2924,3668,529,3
35436,2924,3668,547,4
35437,2923,3665,564,4
35438,2922,3664,564,3
35439,2921,3663,564,3
35440,2920,3662,564,3
35441,2919,3661,564,3
35442,2918,3660,95,4
35443,2918,3660,564,3
35444,2917,3659,564,3
35445,2916,3658,262,2
35446,2916,3658,564,4
35447,2915,3657,222,5
35448,2915,3657,236,4
35449,2914,3656,222,5
35450,2913,3655,102,5
35451,2913,3655,452,4
35452,2912,3654,119,4
35453,2912,3654,195,4
35454,2912,3654,196,4
35455,2912,3654,222,3
35456,2912,3654,248,5
35457,2912,3654,265,4
35458,2912,3654,295,4.5
35459,2912,3654,311,4
35460,2912,3654,471,3.5
35461,2912,3654,505,3.5
35462,2912,3654,569,5
35463,2912,3654,575,3
35464,2912,3654,577,5
35465,2911,3653,56,5
35466,2911,3653,214,4
35467,2911,3653,222,4
35468,2911,3653,265,4
35469,2911,3653,405,5
35470,2911,3653,452,3
35471,2911,3653,472,5
35472,2911,3653,529,2
35473,2911,3653,547,4
35474,2911,3653,596,5
35475,2910,3649,30,4
35476,2910,3649,58,3
35477,2910,3649,196,4
35478,2910,3649,311,3.5
35479,2910,3649,407,3
35480,2910,3649,547,2
35481,2910,3649,554,3
35482,2910,3649,564,4
35483,2910,3649,605,3
35484,2910,3649,609,1
35485,2910,3649,656,4
35486,2909,3646,183,1
35487,2909,3646,239,3
35488,2909,3646,380,2
35489,2909,3646,412,1
35490,2909,3646,452,1
35491,2909,3646,475,1.5
35492,2909,3646,542,2.5
35493,2909,3646,624,3
35494,2908,3643,49,4
35495,2908,3643,195,3
35496,2907,3640,468,3
35497,2907,3640,648,3.5
35498,2906,3639,15,2
35499,2906,3639,102,4
35500,2906,3639,150,2.5
35501,2906,3639,195,3
35502,2906,3639,196,5
35503,2906,3639,200,3
35504,2906,3639,217,4.5
35505,2906,3639,219,4
35506,2906,3639,294,2.5
35507,2906,3639,306,3
35508,2906,3639,311,3.5
35509,2906,3639,405,4
35510,2906,3639,468,3
35511,2906,3639,471,4.5
35512,2906,3639,505,2.5
35513,2906,3639,564,3
35514,2906,3639,624,4.5
35515,2906,3639,654,4.5
35516,2905,3638,15,3.5
35517,2905,3638,30,4
35518,2905,3638,41,3.5
35519,2905,3638,54,4
35520,2905,3638,89,5
35521,2905,3638,150,2.5
35522,2905,3638,195,3
35523,2905,3638,196,5
35524,2905,3638,197,5
35525,2905,3638,248,2
35526,2905,3638,294,3
35527,2905,3638,306,3
35528,2905,3638,346,3
35529,2905,3638,405,3.5
35530,2905,3638,460,3.5
35531,2905,3638,463,3
35532,2905,3638,468,2.5
35533,2905,3638,471,4.5
35534,2905,3638,564,5
35535,2905,3638,575,2
35536,2905,3638,592,5
35537,2905,3638,624,3
35538,2905,3638,654,3.5
35539,2904,3637,81,4
35540,2903,3635,15,3.5
35541,2903,3635,102,4
35542,2903,3635,120,2.5
35543,2903,3635,150,3
35544,2903,3635,196,5
35545,2903,3635,217,4.5
35546,2903,3635,294,2.5
35547,2903,3635,306,4
35548,2903,3635,365,4
35549,2903,3635,384,3.5
35550,2903,3635,405,4
35551,2903,3635,407,3
35552,2903,3635,423,3.5
35553,2903,3635,452,2
35554,2903,3635,471,4
35555,2903,3635,505,3.5
35556,2903,3635,525,5
35557,2903,3635,529,3
35558,2903,3635,564,5
35559,2903,3635,592,5
35560,2903,3635,624,4
35561,2903,3635,654,4
35562,2902,3634,15,2
35563,2902,3634,34,5
35564,2902,3634,311,3.5
35565,2902,3634,336,3
35566,2902,3634,452,4
35567,2902,3634,468,3
35568,2901,3633,15,4
35569,2901,3633,66,5
35570,2901,3633,102,4
35571,2901,3633,196,4
35572,2901,3633,226,3
35573,2901,3633,294,2.5
35574,2901,3633,311,2
35575,2901,3633,353,3
35576,2901,3633,405,4.5
35577,2901,3633,471,4.5
35578,2901,3633,564,4
35579,2901,3633,624,3.5
35580,2900,3632,236,5
35581,2900,3632,468,3.5
35582,2900,3632,648,3.5
35583,2899,3629,23,4
35584,2899,3629,178,3.5
35585,2899,3629,195,4
35586,2899,3629,265,4
35587,2899,3629,297,3.5
35588,2899,3629,468,4.5
35589,2899,3629,481,5
35590,2899,3629,505,3
35591,2899,3629,509,4
35592,2899,3629,585,5
35593,2899,3629,648,4
35594,2898,3628,49,4
35595,2897,3627,346,5
35596,2897,3627,564,4
35597,2897,3627,585,4
35598,2896,3626,15,3
35599,2896,3626,71,4
35600,2896,3626,299,4.5
35601,2895,3624,13,3
35602,2895,3624,15,2
35603,2895,3624,43,3
35604,2895,3624,84,4
35605,2895,3624,129,3
35606,2895,3624,166,4
35607,2895,3624,196,5
35608,2895,3624,212,2
35609,2895,3624,213,3
35610,2895,3624,214,4
35611,2895,3624,240,2.5
35612,2895,3624,294,3
35613,2895,3624,311,3.5
35614,2895,3624,346,5
35615,2895,3624,350,4
35616,2895,3624,351,4
35617,2895,3624,353,2.5
35618,2895,3624,366,4
35619,2895,3624,367,1
35620,2895,3624,380,4
35621,2895,3624,388,3
35622,2895,3624,402,3.5
35623,2895,3624,423,3
35624,2895,3624,427,4
35625,2895,3624,453,3
35626,2895,3624,457,1.5
35627,2895,3624,460,4
35628,2895,3624,468,2
35629,2895,3624,475,2
35630,2895,3624,500,4
35631,2895,3624,509,2.5
35632,2895,3624,558,4
35633,2895,3624,570,3
35634,2895,3624,580,3.5
35635,2895,3624,612,3
35636,2895,3624,615,3.5
35637,2895,3624,624,2
35638,2895,3624,654,4
35639,2894,3623,14,3
35640,2894,3623,15,1
35641,2894,3623,16,4
35642,2894,3623,22,2.5
35643,2894,3623,23,2
35644,2894,3623,59,1
35645,2894,3623,73,2
35646,2894,3623,77,1.5
35647,2894,3623,78,5
35648,2894,3623,84,3.5
35649,2894,3623,91,4
35650,2894,3623,95,3
35651,2894,3623,129,4
35652,2894,3623,130,0.5
35653,2894,3623,134,4
35654,2894,3623,141,3
35655,2894,3623,150,3
35656,2894,3623,157,1.5
35657,2894,3623,165,0.5
35658,2894,3623,189,3
35659,2894,3623,196,4
35660,2894,3623,200,3
35661,2894,3623,212,3
35662,2894,3623,214,1
35663,2894,3623,219,4
35664,2894,3623,220,4
35665,2894,3623,235,3.5
35666,2894,3623,243,3
35667,2894,3623,268,3
35668,2894,3623,271,3
35669,2894,3623,282,4
35670,2894,3623,287,3.5
35671,2894,3623,292,3
35672,2894,3623,294,3
35673,2894,3623,300,4.5
35674,2894,3623,311,3.5
35675,2894,3623,312,1
35676,2894,3623,313,4
35677,2894,3623,316,4
35678,2894,3623,327,4.5
35679,2894,3623,350,4
35680,2894,3623,367,5
35681,2894,3623,384,4
35682,2894,3623,386,3
35683,2894,3623,394,3.5
35684,2894,3623,405,2
35685,2894,3623,412,3
35686,2894,3623,419,2.5
35687,2894,3623,428,1
35688,2894,3623,430,2.5
35689,2894,3623,452,3
35690,2894,3623,453,2
35691,2894,3623,455,3.5
35692,2894,3623,461,1.5
35693,2894,3623,463,2
35694,2894,3623,468,2.5
35695,2894,3623,475,2.5
35696,2894,3623,476,4
35697,2894,3623,483,3.5
35698,2894,3623,501,3.5
35699,2894,3623,520,1
35700,2894,3623,522,1.5
35701,2894,3623,553,3.5
35702,2894,3623,560,4
35703,2894,3623,561,3
35704,2894,3623,564,1
35705,2894,3623,570,5
35706,2894,3623,574,3.5
35707,2894,3623,584,3
35708,2894,3623,595,2
35709,2894,3623,596,3
35710,2894,3623,598,2
35711,2894,3623,607,3.5
35712,2894,3623,611,4
35713,2894,3623,614,4
35714,2894,3623,615,3.5
35715,2894,3623,624,2
35716,2894,3623,626,1
35717,2894,3623,656,5
35718,2894,3623,664,4
35719,2894,3623,665,4
35720,2893,3622,358,4
35721,2893,3622,547,4
35722,2892,3621,262,3.5
35723,2891,3620,196,2
35724,2891,3620,407,4
35725,2890,3619,564,3
35726,2889,3618,15,2
35727,2889,3618,23,3
35728,2889,3618,30,4
35729,2889,3618,102,4
35730,2889,3618,129,3
35731,2889,3618,196,2
35732,2889,3618,222,4
35733,2889,3618,468,2.5
35734,2889,3618,509,4
35735,2889,3618,624,4
35736,2888,3617,15,4
35737,2888,3617,33,4
35738,2888,3617,73,2.5
35739,2888,3617,78,4.5
35740,2888,3617,95,5
35741,2888,3617,129,3
35742,2888,3617,149,2.5
35743,2888,3617,150,4.5
35744,2888,3617,165,2.5
35745,2888,3617,186,1
35746,2888,3617,203,4
35747,2888,3617,212,1
35748,2888,3617,262,2.5
35749,2888,3617,297,2
35750,2888,3617,313,3
35751,2888,3617,340,2.5
35752,2888,3617,350,5
35753,2888,3617,380,3
35754,2888,3617,384,3.5
35755,2888,3617,388,3
35756,2888,3617,398,3
35757,2888,3617,402,3
35758,2888,3617,412,3
35759,2888,3617,439,2
35760,2888,3617,457,2
35761,2888,3617,461,2
35762,2888,3617,509,1
35763,2888,3617,522,3.5
35764,2888,3617,574,3
35765,2888,3617,581,3
35766,2888,3617,592,4
35767,2888,3617,596,3
35768,2888,3617,598,4
35769,2888,3617,607,3.5
35770,2888,3617,624,4
35771,2888,3617,655,5
35772,2888,3617,665,2
35773,2887,3616,129,3
35774,2887,3616,294,3.5
35775,2887,3616,412,1
35776,2886,3615,118,4
35777,2886,3615,128,2
35778,2886,3615,129,4
35779,2886,3615,163,2
35780,2886,3615,213,3.5
35781,2886,3615,328,2.5
35782,2886,3615,380,3
35783,2886,3615,381,5
35784,2886,3615,475,1.5
35785,2886,3615,580,3
35786,2886,3615,595,2
35787,2886,3615,626,3
35788,2886,3615,665,4
35789,2885,3614,30,4
35790,2885,3614,102,4
35791,2885,3614,105,4
35792,2885,3614,196,2
35793,2885,3614,306,4
35794,2885,3614,358,3
35795,2885,3614,374,2
35796,2885,3614,381,3
35797,2885,3614,388,4
35798,2885,3614,422,4
35799,2885,3614,452,3
35800,2885,3614,534,3
35801,2885,3614,547,0.5
35802,2885,3614,564,4
35803,2885,3614,596,3.5
35804,2885,3614,605,3
35805,2885,3614,624,4
35806,2884,3613,30,4
35807,2884,3613,547,2
35808,2883,3612,294,5
35809,2882,3611,294,3
35810,2881,3609,102,4
35811,2881,3609,452,4.5
35812,2880,3608,30,4
35813,2880,3608,33,4
35814,2880,3608,56,2
35815,2880,3608,60,4
35816,2880,3608,102,4
35817,2880,3608,111,3.5
35818,2880,3608,130,4
35819,2880,3608,187,0.5
35820,2880,3608,195,1
35821,2880,3608,214,3
35822,2880,3608,285,3
35823,2880,3608,294,2
35824,2880,3608,358,2
35825,2880,3608,407,5
35826,2880,3608,439,4
35827,2880,3608,457,3.5
35828,2880,3608,461,4
35829,2880,3608,463,2
35830,2880,3608,468,3.5
35831,2880,3608,472,4
35832,2880,3608,509,3
35833,2880,3608,519,4
35834,2880,3608,529,4
35835,2880,3608,564,5
35836,2880,3608,585,4
35837,2880,3608,598,3
35838,2880,3608,606,3
35839,2880,3608,624,1
35840,2880,3608,654,4.5
35841,2879,3606,56,5
35842,2879,3606,102,5
35843,2879,3606,294,4
35844,2879,3606,387,4
35845,2879,3606,407,4
35846,2879,3606,529,4
35847,2879,3606,547,3
35848,2879,3606,575,5
35849,2879,3606,595,3
35850,2878,3605,564,1
35851,2878,3605,575,2
35852,2877,3604,294,3
35853,2877,3604,387,5
35854,2877,3604,547,4
35855,2877,3604,564,4
35856,2877,3604,575,3
35857,2876,3602,575,2
35858,2875,3600,358,3
35859,2875,3600,387,3
35860,2875,3600,575,4
35861,2875,3600,605,3
35862,2874,3599,294,4
35863,2874,3599,387,3
35864,2874,3599,575,4
35865,2874,3599,605,4
35866,2873,3598,15,3
35867,2873,3598,17,4
35868,2873,3598,129,4
35869,2873,3598,222,5
35870,2873,3598,407,5
35871,2873,3598,412,2
35872,2872,3596,624,1
35873,2871,3594,128,4
35874,2871,3594,169,3.5
35875,2871,3594,196,4
35876,2871,3594,222,4
35877,2871,3594,235,3.5
35878,2871,3594,294,4.5
35879,2871,3594,382,5
35880,2871,3594,407,4
35881,2871,3594,427,3
35882,2871,3594,451,2
35883,2871,3594,582,4.5
35884,2871,3594,605,3
35885,2870,3593,41,4
35886,2870,3593,73,0.5
35887,2870,3593,94,0.5
35888,2870,3593,129,1
35889,2870,3593,165,0.5
35890,2870,3593,196,2
35891,2870,3593,213,1
35892,2870,3593,355,1.5
35893,2870,3593,380,1
35894,2870,3593,386,1
35895,2870,3593,520,0.5
35896,2870,3593,533,1
35897,2870,3593,541,1
35898,2870,3593,563,2
35899,2870,3593,580,1
35900,2870,3593,598,1
35901,2870,3593,615,1.5
35902,2870,3593,624,1
35903,2870,3593,626,1
35904,2869,3591,102,3
35905,2869,3591,160,4
35906,2869,3591,195,1
35907,2869,3591,196,4
35908,2869,3591,239,4
35909,2869,3591,242,4
35910,2869,3591,301,2
35911,2869,3591,311,3
35912,2869,3591,358,4
35913,2869,3591,439,3
35914,2869,3591,452,3
35915,2869,3591,461,3.5
35916,2869,3591,463,3
35917,2869,3591,533,3
35918,2869,3591,564,4
35919,2869,3591,575,4
35920,2869,3591,621,5
35921,2869,3591,624,2
35922,2868,3590,102,4
35923,2868,3590,564,4
35924,2868,3590,581,0.5
35925,2867,3588,102,4
35926,2867,3588,585,4
35927,2866,3587,564,4
35928,2865,3584,105,3.5
35929,2865,3584,160,4
35930,2865,3584,306,3
35931,2865,3584,564,4
35932,2864,3581,73,4
35933,2864,3581,199,3
35934,2864,3581,220,5
35935,2864,3581,298,5
35936,2864,3581,430,3.5
35937,2864,3581,452,3.5
35938,2863,3580,222,5
35939,2862,3579,196,3
35940,2862,3579,452,3
35941,2862,3579,605,1
35942,2861,3578,8,5
35943,2861,3578,15,2
35944,2861,3578,17,4
35945,2861,3578,22,3
35946,2861,3578,23,4
35947,2861,3578,26,2.5
35948,2861,3578,30,4
35949,2861,3578,38,4.5
35950,2861,3578,48,5
35951,2861,3578,59,4
35952,2861,3578,63,5
35953,2861,3578,68,2.5
35954,2861,3578,72,3
35955,2861,3578,73,4
35956,2861,3578,77,3
35957,2861,3578,78,5
35958,2861,3578,79,3
35959,2861,3578,81,3.5
35960,2861,3578,84,4
35961,2861,3578,88,2
35962,2861,3578,89,5
35963,2861,3578,91,4
35964,2861,3578,94,5
35965,2861,3578,95,5
35966,2861,3578,97,0.5
35967,2861,3578,99,1
35968,2861,3578,103,4
35969,2861,3578,104,4
35970,2861,3578,105,4.5
35971,2861,3578,111,3.5
35972,2861,3578,115,4.5
35973,2861,3578,118,5
35974,2861,3578,123,3
35975,2861,3578,124,4.5
35976,2861,3578,128,5
35977,2861,3578,129,4
35978,2861,3578,130,3.5
35979,2861,3578,134,3
35980,2861,3578,136,5
35981,2861,3578,138,2
35982,2861,3578,150,4.5
35983,2861,3578,152,4
35984,2861,3578,163,3.5
35985,2861,3578,165,3.5
35986,2861,3578,166,5
35987,2861,3578,178,3
35988,2861,3578,186,4
35989,2861,3578,189,5
35990,2861,3578,195,5
35991,2861,3578,196,4
35992,2861,3578,199,4
35993,2861,3578,212,5
35994,2861,3578,213,2
35995,2861,3578,214,5
35996,2861,3578,217,4
35997,2861,3578,220,3
35998,2861,3578,222,4
35999,2861,3578,236,2.5
36000,2861,3578,243,4.5
36001,2861,3578,244,3
36002,2861,3578,245,5
36003,2861,3578,250,4.5
36004,2861,3578,251,5
36005,2861,3578,253,4.5
36006,2861,3578,260,5
36007,2861,3578,262,2.5
36008,2861,3578,268,5
36009,2861,3578,271,5
36010,2861,3578,275,5
36011,2861,3578,282,4
36012,2861,3578,291,4.5
36013,2861,3578,292,4
36014,2861,3578,294,4
36015,2861,3578,295,4
36016,2861,3578,300,4.5
36017,2861,3578,309,4
36018,2861,3578,311,3.5
36019,2861,3578,312,5
36020,2861,3578,313,4.5
36021,2861,3578,316,4
36022,2861,3578,320,3.5
36023,2861,3578,324,3.5
36024,2861,3578,339,5
36025,2861,3578,340,4
36026,2861,3578,345,2
36027,2861,3578,353,2.5
36028,2861,3578,355,4
36029,2861,3578,367,4.5
36030,2861,3578,370,4.5
36031,2861,3578,379,4
36032,2861,3578,380,5
36033,2861,3578,381,3
36034,2861,3578,384,4
36035,2861,3578,386,3
36036,2861,3578,388,4
36037,2861,3578,398,4
36038,2861,3578,405,4.5
36039,2861,3578,407,3
36040,2861,3578,412,5
36041,2861,3578,417,4
36042,2861,3578,418,4.5
36043,2861,3578,425,4
36044,2861,3578,430,4
36045,2861,3578,431,4.5
36046,2861,3578,433,3
36047,2861,3578,441,3
36048,2861,3578,442,5
36049,2861,3578,450,1
36050,2861,3578,452,4
36051,2861,3578,453,3
36052,2861,3578,456,4
36053,2861,3578,457,2.5
36054,2861,3578,458,4.5
36055,2861,3578,461,3.5
36056,2861,3578,463,5
36057,2861,3578,471,4
36058,2861,3578,472,4
36059,2861,3578,473,5
36060,2861,3578,474,4
36061,2861,3578,475,4
36062,2861,3578,476,3
36063,2861,3578,480,5
36064,2861,3578,481,4
36065,2861,3578,494,4.5
36066,2861,3578,501,4.5
36067,2861,3578,505,3
36068,2861,3578,509,3
36069,2861,3578,512,5
36070,2861,3578,520,4.5
36071,2861,3578,522,4.5
36072,2861,3578,523,5
36073,2861,3578,524,4.5
36074,2861,3578,525,5
36075,2861,3578,527,4.5
36076,2861,3578,532,4
36077,2861,3578,541,3
36078,2861,3578,544,4
36079,2861,3578,547,3
36080,2861,3578,553,5
36081,2861,3578,558,5
36082,2861,3578,561,3.5
36083,2861,3578,562,4
36084,2861,3578,580,4
36085,2861,3578,584,3
36086,2861,3578,586,3.5
36087,2861,3578,592,5
36088,2861,3578,595,5
36089,2861,3578,596,4.5
36090,2861,3578,598,4
36091,2861,3578,607,4.5
36092,2861,3578,608,4
36093,2861,3578,613,4.5
36094,2861,3578,615,4.5
36095,2861,3578,620,3
36096,2861,3578,624,4
36097,2861,3578,626,2
36098,2861,3578,627,4
36099,2861,3578,654,4
36100,2861,3578,656,5
36101,2861,3578,664,5
36102,2861,3578,665,5
36103,2860,3577,15,3.5
36104,2860,3577,306,2
36105,2860,3577,405,4.5
36106,2860,3577,564,4
36107,2859,3576,199,3
36108,2859,3576,564,5
36109,2858,3575,652,5
36110,2857,3574,73,0.5
36111,2857,3574,564,1
36112,2856,3573,73,0.5
36113,2856,3573,564,4
36114,2855,3572,196,1
36115,2855,3572,564,2
36116,2854,3571,15,4
36117,2854,3571,382,1
36118,2854,3571,388,3
36119,2854,3571,509,3
36120,2854,3571,547,2.5
36121,2853,3569,15,4
36122,2853,3569,23,1
36123,2853,3569,220,3
36124,2853,3569,262,2
36125,2853,3569,299,4.5
36126,2853,3569,544,4
36127,2853,3569,608,5
36128,2852,3568,33,3
36129,2851,3567,222,2
36130,2850,3566,15,3
36131,2850,3566,30,2
36132,2850,3566,33,2
36133,2850,3566,102,4
36134,2850,3566,220,3
36135,2850,3566,222,5
36136,2850,3566,245,5
36137,2850,3566,387,4
36138,2850,3566,407,4
36139,2850,3566,509,2
36140,2850,3566,520,2.5
36141,2849,3565,102,3
36142,2849,3565,117,4
36143,2849,3565,175,3
36144,2849,3565,196,4
36145,2849,3565,296,4
36146,2849,3565,452,2
36147,2849,3565,547,2
36148,2849,3565,564,3
36149,2849,3565,626,5
36150,2849,3565,656,5
36151,2849,3565,665,2
36152,2848,3564,37,4
36153,2848,3564,102,2
36154,2848,3564,140,3.5
36155,2848,3564,189,1
36156,2848,3564,285,1
36157,2848,3564,294,3.5
36158,2848,3564,475,0.5
36159,2848,3564,564,2
36160,2848,3564,598,1
36161,2848,3564,624,2
36162,2848,3564,626,3
36163,2847,3563,119,1
36164,2847,3563,665,2
36165,2846,3560,481,4
36166,2845,3559,23,2
36167,2845,3559,236,4.5
36168,2845,3559,387,3
36169,2845,3559,468,3.5
36170,2845,3559,505,3
36171,2845,3559,648,4
36172,2844,3557,30,4
36173,2844,3557,105,3
36174,2844,3557,196,3
36175,2844,3557,388,3
36176,2844,3557,534,3
36177,2844,3557,564,5
36178,2843,3556,15,3
36179,2843,3556,30,4
36180,2843,3556,41,4
36181,2843,3556,78,3
36182,2843,3556,128,3
36183,2843,3556,149,4
36184,2843,3556,156,4.5
36185,2843,3556,183,4
36186,2843,3556,185,4
36187,2843,3556,187,3
36188,2843,3556,212,4
36189,2843,3556,220,4
36190,2843,3556,222,5
36191,2843,3556,245,1
36192,2843,3556,262,4
36193,2843,3556,275,5
36194,2843,3556,292,3.5
36195,2843,3556,299,4
36196,2843,3556,350,4
36197,2843,3556,388,4
36198,2843,3556,427,3
36199,2843,3556,439,4
36200,2843,3556,451,3
36201,2843,3556,452,2
36202,2843,3556,457,4
36203,2843,3556,463,2
36204,2843,3556,472,3
36205,2843,3556,509,3
36206,2843,3556,596,4.5
36207,2843,3556,608,4
36208,2842,3555,15,1
36209,2842,3555,20,2
36210,2842,3555,43,2
36211,2842,3555,58,5
36212,2842,3555,73,2
36213,2842,3555,128,2
36214,2842,3555,165,3
36215,2842,3555,195,3
36216,2842,3555,196,3
36217,2842,3555,212,4
36218,2842,3555,214,4
36219,2842,3555,220,3
36220,2842,3555,289,0.5
36221,2842,3555,311,3.5
36222,2842,3555,353,1.5
36223,2842,3555,380,4
36224,2842,3555,398,4
36225,2842,3555,452,4
36226,2842,3555,463,3
36227,2842,3555,468,2
36228,2842,3555,509,3
36229,2842,3555,546,4
36230,2842,3555,549,1
36231,2842,3555,608,2
36232,2842,3555,614,4
36233,2842,3555,624,2
36234,2842,3555,632,3.5
36235,2842,3555,664,3.5
36236,2842,3555,665,4
36237,2841,3554,73,3
36238,2841,3554,128,4
36239,2841,3554,165,4
36240,2840,3553,128,4
36241,2839,3552,15,2
36242,2839,3552,33,3
36243,2839,3552,56,2
36244,2839,3552,73,4
36245,2839,3552,83,4
36246,2839,3552,97,1.5
36247,2839,3552,102,4
36248,2839,3552,105,3.5
36249,2839,3552,120,5
36250,2839,3552,125,4.5
36251,2839,3552,134,4.5
36252,2839,3552,136,3
36253,2839,3552,178,2.5
36254,2839,3552,193,5
36255,2839,3552,195,2
36256,2839,3552,196,4
36257,2839,3552,204,4
36258,2839,3552,212,1
36259,2839,3552,214,3
36260,2839,3552,217,5
36261,2839,3552,232,3
36262,2839,3552,239,4
36263,2839,3552,262,1.5
36264,2839,3552,294,3.5
36265,2839,3552,296,0.5
36266,2839,3552,303,3
36267,2839,3552,309,5
36268,2839,3552,353,2.5
36269,2839,3552,358,4
36270,2839,3552,367,3
36271,2839,3552,380,4
36272,2839,3552,407,2
36273,2839,3552,423,4
36274,2839,3552,425,2.5
36275,2839,3552,430,2.5
36276,2839,3552,442,5
36277,2839,3552,452,2
36278,2839,3552,457,3.5
36279,2839,3552,463,4
36280,2839,3552,468,2.5
36281,2839,3552,505,4
36282,2839,3552,509,4.5
36283,2839,3552,519,3.5
36284,2839,3552,561,4
36285,2839,3552,564,4
36286,2839,3552,575,4
36287,2839,3552,577,5
36288,2839,3552,580,3.5
36289,2839,3552,598,5
36290,2839,3552,604,3
36291,2839,3552,612,4
36292,2839,3552,624,4.5
36293,2839,3552,634,2
36294,2839,3552,661,4.5
36295,2838,3551,30,4
36296,2838,3551,34,4
36297,2838,3551,102,5
36298,2838,3551,159,4
36299,2838,3551,214,4
36300,2838,3551,258,4
36301,2838,3551,417,4.5
36302,2838,3551,452,4
36303,2838,3551,468,3.5
36304,2838,3551,472,5
36305,2838,3551,493,3
36306,2838,3551,529,3
36307,2838,3551,547,2.5
36308,2838,3551,554,5
36309,2838,3551,564,3
36310,2838,3551,587,4.5
36311,2838,3551,628,3.5
36312,2837,3550,102,5
36313,2837,3550,493,3
36314,2837,3550,580,3
36315,2836,3549,30,4
36316,2836,3549,102,5
36317,2836,3549,185,3
36318,2836,3549,195,3
36319,2836,3549,212,3.5
36320,2836,3549,222,2
36321,2836,3549,258,4
36322,2836,3549,294,4
36323,2836,3549,306,3
36324,2836,3549,358,2
36325,2836,3549,376,4
36326,2836,3549,382,3
36327,2836,3549,387,2
36328,2836,3549,472,4
36329,2836,3549,529,3
36330,2836,3549,575,4
36331,2836,3549,595,4
36332,2836,3549,605,4
36333,2835,3548,30,4
36334,2835,3548,102,4
36335,2835,3548,119,5
36336,2835,3548,232,4
36337,2835,3548,239,5
36338,2835,3548,258,4
36339,2835,3548,387,4
36340,2835,3548,439,4
36341,2835,3548,452,3
36342,2835,3548,493,4
36343,2835,3548,529,2
36344,2835,3548,564,3
36345,2835,3548,575,3
36346,2835,3548,605,5
36347,2835,3548,621,4.5
36348,2835,3548,656,5
36349,2834,3547,102,4
36350,2834,3547,564,5
36351,2834,3547,587,3.5
36352,2834,3547,609,1
36353,2833,3546,23,4
36354,2833,3546,30,4
36355,2833,3546,102,5
36356,2833,3546,134,4.5
36357,2833,3546,195,3
36358,2833,3546,231,3
36359,2833,3546,232,2
36360,2833,3546,258,5
36361,2833,3546,294,3.5
36362,2833,3546,423,4.5
36363,2833,3546,452,3
36364,2833,3546,529,4
36365,2833,3546,547,5
36366,2833,3546,564,5
36367,2833,3546,575,2
36368,2833,3546,587,4
36369,2832,3545,30,4
36370,2832,3545,102,4
36371,2832,3545,185,2
36372,2832,3545,232,4
36373,2832,3545,255,4
36374,2832,3545,265,5
36375,2832,3545,294,2
36376,2832,3545,301,5
36377,2832,3545,306,3
36378,2832,3545,387,5
36379,2832,3545,431,3
36380,2832,3545,452,3
36381,2832,3545,474,4
36382,2832,3545,505,3.5
36383,2832,3545,529,4
36384,2832,3545,547,4.5
36385,2832,3545,564,5
36386,2832,3545,575,2
36387,2832,3545,576,5
36388,2832,3545,578,1.5
36389,2832,3545,585,4
36390,2832,3545,595,5
36391,2831,3544,102,4
36392,2831,3544,239,4
36393,2831,3544,564,3
36394,2830,3543,15,2
36395,2830,3543,30,5
36396,2830,3543,51,4
36397,2830,3543,102,4
36398,2830,3543,118,4
36399,2830,3543,142,3
36400,2830,3543,193,3
36401,2830,3543,195,3
36402,2830,3543,198,4.5
36403,2830,3543,232,4
36404,2830,3543,242,5
36405,2830,3543,258,5
36406,2830,3543,345,5
36407,2830,3543,358,5
36408,2830,3543,387,4
36409,2830,3543,452,5
36410,2830,3543,472,4
36411,2830,3543,509,4
36412,2830,3543,529,4
36413,2830,3543,547,3
36414,2830,3543,564,4
36415,2830,3543,605,3
36416,2829,3540,222,4
36417,2829,3540,547,2
36418,2828,3539,220,4
36419,2828,3539,388,4
36420,2828,3539,472,4.5
36421,2827,3538,15,1.5
36422,2827,3538,37,4
36423,2827,3538,102,3
36424,2827,3538,139,4.5
36425,2827,3538,220,5
36426,2827,3538,222,4
36427,2827,3538,407,4
36428,2827,3538,427,3
36429,2827,3538,608,4
36430,2826,3537,30,4
36431,2826,3537,196,3
36432,2826,3537,265,4
36433,2826,3537,547,2
36434,2826,3537,605,1
36435,2826,3537,624,3
36436,2825,3536,15,4
36437,2825,3536,30,4
36438,2825,3536,150,3
36439,2825,3536,196,5
36440,2825,3536,219,4
36441,2825,3536,220,3
36442,2825,3536,222,5
36443,2825,3536,262,0.5
36444,2825,3536,264,2
36445,2825,3536,294,4.5
36446,2825,3536,358,3
36447,2825,3536,380,3
36448,2825,3536,412,3
36449,2825,3536,461,3
36450,2825,3536,547,4.5
36451,2825,3536,624,4
36452,2825,3536,654,3.5
36453,2825,3536,665,4
36454,2824,3535,15,1
36455,2824,3535,17,4.5
36456,2824,3535,22,4.5
36457,2824,3535,23,4
36458,2824,3535,30,3
36459,2824,3535,43,1
36460,2824,3535,58,1
36461,2824,3535,73,4.5
36462,2824,3535,95,3
36463,2824,3535,119,2
36464,2824,3535,128,1
36465,2824,3535,149,3.5
36466,2824,3535,157,4
36467,2824,3535,165,2
36468,2824,3535,187,3.5
36469,2824,3535,212,4
36470,2824,3535,220,4
36471,2824,3535,230,4
36472,2824,3535,243,3
36473,2824,3535,262,3
36474,2824,3535,270,4
36475,2824,3535,286,1
36476,2824,3535,299,2.5
36477,2824,3535,332,3
36478,2824,3535,353,4
36479,2824,3535,355,4
36480,2824,3535,378,4.5
36481,2824,3535,381,1
36482,2824,3535,384,2.5
36483,2824,3535,386,3
36484,2824,3535,388,3
36485,2824,3535,407,3
36486,2824,3535,412,1
36487,2824,3535,427,4
36488,2824,3535,433,4
36489,2824,3535,439,2
36490,2824,3535,452,2
36491,2824,3535,461,3
36492,2824,3535,472,3
36493,2824,3535,475,4
36494,2824,3535,480,3.5
36495,2824,3535,481,4
36496,2824,3535,519,5
36497,2824,3535,544,4.5
36498,2824,3535,560,4.5
36499,2824,3535,564,4
36500,2824,3535,571,4.5
36501,2824,3535,580,4
36502,2824,3535,596,4.5
36503,2824,3535,608,4
36504,2824,3535,654,4
36505,2823,3534,15,1
36506,2823,3534,111,1
36507,2823,3534,134,5
36508,2823,3534,142,3
36509,2823,3534,150,3
36510,2823,3534,196,4
36511,2823,3534,213,2
36512,2823,3534,239,4
36513,2823,3534,380,2
36514,2823,3534,412,2
36515,2823,3534,414,2
36516,2823,3534,452,3
36517,2823,3534,463,3
36518,2823,3534,472,2
36519,2823,3534,479,3
36520,2823,3534,481,2.5
36521,2823,3534,558,4
36522,2823,3534,564,4
36523,2823,3534,585,3
36524,2823,3534,598,3
36525,2823,3534,624,2
36526,2823,3534,626,4
36527,2823,3534,656,4
36528,2823,3534,665,4
36529,2822,3531,306,2
36530,2821,3529,30,4
36531,2821,3529,102,4
36532,2821,3529,105,3
36533,2821,3529,195,3
36534,2821,3529,258,5
36535,2821,3529,358,2
36536,2821,3529,505,3.5
36537,2821,3529,529,3
36538,2821,3529,564,5
36539,2820,3528,30,2
36540,2820,3528,102,2
36541,2820,3528,128,4
36542,2820,3528,258,4
36543,2820,3528,306,4
36544,2820,3528,312,2
36545,2820,3528,358,2
36546,2820,3528,388,2
36547,2820,3528,452,1
36548,2820,3528,461,1.5
36549,2820,3528,463,3
36550,2820,3528,533,3
36551,2820,3528,547,3
36552,2820,3528,564,4
36553,2819,3527,15,3
36554,2819,3527,22,4
36555,2819,3527,34,4
36556,2819,3527,48,3
36557,2819,3527,66,3
36558,2819,3527,73,3.5
36559,2819,3527,77,4
36560,2819,3527,97,1
36561,2819,3527,101,3.5
36562,2819,3527,103,3.5
36563,2819,3527,105,3.5
36564,2819,3527,119,4
36565,2819,3527,120,4
36566,2819,3527,130,4
36567,2819,3527,134,4.5
36568,2819,3527,157,3.5
36569,2819,3527,195,3
36570,2819,3527,199,4
36571,2819,3527,214,5
36572,2819,3527,232,5
36573,2819,3527,239,3
36574,2819,3527,243,3.5
36575,2819,3527,248,5
36576,2819,3527,253,4
36577,2819,3527,258,4
36578,2819,3527,285,2
36579,2819,3527,295,4.5
36580,2819,3527,312,1
36581,2819,3527,346,3
36582,2819,3527,353,3
36583,2819,3527,355,4
36584,2819,3527,358,3
36585,2819,3527,384,3.5
36586,2819,3527,388,5
36587,2819,3527,401,4
36588,2819,3527,404,5
36589,2819,3527,439,3
36590,2819,3527,457,2
36591,2819,3527,461,3.5
36592,2819,3527,463,4
36593,2819,3527,468,2.5
36594,2819,3527,471,4
36595,2819,3527,483,5
36596,2819,3527,533,3
36597,2819,3527,560,4
36598,2819,3527,564,4
36599,2819,3527,580,3.5
36600,2819,3527,592,5
36601,2819,3527,607,3.5
36602,2819,3527,624,1
36603,2819,3527,654,4.5
36604,2819,3527,664,3
36605,2819,3527,665,3
36606,2818,3526,30,4
36607,2818,3526,102,2
36608,2818,3526,111,3.5
36609,2818,3526,195,1
36610,2818,3526,201,4
36611,2818,3526,212,2.5
36612,2818,3526,242,4
36613,2818,3526,306,4
36614,2818,3526,358,4
36615,2818,3526,367,3.5
36616,2818,3526,388,4
36617,2818,3526,439,3
36618,2818,3526,442,4.5
36619,2818,3526,452,5
36620,2818,3526,460,4
36621,2818,3526,509,4
36622,2818,3526,529,4
36623,2818,3526,547,2
36624,2818,3526,564,4
36625,2818,3526,577,5
36626,2818,3526,604,2
36627,2818,3526,624,4
36628,2818,3526,654,4.5
36629,2817,3525,43,3
36630,2817,3525,306,4
36631,2817,3525,358,3
36632,2817,3525,463,3
36633,2817,3525,564,4
36634,2816,3524,30,3
36635,2816,3524,58,4
36636,2816,3524,125,4
36637,2816,3524,142,3
36638,2816,3524,160,3
36639,2816,3524,232,5
36640,2816,3524,239,4
36641,2816,3524,258,4
36642,2816,3524,306,5
36643,2816,3524,358,5
36644,2816,3524,405,3.5
36645,2816,3524,468,3
36646,2816,3524,547,4
36647,2816,3524,564,5
36648,2816,3524,575,3
36649,2816,3524,624,3
36650,2816,3524,656,4
36651,2815,3522,387,2
36652,2814,3521,102,4
36653,2814,3521,299,4
36654,2814,3521,407,4
36655,2814,3521,451,5
36656,2814,3521,470,4
36657,2814,3521,472,4
36658,2814,3521,486,4
36659,2814,3521,547,3
36660,2814,3521,564,4
36661,2814,3521,580,3
36662,2814,3521,585,4
36663,2813,3520,232,1
36664,2813,3520,294,4
36665,2813,3520,605,3
36666,2812,3519,49,2
36667,2812,3519,102,4
36668,2812,3519,195,3
36669,2812,3519,258,4
36670,2812,3519,463,4
36671,2812,3519,575,4
36672,2811,3518,564,2
36673,2810,3516,195,3
36674,2810,3516,311,1.5
36675,2810,3516,328,2.5
36676,2810,3516,452,4
36677,2810,3516,547,2.5
36678,2810,3516,564,4
36679,2810,3516,575,3
36680,2810,3516,605,4
36681,2809,3515,43,4
36682,2809,3515,222,4
36683,2809,3515,231,4
36684,2809,3515,439,2
36685,2809,3515,452,3
36686,2808,3513,30,5
36687,2808,3513,141,2
36688,2808,3513,242,4
36689,2808,3513,350,4
36690,2808,3513,452,3
36691,2808,3513,461,2
36692,2808,3513,528,3
36693,2807,3512,15,3
36694,2807,3512,117,5
36695,2807,3512,190,4
36696,2807,3512,196,4
36697,2807,3512,242,5
36698,2807,3512,294,5
36699,2807,3512,311,4
36700,2807,3512,351,4
36701,2807,3512,412,2
36702,2807,3512,418,3
36703,2807,3512,452,3
36704,2807,3512,465,3.5
36705,2807,3512,468,2
36706,2807,3512,529,3
36707,2807,3512,547,1
36708,2807,3512,558,5
36709,2807,3512,569,4
36710,2807,3512,598,3
36711,2807,3512,652,4
36712,2806,3511,102,1
36713,2806,3511,412,1
36714,2806,3511,624,3
36715,2806,3511,626,3
36716,2805,3510,3,4
36717,2805,3510,15,2
36718,2805,3510,23,3.5
36719,2805,3510,43,4
36720,2805,3510,51,5
36721,2805,3510,58,5
36722,2805,3510,68,4.5
36723,2805,3510,75,0.5
36724,2805,3510,95,5
36725,2805,3510,150,3.5
36726,2805,3510,165,3
36727,2805,3510,170,2
36728,2805,3510,189,3
36729,2805,3510,196,5
36730,2805,3510,213,3.5
36731,2805,3510,220,3
36732,2805,3510,229,4
36733,2805,3510,235,5
36734,2805,3510,295,3.5
36735,2805,3510,311,3.5
36736,2805,3510,353,3
36737,2805,3510,380,3
36738,2805,3510,388,4
36739,2805,3510,405,3.5
36740,2805,3510,452,3.5
36741,2805,3510,461,1.5
36742,2805,3510,468,2.5
36743,2805,3510,469,4
36744,2805,3510,505,3
36745,2805,3510,509,3
36746,2805,3510,558,3
36747,2805,3510,564,4
36748,2805,3510,575,4
36749,2805,3510,592,4
36750,2805,3510,596,3
36751,2805,3510,605,5
36752,2805,3510,610,3
36753,2805,3510,613,3
36754,2805,3510,626,4
36755,2805,3510,654,4.5
36756,2805,3510,665,5
36757,2804,3509,150,3
36758,2804,3509,388,3
36759,2804,3509,558,4
36760,2803,3508,34,4
36761,2803,3508,102,5
36762,2803,3508,232,4
36763,2803,3508,239,4
36764,2803,3508,258,5
36765,2803,3508,328,3.5
36766,2803,3508,472,5
36767,2803,3508,529,2
36768,2803,3508,547,3
36769,2803,3508,564,4
36770,2803,3508,608,5
36771,2803,3508,624,5
36772,2803,3508,628,2.5
36773,2802,3507,30,4
36774,2802,3507,195,3
36775,2802,3507,245,4
36776,2802,3507,268,4
36777,2802,3507,289,4.5
36778,2802,3507,294,3
36779,2802,3507,311,3
36780,2802,3507,328,4
36781,2802,3507,358,5
36782,2802,3507,394,4
36783,2802,3507,417,4.5
36784,2802,3507,452,3.5
36785,2802,3507,468,3
36786,2802,3507,472,4
36787,2802,3507,529,3
36788,2802,3507,547,5
36789,2802,3507,564,4
36790,2802,3507,575,4
36791,2802,3507,587,4
36792,2802,3507,624,4
36793,2802,3507,628,2.5
36794,2801,3506,30,3
36795,2801,3506,472,4.5
36796,2801,3506,529,3
36797,2801,3506,564,4
36798,2800,3505,15,4
36799,2800,3505,30,4
36800,2800,3505,311,4
36801,2800,3505,452,3
36802,2800,3505,460,4.5
36803,2800,3505,463,4
36804,2800,3505,468,2.5
36805,2800,3505,505,4
36806,2800,3505,547,4
36807,2800,3505,564,4
36808,2800,3505,577,5
36809,2799,3504,15,4
36810,2799,3504,17,3.5
36811,2799,3504,23,3
36812,2799,3504,30,4
36813,2799,3504,34,5
36814,2799,3504,56,4
36815,2799,3504,78,3.5
36816,2799,3504,102,5
36817,2799,3504,117,3
36818,2799,3504,119,5
36819,2799,3504,148,4
36820,2799,3504,186,5
36821,2799,3504,195,4
36822,2799,3504,232,3
36823,2799,3504,242,5
36824,2799,3504,258,4
36825,2799,3504,262,3.5
36826,2799,3504,268,4.5
36827,2799,3504,278,3
36828,2799,3504,306,4
36829,2799,3504,348,5
36830,2799,3504,358,5
36831,2799,3504,387,5
36832,2799,3504,388,4.5
36833,2799,3504,452,5
36834,2799,3504,461,3.5
36835,2799,3504,468,3.5
36836,2799,3504,472,5
36837,2799,3504,481,5
36838,2799,3504,505,3.5
36839,2799,3504,509,4
36840,2799,3504,529,5
36841,2799,3504,533,3
36842,2799,3504,547,5
36843,2799,3504,564,4
36844,2799,3504,575,2
36845,2799,3504,585,4
36846,2799,3504,587,3.5
36847,2798,3503,17,4.5
36848,2798,3503,23,3.5
36849,2798,3503,102,5
36850,2798,3503,105,2
36851,2798,3503,263,1
36852,2798,3503,297,5
36853,2798,3503,481,5
36854,2798,3503,528,4.5
36855,2798,3503,564,2
36856,2798,3503,587,3.5
36857,2797,3502,235,4.5
36858,2797,3502,452,4
36859,2796,3501,196,4
36860,2796,3501,232,4
36861,2796,3501,242,5
36862,2796,3501,336,5
36863,2796,3501,358,4
36864,2796,3501,360,2
36865,2796,3501,452,3
36866,2796,3501,564,4
36867,2795,3500,30,4
36868,2795,3500,306,3
36869,2795,3500,358,4
36870,2795,3500,388,2
36871,2795,3500,564,2
36872,2794,3499,15,3
36873,2794,3499,30,4
36874,2794,3499,73,4
36875,2794,3499,95,5
36876,2794,3499,102,4
36877,2794,3499,105,4
36878,2794,3499,119,4
36879,2794,3499,134,4
36880,2794,3499,199,4
36881,2794,3499,208,4
36882,2794,3499,229,4.5
36883,2794,3499,240,4.5
36884,2794,3499,243,4
36885,2794,3499,258,4
36886,2794,3499,262,3
36887,2794,3499,285,4
36888,2794,3499,292,2.5
36889,2794,3499,303,3.5
36890,2794,3499,306,4
36891,2794,3499,327,3.5
36892,2794,3499,355,4
36893,2794,3499,380,3.5
36894,2794,3499,388,5
36895,2794,3499,401,5
36896,2794,3499,407,4
36897,2794,3499,422,4
36898,2794,3499,423,3.5
36899,2794,3499,430,4.5
36900,2794,3499,452,4
36901,2794,3499,457,4
36902,2794,3499,460,3
36903,2794,3499,461,3.5
36904,2794,3499,468,3
36905,2794,3499,472,4
36906,2794,3499,480,4.5
36907,2794,3499,488,4
36908,2794,3499,528,3
36909,2794,3499,547,3
36910,2794,3499,564,5
36911,2794,3499,580,3
36912,2794,3499,596,3.5
36913,2794,3499,607,3.5
36914,2794,3499,626,5
36915,2794,3499,654,4.5
36916,2794,3499,664,3
36917,2793,3498,23,4.5
36918,2793,3498,30,4
36919,2793,3498,105,4
36920,2793,3498,159,3.5
36921,2793,3498,195,3
36922,2793,3498,201,4
36923,2793,3498,258,5
36924,2793,3498,306,4
36925,2793,3498,312,4
36926,2793,3498,452,4
36927,2793,3498,529,3
36928,2793,3498,564,4
36929,2793,3498,587,4
36930,2792,3497,358,2
36931,2792,3497,564,4
36932,2791,3496,387,3
36933,2791,3496,564,4
36934,2790,3495,564,4
36935,2789,3494,30,3
36936,2789,3494,195,3
36937,2789,3494,196,4
36938,2789,3494,232,3
36939,2789,3494,258,5
36940,2789,3494,287,4.5
36941,2789,3494,311,3.5
36942,2789,3494,380,3.5
36943,2789,3494,547,3
36944,2789,3494,564,3
36945,2789,3494,575,2
36946,2789,3494,609,1
36947,2789,3494,624,5
36948,2788,3492,232,4
36949,2787,3491,564,4
36950,2786,3490,119,1
36951,2786,3490,564,5
36952,2785,3489,15,2
36953,2785,3489,23,3.5
36954,2785,3489,30,4
36955,2785,3489,56,2
36956,2785,3489,73,3.5
36957,2785,3489,105,2.5
36958,2785,3489,119,2
36959,2785,3489,128,4
36960,2785,3489,166,4
36961,2785,3489,185,3
36962,2785,3489,187,4
36963,2785,3489,196,5
36964,2785,3489,212,4
36965,2785,3489,213,1.5
36966,2785,3489,232,4
36967,2785,3489,236,3.5
36968,2785,3489,243,4.5
36969,2785,3489,244,4.5
36970,2785,3489,253,4
36971,2785,3489,285,2
36972,2785,3489,294,3
36973,2785,3489,311,2
36974,2785,3489,346,3
36975,2785,3489,382,4
36976,2785,3489,384,3
36977,2785,3489,460,3.5
36978,2785,3489,461,1
36979,2785,3489,463,1
36980,2785,3489,468,2
36981,2785,3489,473,5
36982,2785,3489,509,2
36983,2785,3489,525,3
36984,2785,3489,534,4
36985,2785,3489,547,1.5
36986,2785,3489,564,2
36987,2785,3489,574,4
36988,2785,3489,575,2
36989,2785,3489,577,2
36990,2785,3489,580,3
36991,2785,3489,582,5
36992,2785,3489,624,3
36993,2785,3489,637,3.5
36994,2785,3489,654,4
36995,2784,3487,575,3
36996,2783,3484,15,0.5
36997,2783,3484,102,1
36998,2783,3484,196,3
36999,2783,3484,208,3
37000,2783,3484,262,2
37001,2783,3484,267,3.5
37002,2783,3484,350,4
37003,2783,3484,384,3
37004,2783,3484,412,3
37005,2783,3484,627,3
37006,2783,3484,665,3
37007,2782,3483,30,3
37008,2782,3483,196,3
37009,2782,3483,294,4.5
37010,2782,3483,475,3
37011,2782,3483,605,3
37012,2782,3483,665,3
37013,2781,3481,15,5
37014,2781,3481,23,3.5
37015,2781,3481,26,2.5
37016,2781,3481,33,3
37017,2781,3481,37,4
37018,2781,3481,43,2
37019,2781,3481,63,5
37020,2781,3481,71,4
37021,2781,3481,72,3
37022,2781,3481,73,4
37023,2781,3481,83,4
37024,2781,3481,88,4.5
37025,2781,3481,95,5
37026,2781,3481,102,4
37027,2781,3481,105,4
37028,2781,3481,111,3.5
37029,2781,3481,119,4
37030,2781,3481,120,2
37031,2781,3481,130,3.5
37032,2781,3481,132,5
37033,2781,3481,148,5
37034,2781,3481,152,2.5
37035,2781,3481,165,3
37036,2781,3481,195,3
37037,2781,3481,196,4
37038,2781,3481,198,4.5
37039,2781,3481,216,4.5
37040,2781,3481,220,5
37041,2781,3481,222,4
37042,2781,3481,230,5
37043,2781,3481,231,4
37044,2781,3481,240,4.5
37045,2781,3481,242,5
37046,2781,3481,262,3
37047,2781,3481,265,4
37048,2781,3481,268,2.5
37049,2781,3481,274,4
37050,2781,3481,275,4.5
37051,2781,3481,292,4.5
37052,2781,3481,294,3
37053,2781,3481,309,5
37054,2781,3481,316,4
37055,2781,3481,350,5
37056,2781,3481,351,3
37057,2781,3481,358,4
37058,2781,3481,362,4.5
37059,2781,3481,380,3.5
37060,2781,3481,388,4.5
37061,2781,3481,394,4.5
37062,2781,3481,407,4
37063,2781,3481,414,3
37064,2781,3481,419,3.5
37065,2781,3481,428,5
37066,2781,3481,430,5
37067,2781,3481,431,5
37068,2781,3481,439,3
37069,2781,3481,452,5
37070,2781,3481,457,4
37071,2781,3481,460,4.5
37072,2781,3481,461,4
37073,2781,3481,463,4
37074,2781,3481,472,4
37075,2781,3481,486,3.5
37076,2781,3481,500,4
37077,2781,3481,501,4.5
37078,2781,3481,505,3
37079,2781,3481,509,5
37080,2781,3481,519,4
37081,2781,3481,523,3.5
37082,2781,3481,529,4
37083,2781,3481,544,4.5
37084,2781,3481,547,4.5
37085,2781,3481,558,5
37086,2781,3481,562,4
37087,2781,3481,564,4
37088,2781,3481,580,4.5
37089,2781,3481,585,4
37090,2781,3481,587,3.5
37091,2781,3481,596,5
37092,2781,3481,598,4
37093,2781,3481,610,3
37094,2781,3481,612,3
37095,2781,3481,615,4
37096,2781,3481,648,3.5
37097,2781,3481,654,4.5
37098,2781,3481,664,4
37099,2781,3481,665,3
37100,2781,3481,671,2
37101,2780,3480,56,4
37102,2780,3480,232,4
37103,2780,3480,258,4
37104,2780,3480,380,4
37105,2780,3480,398,4
37106,2780,3480,461,2
37107,2780,3480,564,4
37108,2779,3479,41,4
37109,2779,3479,73,4
37110,2779,3479,102,4
37111,2779,3479,119,4
37112,2779,3479,185,3
37113,2779,3479,197,4
37114,2779,3479,232,5
37115,2779,3479,247,4
37116,2779,3479,258,3
37117,2779,3479,293,2
37118,2779,3479,295,3.5
37119,2779,3479,311,3.5
37120,2779,3479,335,3.5
37121,2779,3479,346,4
37122,2779,3479,463,3
37123,2779,3479,468,2.5
37124,2779,3479,564,2
37125,2779,3479,575,2
37126,2779,3479,577,4.5
37127,2779,3479,580,3
37128,2779,3479,654,4.5
37129,2778,3478,30,4
37130,2778,3478,79,3
37131,2778,3478,102,3
37132,2778,3478,232,4
37133,2778,3478,242,4
37134,2778,3478,258,3
37135,2778,3478,311,4.5
37136,2778,3478,405,4
37137,2778,3478,461,2.5
37138,2778,3478,547,4
37139,2778,3478,564,1
37140,2778,3478,605,3
37141,2777,3477,15,3
37142,2777,3477,95,4
37143,2777,3477,150,3
37144,2777,3477,185,4
37145,2777,3477,285,4
37146,2777,3477,294,3
37147,2777,3477,468,2.5
37148,2777,3477,582,4.5
37149,2777,3477,606,3.5
37150,2777,3477,665,4
37151,2776,3476,15,4.5
37152,2776,3476,17,4.5
37153,2776,3476,30,2
37154,2776,3476,73,4
37155,2776,3476,105,4
37156,2776,3476,111,4.5
37157,2776,3476,119,4
37158,2776,3476,134,4.5
37159,2776,3476,148,4.5
37160,2776,3476,187,4
37161,2776,3476,189,5
37162,2776,3476,262,2
37163,2776,3476,285,5
37164,2776,3476,348,5
37165,2776,3476,441,3
37166,2776,3476,452,3
37167,2776,3476,457,3
37168,2776,3476,468,3
37169,2776,3476,509,4.5
37170,2776,3476,547,3.5
37171,2776,3476,564,5
37172,2776,3476,580,4
37173,2776,3476,654,4.5
37174,2776,3476,664,3.5
37175,2775,3475,23,3.5
37176,2775,3475,387,5
37177,2775,3475,505,3.5
37178,2775,3475,547,4.5
37179,2774,3474,12,4
37180,2773,3471,15,4
37181,2773,3471,23,4.5
37182,2773,3471,34,4
37183,2773,3471,41,4
37184,2773,3471,63,4
37185,2773,3471,73,3
37186,2773,3471,77,4
37187,2773,3471,93,3.5
37188,2773,3471,94,3
37189,2773,3471,97,3
37190,2773,3471,101,4
37191,2773,3471,102,4
37192,2773,3471,105,4
37193,2773,3471,119,5
37194,2773,3471,134,4.5
37195,2773,3471,139,4
37196,2773,3471,142,2
37197,2773,3471,165,2.5
37198,2773,3471,178,3
37199,2773,3471,195,4
37200,2773,3471,202,5
37201,2773,3471,213,3.5
37202,2773,3471,214,4
37203,2773,3471,232,4
37204,2773,3471,240,4
37205,2773,3471,242,5
37206,2773,3471,243,3.5
37207,2773,3471,248,4
37208,2773,3471,258,5
37209,2773,3471,268,4.5
37210,2773,3471,274,2
37211,2773,3471,285,3
37212,2773,3471,294,3.5
37213,2773,3471,295,4.5
37214,2773,3471,300,4
37215,2773,3471,304,3.5
37216,2773,3471,306,4
37217,2773,3471,312,4
37218,2773,3471,328,3.5
37219,2773,3471,345,4.5
37220,2773,3471,353,3
37221,2773,3471,355,4
37222,2773,3471,380,4.5
37223,2773,3471,395,4
37224,2773,3471,401,5
37225,2773,3471,428,3.5
37226,2773,3471,452,5
37227,2773,3471,468,3.5
37228,2773,3471,472,5
37229,2773,3471,481,4
37230,2773,3471,505,3.5
37231,2773,3471,529,3
37232,2773,3471,533,4
37233,2773,3471,546,4
37234,2773,3471,547,4
37235,2773,3471,564,5
37236,2773,3471,576,4
37237,2773,3471,580,3.5
37238,2773,3471,587,4.5
37239,2773,3471,605,3
37240,2773,3471,624,4
37241,2773,3471,654,5
37242,2772,3470,198,4.5
37243,2772,3470,232,5
37244,2772,3470,236,5
37245,2772,3470,558,3
37246,2771,3469,102,4
37247,2771,3469,232,5
37248,2771,3469,242,5
37249,2771,3469,258,5
37250,2771,3469,278,5
37251,2771,3469,358,5
37252,2771,3469,387,4
37253,2771,3469,431,4
37254,2771,3469,452,4.5
37255,2771,3469,547,4
37256,2771,3469,575,4
37257,2771,3469,585,5
37258,2770,3468,23,3
37259,2770,3468,30,5
37260,2770,3468,34,4
37261,2770,3468,56,2
37262,2770,3468,102,4
37263,2770,3468,195,4
37264,2770,3468,212,4
37265,2770,3468,232,5
37266,2770,3468,258,5
37267,2770,3468,263,3.5
37268,2770,3468,265,4
37269,2770,3468,281,3
37270,2770,3468,311,3.5
37271,2770,3468,358,5
37272,2770,3468,376,3
37273,2770,3468,387,5
37274,2770,3468,452,4
37275,2770,3468,457,3.5
37276,2770,3468,468,4
37277,2770,3468,509,5
37278,2770,3468,547,5
37279,2770,3468,558,5
37280,2770,3468,587,5
37281,2769,3467,34,4
37282,2769,3467,119,5
37283,2769,3467,212,4
37284,2769,3467,232,3
37285,2769,3467,242,5
37286,2769,3467,258,4
37287,2769,3467,265,4
37288,2769,3467,311,2.5
37289,2769,3467,376,3
37290,2769,3467,387,4
37291,2769,3467,405,3.5
37292,2769,3467,423,4
37293,2769,3467,452,4
37294,2769,3467,472,3
37295,2769,3467,509,4
37296,2769,3467,547,4.5
37297,2769,3467,558,4
37298,2768,3466,150,2.5
37299,2768,3466,197,3
37300,2768,3466,311,3
37301,2768,3466,564,4
37302,2768,3466,652,4.5
37303,2767,3465,564,4
37304,2766,3463,285,1
37305,2765,3462,15,1.5
37306,2765,3462,23,4.5
37307,2765,3462,54,3
37308,2765,3462,102,5
37309,2765,3462,148,5
37310,2765,3462,195,4
37311,2765,3462,200,4
37312,2765,3462,236,5
37313,2765,3462,265,5
37314,2765,3462,294,3.5
37315,2765,3462,297,5
37316,2765,3462,304,4
37317,2765,3462,334,5
37318,2765,3462,358,5
37319,2765,3462,378,4
37320,2765,3462,381,5
37321,2765,3462,387,4
37322,2765,3462,406,5
37323,2765,3462,423,3.5
37324,2765,3462,468,4
37325,2765,3462,472,4
37326,2765,3462,475,4
37327,2765,3462,481,5
37328,2765,3462,486,5
37329,2765,3462,505,3.5
37330,2765,3462,547,5
37331,2765,3462,580,4
37332,2765,3462,585,5
37333,2765,3462,587,5
37334,2765,3462,615,4.5
37335,2765,3462,618,5
37336,2765,3462,648,4.5
37337,2764,3461,15,3
37338,2764,3461,49,2
37339,2764,3461,102,4
37340,2764,3461,119,4
37341,2764,3461,136,3
37342,2764,3461,195,2
37343,2764,3461,232,2
37344,2764,3461,258,4
37345,2764,3461,355,4
37346,2764,3461,452,2.5
37347,2764,3461,468,3.5
37348,2764,3461,547,4
37349,2764,3461,564,4
37350,2763,3460,605,3
37351,2762,3459,299,4
37352,2762,3459,564,4
37353,2761,3457,119,3
37354,2761,3457,452,3
37355,2761,3457,547,3
37356,2761,3457,558,4
37357,2761,3457,564,5
37358,2761,3457,652,5
37359,2760,3456,132,5
37360,2760,3456,222,5
37361,2760,3456,529,3.5
37362,2760,3456,648,4.5
37363,2759,3454,599,4
37364,2758,3453,652,4
37365,2758,3453,669,2
37366,2757,3452,150,4
37367,2757,3452,189,2
37368,2757,3452,212,2
37369,2757,3452,214,2
37370,2757,3452,232,4
37371,2757,3452,294,3
37372,2757,3452,346,5
37373,2757,3452,381,1
37374,2757,3452,388,3
37375,2757,3452,412,3
37376,2757,3452,418,4.5
37377,2757,3452,433,3
37378,2757,3452,457,1.5
37379,2757,3452,461,2.5
37380,2757,3452,465,4
37381,2757,3452,574,3
37382,2757,3452,592,4
37383,2757,3452,643,2
37384,2757,3452,664,4.5
37385,2756,3451,30,4
37386,2756,3451,102,5
37387,2756,3451,195,3
37388,2756,3451,232,1
37389,2756,3451,234,3
37390,2756,3451,311,3
37391,2756,3451,358,4
37392,2756,3451,387,4
37393,2756,3451,405,4
37394,2756,3451,452,4
37395,2756,3451,468,2.5
37396,2756,3451,505,4
37397,2756,3451,533,4
37398,2756,3451,547,2.5
37399,2756,3451,575,4
37400,2756,3451,585,5
37401,2756,3451,605,4
37402,2756,3451,626,5
37403,2755,3450,43,2
37404,2755,3450,83,4
37405,2755,3450,94,2.5
37406,2755,3450,105,3
37407,2755,3450,119,3
37408,2755,3450,160,3
37409,2755,3450,219,4
37410,2755,3450,239,4
37411,2755,3450,242,2
37412,2755,3450,245,4
37413,2755,3450,247,3
37414,2755,3450,253,4.5
37415,2755,3450,275,4.5
37416,2755,3450,285,4
37417,2755,3450,294,4
37418,2755,3450,306,2
37419,2755,3450,311,3
37420,2755,3450,358,3
37421,2755,3450,442,4.5
37422,2755,3450,452,2
37423,2755,3450,457,1.5
37424,2755,3450,468,2.5
37425,2755,3450,547,0.5
37426,2755,3450,554,2
37427,2755,3450,564,4
37428,2755,3450,582,4
37429,2755,3450,604,4
37430,2755,3450,605,3
37431,2755,3450,624,4
37432,2755,3450,646,5
37433,2755,3450,665,3
37434,2754,3449,452,3
37435,2754,3449,564,4
37436,2753,3448,15,2.5
37437,2753,3448,23,4
37438,2753,3448,30,4
37439,2753,3448,73,3.5
37440,2753,3448,88,4
37441,2753,3448,95,3
37442,2753,3448,102,3
37443,2753,3448,105,3
37444,2753,3448,111,3.5
37445,2753,3448,119,4
37446,2753,3448,120,3.5
37447,2753,3448,130,3.5
37448,2753,3448,160,3
37449,2753,3448,185,5
37450,2753,3448,189,3
37451,2753,3448,195,3
37452,2753,3448,199,4
37453,2753,3448,212,3
37454,2753,3448,232,5
37455,2753,3448,242,5
37456,2753,3448,247,5
37457,2753,3448,248,3
37458,2753,3448,262,2
37459,2753,3448,285,4
37460,2753,3448,291,4
37461,2753,3448,295,4.5
37462,2753,3448,303,4
37463,2753,3448,306,4
37464,2753,3448,311,3.5
37465,2753,3448,350,4
37466,2753,3448,353,3
37467,2753,3448,355,3.5
37468,2753,3448,358,4
37469,2753,3448,388,5
37470,2753,3448,439,3
37471,2753,3448,442,4.5
37472,2753,3448,452,3
37473,2753,3448,468,2.5
37474,2753,3448,473,5
37475,2753,3448,500,3.5
37476,2753,3448,505,3
37477,2753,3448,509,4
37478,2753,3448,529,3
37479,2753,3448,531,3.5
37480,2753,3448,547,2
37481,2753,3448,564,5
37482,2753,3448,575,3
37483,2753,3448,580,4
37484,2753,3448,587,3.5
37485,2753,3448,596,3.5
37486,2753,3448,607,4
37487,2753,3448,624,4
37488,2753,3448,648,4
37489,2752,3447,232,5
37490,2751,3446,387,3
37491,2750,3445,30,3
37492,2750,3445,189,2
37493,2750,3445,322,4
37494,2750,3445,452,2
37495,2750,3445,529,3
37496,2750,3445,547,3.5
37497,2750,3445,564,3
37498,2750,3445,575,2
37499,2750,3445,605,3
37500,2749,3444,247,4
37501,2749,3444,457,2.5
37502,2749,3444,460,3.5
37503,2749,3444,468,1.5
37504,2748,3442,285,2
37505,2748,3442,564,3
37506,2747,3441,30,2
37507,2747,3441,49,2
37508,2747,3441,94,0.5
37509,2747,3441,95,3
37510,2747,3441,102,2
37511,2747,3441,119,3
37512,2747,3441,130,3
37513,2747,3441,157,3
37514,2747,3441,195,3
37515,2747,3441,285,3
37516,2747,3441,388,4
37517,2747,3441,423,2
37518,2747,3441,463,4
37519,2747,3441,654,4
37520,2746,3440,73,1.5
37521,2746,3440,165,2.5
37522,2746,3440,247,2
37523,2746,3440,525,1
37524,2746,3440,564,1
37525,2745,3439,73,3
37526,2745,3439,77,1.5
37527,2745,3439,165,4
37528,2745,3439,247,3
37529,2745,3439,285,2
37530,2745,3439,457,1.5
37531,2745,3439,525,1
37532,2745,3439,561,4.5
37533,2745,3439,564,1
37534,2745,3439,601,3.5
37535,2744,3438,22,3
37536,2744,3438,73,3.5
37537,2744,3438,77,2.5
37538,2744,3438,119,2
37539,2744,3438,163,2
37540,2744,3438,165,3
37541,2744,3438,185,3
37542,2744,3438,247,4
37543,2744,3438,285,3
37544,2744,3438,346,3
37545,2744,3438,453,3
37546,2744,3438,457,2.5
37547,2744,3438,461,3.5
37548,2744,3438,480,4
37549,2744,3438,525,1
37550,2744,3438,534,4
37551,2744,3438,561,4.5
37552,2744,3438,564,2
37553,2743,3437,165,5
37554,2742,3436,306,3
37555,2742,3436,311,2.5
37556,2742,3436,358,2
37557,2742,3436,405,4
37558,2742,3436,452,2
37559,2742,3436,534,2
37560,2742,3436,564,2
37561,2742,3436,665,3
37562,2741,3435,15,2.5
37563,2741,3435,17,5
37564,2741,3435,23,4.5
37565,2741,3435,88,3.5
37566,2741,3435,96,5
37567,2741,3435,102,5
37568,2741,3435,195,5
37569,2741,3435,203,4.5
37570,2741,3435,220,4
37571,2741,3435,229,4
37572,2741,3435,236,4
37573,2741,3435,257,2.5
37574,2741,3435,265,5
37575,2741,3435,299,3.5
37576,2741,3435,311,3.5
37577,2741,3435,358,5
37578,2741,3435,387,5
37579,2741,3435,423,4
37580,2741,3435,452,4
37581,2741,3435,460,4
37582,2741,3435,468,3.5
37583,2741,3435,470,3
37584,2741,3435,472,4
37585,2741,3435,499,5
37586,2741,3435,505,3
37587,2741,3435,529,4
37588,2741,3435,547,4
37589,2741,3435,564,4
37590,2741,3435,585,5
37591,2741,3435,587,5
37592,2741,3435,605,4
37593,2741,3435,608,5
37594,2740,3434,53,4
37595,2739,3432,195,1
37596,2738,3431,564,3
37597,2738,3431,605,2
37598,2737,3430,160,4
37599,2737,3430,263,3.5
37600,2737,3430,529,1
37601,2737,3430,547,0.5
37602,2737,3430,564,4
37603,2737,3430,575,1
37604,2737,3430,605,4
37605,2736,3429,15,3
37606,2736,3429,77,3
37607,2736,3429,119,5
37608,2736,3429,185,4
37609,2736,3429,294,3
37610,2736,3429,368,5
37611,2736,3429,460,5
37612,2736,3429,468,4
37613,2736,3429,564,4
37614,2736,3429,585,4
37615,2735,3428,30,4
37616,2735,3428,102,4
37617,2735,3428,564,1
37618,2734,3427,195,1
37619,2734,3427,575,2
37620,2733,3426,30,4
37621,2733,3426,73,3.5
37622,2733,3426,102,4
37623,2733,3426,105,3
37624,2733,3426,388,3
37625,2733,3426,547,3
37626,2732,3425,232,3
37627,2731,3424,11,3
37628,2731,3424,23,4
37629,2731,3424,56,4
37630,2731,3424,73,4
37631,2731,3424,102,5
37632,2731,3424,105,4
37633,2731,3424,195,1
37634,2731,3424,214,5
37635,2731,3424,239,4
37636,2731,3424,242,5
37637,2731,3424,275,4.5
37638,2731,3424,312,4
37639,2731,3424,350,4
37640,2731,3424,358,5
37641,2731,3424,388,4
37642,2731,3424,423,2.5
37643,2731,3424,428,5
37644,2731,3424,452,3.5
37645,2731,3424,457,4.5
37646,2731,3424,460,2
37647,2731,3424,461,3
37648,2731,3424,468,3
37649,2731,3424,472,4
37650,2731,3424,505,3
37651,2731,3424,509,3
37652,2731,3424,519,3.5
37653,2731,3424,528,3.5
37654,2731,3424,539,3
37655,2731,3424,547,5
37656,2731,3424,564,3
37657,2731,3424,580,3.5
37658,2731,3424,585,4
37659,2730,3423,387,4
37660,2729,3422,71,3
37661,2729,3422,102,4
37662,2729,3422,232,3
37663,2729,3422,242,4
37664,2729,3422,463,4
37665,2729,3422,547,3.5
37666,2729,3422,564,3
37667,2729,3422,624,3
37668,2728,3421,15,1.5
37669,2728,3421,30,4
37670,2728,3421,56,4
37671,2728,3421,58,5
37672,2728,3421,77,4.5
37673,2728,3421,83,5
37674,2728,3421,97,1.5
37675,2728,3421,102,3
37676,2728,3421,105,4
37677,2728,3421,111,4
37678,2728,3421,119,4
37679,2728,3421,120,5
37680,2728,3421,142,3
37681,2728,3421,146,4.5
37682,2728,3421,160,3
37683,2728,3421,195,4
37684,2728,3421,212,1.5
37685,2728,3421,216,4
37686,2728,3421,217,5
37687,2728,3421,232,4
37688,2728,3421,242,4
37689,2728,3421,245,3
37690,2728,3421,247,4
37691,2728,3421,265,4
37692,2728,3421,282,4
37693,2728,3421,297,3
37694,2728,3421,306,4
37695,2728,3421,309,5
37696,2728,3421,358,4
37697,2728,3421,367,1
37698,2728,3421,380,5
37699,2728,3421,387,4
37700,2728,3421,388,5
37701,2728,3421,425,3
37702,2728,3421,428,4
37703,2728,3421,430,2.5
37704,2728,3421,442,4.5
37705,2728,3421,452,4
37706,2728,3421,457,3
37707,2728,3421,460,5
37708,2728,3421,463,4
37709,2728,3421,472,5
37710,2728,3421,498,4
37711,2728,3421,500,2
37712,2728,3421,522,4
37713,2728,3421,529,3
37714,2728,3421,564,4
37715,2728,3421,575,3
37716,2728,3421,580,3.5
37717,2728,3421,585,4
37718,2728,3421,594,4
37719,2728,3421,598,4
37720,2728,3421,605,4
37721,2728,3421,607,4
37722,2728,3421,624,4
37723,2728,3421,637,3.5
37724,2728,3421,654,5
37725,2728,3421,655,5
37726,2728,3421,671,4
37727,2727,3420,30,4
37728,2727,3420,58,5
37729,2727,3420,102,4
37730,2727,3420,232,5
37731,2727,3420,268,2
37732,2727,3420,306,4
37733,2727,3420,387,5
37734,2727,3420,452,4
37735,2727,3420,468,3
37736,2727,3420,547,1
37737,2727,3420,558,4
37738,2727,3420,564,5
37739,2727,3420,605,2
37740,2726,3418,15,1
37741,2726,3418,30,4
37742,2726,3418,34,3
37743,2726,3418,77,0.5
37744,2726,3418,78,5
37745,2726,3418,88,3.5
37746,2726,3418,102,4
37747,2726,3418,105,3.5
37748,2726,3418,111,3.5
37749,2726,3418,119,4
37750,2726,3418,128,4
37751,2726,3418,193,5
37752,2726,3418,212,2.5
37753,2726,3418,214,5
37754,2726,3418,220,4
37755,2726,3418,232,2
37756,2726,3418,235,4
37757,2726,3418,242,5
37758,2726,3418,265,5
37759,2726,3418,282,1.5
37760,2726,3418,283,2.5
37761,2726,3418,292,3
37762,2726,3418,303,3.5
37763,2726,3418,306,4
37764,2726,3418,311,2.5
37765,2726,3418,312,5
37766,2726,3418,358,3
37767,2726,3418,386,3
37768,2726,3418,422,5
37769,2726,3418,451,5
37770,2726,3418,461,4
37771,2726,3418,472,4
37772,2726,3418,500,1.5
37773,2726,3418,505,3
37774,2726,3418,510,3
37775,2726,3418,529,2
37776,2726,3418,539,4
37777,2726,3418,547,5
37778,2726,3418,564,5
37779,2726,3418,575,3
37780,2726,3418,621,5
37781,2726,3418,624,3
37782,2726,3418,627,3
37783,2726,3418,652,4
37784,2726,3418,665,3
37785,2725,3417,49,5
37786,2725,3417,232,5
37787,2725,3417,575,3
37788,2724,3415,23,1.5
37789,2724,3415,81,5
37790,2723,3414,119,5
37791,2723,3414,311,5
37792,2723,3414,358,2
37793,2723,3414,569,4
37794,2722,3412,49,3
37795,2722,3412,202,3
37796,2722,3412,326,4
37797,2722,3412,452,4
37798,2722,3412,463,4
37799,2722,3412,471,3.5
37800,2722,3412,564,4
37801,2722,3412,605,4
37802,2721,3409,15,4
37803,2721,3409,43,4
37804,2721,3409,94,2.5
37805,2721,3409,95,4
37806,2721,3409,107,0.5
37807,2721,3409,119,3
37808,2721,3409,123,5
37809,2721,3409,149,3.5
37810,2721,3409,189,2
37811,2721,3409,200,3
37812,2721,3409,213,2.5
37813,2721,3409,262,2
37814,2721,3409,350,4
37815,2721,3409,355,3.5
37816,2721,3409,384,2.5
37817,2721,3409,386,2
37818,2721,3409,412,3
37819,2721,3409,427,3
37820,2721,3409,452,2.5
37821,2721,3409,461,2.5
37822,2721,3409,480,4
37823,2721,3409,501,3
37824,2721,3409,522,2.5
37825,2721,3409,564,4
37826,2721,3409,596,3
37827,2721,3409,620,1.5
37828,2721,3409,626,3
37829,2721,3409,665,4
37830,2720,3408,5,4
37831,2720,3408,12,4
37832,2720,3408,15,2
37833,2720,3408,17,2.5
37834,2720,3408,22,1.5
37835,2720,3408,23,4.5
37836,2720,3408,33,3
37837,2720,3408,63,2
37838,2720,3408,75,4
37839,2720,3408,77,1.5
37840,2720,3408,83,4
37841,2720,3408,88,4.5
37842,2720,3408,93,3.5
37843,2720,3408,95,5
37844,2720,3408,99,4
37845,2720,3408,102,2
37846,2720,3408,105,3.5
37847,2720,3408,128,5
37848,2720,3408,131,5
37849,2720,3408,139,4.5
37850,2720,3408,150,2.5
37851,2720,3408,176,3.5
37852,2720,3408,178,1.5
37853,2720,3408,187,4
37854,2720,3408,189,1
37855,2720,3408,190,4
37856,2720,3408,196,5
37857,2720,3408,200,4.5
37858,2720,3408,212,3.5
37859,2720,3408,213,2
37860,2720,3408,219,3
37861,2720,3408,220,4
37862,2720,3408,222,3
37863,2720,3408,235,4
37864,2720,3408,240,3.5
37865,2720,3408,242,4
37866,2720,3408,245,4
37867,2720,3408,250,4.5
37868,2720,3408,262,2
37869,2720,3408,265,4
37870,2720,3408,268,3.5
37871,2720,3408,282,4
37872,2720,3408,292,4
37873,2720,3408,294,3
37874,2720,3408,295,4
37875,2720,3408,311,4
37876,2720,3408,313,4
37877,2720,3408,350,5
37878,2720,3408,378,3
37879,2720,3408,380,3
37880,2720,3408,382,3
37881,2720,3408,386,3
37882,2720,3408,405,4
37883,2720,3408,407,4
37884,2720,3408,412,5
37885,2720,3408,418,4
37886,2720,3408,419,3.5
37887,2720,3408,427,4
37888,2720,3408,441,3.5
37889,2720,3408,452,3
37890,2720,3408,461,4
37891,2720,3408,463,4
37892,2720,3408,472,3
37893,2720,3408,500,1.5
37894,2720,3408,503,3.5
37895,2720,3408,505,3
37896,2720,3408,509,3
37897,2720,3408,510,4
37898,2720,3408,547,3
37899,2720,3408,558,5
37900,2720,3408,562,3.5
37901,2720,3408,580,2.5
37902,2720,3408,587,4
37903,2720,3408,596,3.5
37904,2720,3408,598,4
37905,2720,3408,607,3
37906,2720,3408,608,4
37907,2720,3408,626,5
37908,2720,3408,627,3
37909,2720,3408,645,4.5
37910,2720,3408,652,4
37911,2720,3408,654,4
37912,2720,3408,656,4
37913,2720,3408,664,3
37914,2720,3408,665,4
37915,2719,3406,20,4.5
37916,2719,3406,49,4
37917,2719,3406,195,3
37918,2719,3406,232,5
37919,2718,3405,23,3.5
37920,2718,3405,232,5
37921,2718,3405,278,4
37922,2718,3405,306,3
37923,2718,3405,405,4.5
37924,2718,3405,452,2.5
37925,2718,3405,547,3
37926,2718,3405,575,3
37927,2717,3404,166,3
37928,2717,3404,195,4
37929,2717,3404,232,4
37930,2717,3404,267,2
37931,2717,3404,306,3
37932,2717,3404,312,2
37933,2717,3404,353,2.5
37934,2717,3404,362,2.5
37935,2717,3404,405,4
37936,2717,3404,564,3
37937,2717,3404,592,3
37938,2717,3404,611,4
37939,2716,3402,564,4
37940,2715,3401,202,2
37941,2715,3401,232,3
37942,2715,3401,285,1
37943,2715,3401,624,2
37944,2714,3400,128,3
37945,2714,3400,595,1
37946,2713,3399,294,3
37947,2712,3398,77,3
37948,2712,3398,83,4
37949,2712,3398,195,2
37950,2712,3398,239,5
37951,2712,3398,247,3
37952,2712,3398,294,4.5
37953,2712,3398,365,4
37954,2712,3398,471,3
37955,2712,3398,564,3
37956,2712,3398,624,4
37957,2712,3398,665,3
37958,2711,3397,77,3.5
37959,2711,3397,119,4
37960,2711,3397,294,4.5
37961,2711,3397,346,1.5
37962,2711,3397,350,3
37963,2711,3397,500,2
37964,2711,3397,564,4
37965,2711,3397,592,4
37966,2711,3397,607,4
37967,2711,3397,624,4
37968,2710,3396,13,3.5
37969,2710,3396,77,4
37970,2710,3396,83,4
37971,2710,3396,102,4
37972,2710,3396,119,4
37973,2710,3396,130,4
37974,2710,3396,132,4
37975,2710,3396,147,3
37976,2710,3396,229,4.5
37977,2710,3396,232,4
37978,2710,3396,247,3
37979,2710,3396,294,4
37980,2710,3396,296,3.5
37981,2710,3396,303,4.5
37982,2710,3396,309,5
37983,2710,3396,328,3.5
37984,2710,3396,358,4
37985,2710,3396,398,4
37986,2710,3396,423,3.5
37987,2710,3396,442,4
37988,2710,3396,460,4
37989,2710,3396,485,3.5
37990,2710,3396,509,4
37991,2710,3396,529,4
37992,2710,3396,549,3
37993,2710,3396,564,4
37994,2710,3396,577,4.5
37995,2710,3396,580,4
37996,2710,3396,585,4
37997,2710,3396,599,4.5
37998,2710,3396,607,4
37999,2710,3396,624,4
38000,2710,3396,638,3.5
38001,2710,3396,654,4.5
38002,2710,3396,665,3
38003,2709,3395,30,4
38004,2709,3395,232,3
38005,2709,3395,239,3
38006,2709,3395,414,3
38007,2709,3395,547,1
38008,2708,3394,30,3
38009,2708,3394,242,3
38010,2708,3394,306,2
38011,2708,3394,564,4
38012,2707,3393,306,2
38013,2706,3392,232,3
38014,2706,3392,306,1
38015,2706,3392,374,3
38016,2706,3392,452,1
38017,2706,3392,564,4
38018,2705,3391,30,3
38019,2705,3391,95,2
38020,2705,3391,564,5
38021,2704,3390,15,1
38022,2704,3390,624,2
38023,2703,3388,119,2
38024,2703,3388,239,2
38025,2703,3388,247,3
38026,2703,3388,285,2
38027,2703,3388,294,3
38028,2703,3388,457,1.5
38029,2703,3388,564,3
38030,2703,3388,598,3
38031,2703,3388,624,2
38032,2702,3387,91,3
38033,2702,3387,196,4
38034,2702,3387,285,3
38035,2702,3387,358,3
38036,2702,3387,564,4
38037,2701,3386,15,3
38038,2701,3386,17,4
38039,2701,3386,23,5
38040,2701,3386,30,4
38041,2701,3386,34,4
38042,2701,3386,78,5
38043,2701,3386,102,3
38044,2701,3386,105,3
38045,2701,3386,139,4.5
38046,2701,3386,148,3.5
38047,2701,3386,158,3.5
38048,2701,3386,212,2.5
38049,2701,3386,220,4
38050,2701,3386,232,5
38051,2701,3386,245,5
38052,2701,3386,299,5
38053,2701,3386,303,3
38054,2701,3386,304,4.5
38055,2701,3386,306,3
38056,2701,3386,311,4.5
38057,2701,3386,313,2
38058,2701,3386,322,2
38059,2701,3386,355,3.5
38060,2701,3386,388,5
38061,2701,3386,407,4
38062,2701,3386,423,4
38063,2701,3386,452,3
38064,2701,3386,485,2.5
38065,2701,3386,505,4.5
38066,2701,3386,515,4
38067,2701,3386,525,4
38068,2701,3386,534,4
38069,2701,3386,547,5
38070,2701,3386,564,4
38071,2701,3386,576,5
38072,2701,3386,586,1.5
38073,2701,3386,596,4
38074,2701,3386,598,4
38075,2701,3386,601,4
38076,2701,3386,624,3
38077,2701,3386,654,4.5
38078,2701,3386,671,4
38079,2700,3385,30,2
38080,2700,3385,547,2
38081,2700,3385,621,4
38082,2699,3384,306,4
38083,2699,3384,472,5
38084,2699,3384,587,3.5
38085,2698,3380,547,2.5
38086,2697,3379,119,3
38087,2697,3379,387,3
38088,2697,3379,405,4.5
38089,2697,3379,452,4
38090,2697,3379,547,2
38091,2697,3379,575,4
38092,2696,3377,547,3.5
38093,2695,3371,23,3.5
38094,2695,3371,118,4
38095,2695,3371,452,3.5
38096,2695,3371,585,4
38097,2694,3370,30,4
38098,2693,3368,232,4
38099,2693,3368,387,4
38100,2693,3368,405,4.5
38101,2693,3368,575,5
38102,2692,3365,23,2.5
38103,2692,3365,56,4
38104,2692,3365,102,5
38105,2692,3365,236,5
38106,2692,3365,257,3
38107,2692,3365,311,4
38108,2692,3365,423,4.5
38109,2692,3365,452,2
38110,2692,3365,468,3.5
38111,2692,3365,472,3
38112,2692,3365,509,4
38113,2692,3365,547,3
38114,2692,3365,575,5
38115,2692,3365,587,4.5
38116,2691,3364,195,4
38117,2691,3364,387,5
38118,2691,3364,405,3.5
38119,2691,3364,468,3
38120,2691,3364,505,3
38121,2691,3364,547,4
38122,2691,3364,656,5
38123,2690,3363,30,4
38124,2690,3363,73,4
38125,2690,3363,102,4
38126,2690,3363,117,3.5
38127,2690,3363,119,4
38128,2690,3363,120,3.5
38129,2690,3363,142,3
38130,2690,3363,160,4
38131,2690,3363,195,3
38132,2690,3363,220,4
38133,2690,3363,232,5
38134,2690,3363,242,5
38135,2690,3363,268,4
38136,2690,3363,275,4
38137,2690,3363,294,3.5
38138,2690,3363,311,3.5
38139,2690,3363,328,3
38140,2690,3363,358,4
38141,2690,3363,387,5
38142,2690,3363,405,5
38143,2690,3363,452,5
38144,2690,3363,468,3.5
38145,2690,3363,472,4
38146,2690,3363,493,3
38147,2690,3363,505,3.5
38148,2690,3363,509,4
38149,2690,3363,529,5
38150,2690,3363,547,3
38151,2690,3363,558,5
38152,2690,3363,564,5
38153,2690,3363,575,4
38154,2690,3363,586,5
38155,2690,3363,587,3.5
38156,2690,3363,594,5
38157,2690,3363,605,4
38158,2690,3363,628,4
38159,2690,3363,656,5
38160,2690,3363,661,4
38161,2689,3362,15,3.5
38162,2689,3362,30,5
38163,2689,3362,73,4
38164,2689,3362,83,4.5
38165,2689,3362,102,5
38166,2689,3362,142,4
38167,2689,3362,148,4
38168,2689,3362,160,5
38169,2689,3362,195,2
38170,2689,3362,212,3
38171,2689,3362,230,4.5
38172,2689,3362,232,5
38173,2689,3362,278,4
38174,2689,3362,358,5
38175,2689,3362,380,5
38176,2689,3362,417,4
38177,2689,3362,452,5
38178,2689,3362,457,3.5
38179,2689,3362,468,4
38180,2689,3362,472,5
38181,2689,3362,481,4.5
38182,2689,3362,509,4
38183,2689,3362,529,5
38184,2689,3362,533,2
38185,2689,3362,547,5
38186,2689,3362,564,4
38187,2689,3362,587,4
38188,2689,3362,594,4
38189,2689,3362,609,1
38190,2688,3361,15,3
38191,2688,3361,30,4
38192,2688,3361,34,4
38193,2688,3361,56,2
38194,2688,3361,73,3.5
38195,2688,3361,83,4
38196,2688,3361,102,3
38197,2688,3361,111,4
38198,2688,3361,195,3
38199,2688,3361,212,2.5
38200,2688,3361,214,4
38201,2688,3361,232,5
38202,2688,3361,239,4
38203,2688,3361,242,5
38204,2688,3361,258,3
38205,2688,3361,265,4
38206,2688,3361,267,4
38207,2688,3361,306,4
38208,2688,3361,358,5
38209,2688,3361,380,4
38210,2688,3361,398,5
38211,2688,3361,431,4
38212,2688,3361,451,3
38213,2688,3361,452,4
38214,2688,3361,460,4
38215,2688,3361,463,4
38216,2688,3361,468,2.5
38217,2688,3361,472,5
38218,2688,3361,485,4
38219,2688,3361,505,3
38220,2688,3361,509,3
38221,2688,3361,528,3.5
38222,2688,3361,529,4
38223,2688,3361,547,5
38224,2688,3361,554,4
38225,2688,3361,561,3.5
38226,2688,3361,564,5
38227,2688,3361,575,3
38228,2688,3361,587,3.5
38229,2688,3361,598,4
38230,2688,3361,605,3
38231,2688,3361,607,3.5
38232,2688,3361,624,4
38233,2688,3361,637,5
38234,2687,3360,30,5
38235,2687,3360,56,5
38236,2687,3360,73,3.5
38237,2687,3360,102,4
38238,2687,3360,111,4
38239,2687,3360,119,3
38240,2687,3360,120,3.5
38241,2687,3360,125,4.5
38242,2687,3360,130,3.5
38243,2687,3360,195,2
38244,2687,3360,214,4
38245,2687,3360,232,3
38246,2687,3360,242,4
38247,2687,3360,309,5
38248,2687,3360,382,3
38249,2687,3360,387,4
38250,2687,3360,388,4
38251,2687,3360,417,4
38252,2687,3360,423,3
38253,2687,3360,452,4
38254,2687,3360,505,3
38255,2687,3360,547,2.5
38256,2687,3360,564,3
38257,2687,3360,575,4
38258,2687,3360,605,5
38259,2687,3360,607,4
38260,2687,3360,632,4
38261,2686,3359,30,4
38262,2686,3359,83,4
38263,2686,3359,195,2
38264,2686,3359,198,4.5
38265,2686,3359,242,5
38266,2686,3359,306,4
38267,2686,3359,328,3.5
38268,2686,3359,358,5
38269,2686,3359,387,5
38270,2686,3359,431,4.5
38271,2686,3359,452,4
38272,2686,3359,460,4
38273,2686,3359,468,3.5
38274,2686,3359,472,5
38275,2686,3359,505,3.5
38276,2686,3359,547,4
38277,2686,3359,564,5
38278,2686,3359,575,5
38279,2686,3359,605,3
38280,2685,3358,15,2.5
38281,2685,3358,30,5
38282,2685,3358,102,4
38283,2685,3358,232,3
38284,2685,3358,239,4
38285,2685,3358,292,4.5
38286,2685,3358,306,4
38287,2685,3358,312,3
38288,2685,3358,358,5
38289,2685,3358,367,4.5
38290,2685,3358,387,5
38291,2685,3358,452,3
38292,2685,3358,529,3
38293,2685,3358,547,1
38294,2685,3358,564,5
38295,2685,3358,585,4
38296,2685,3358,605,2
38297,2685,3358,626,5
38298,2684,3357,37,4
38299,2684,3357,222,5
38300,2684,3357,407,5
38301,2684,3357,529,5
38302,2683,3355,22,4.5
38303,2683,3355,83,5
38304,2683,3355,119,2
38305,2683,3355,176,4
38306,2683,3355,189,2
38307,2683,3355,199,4.5
38308,2683,3355,299,4.5
38309,2683,3355,350,4
38310,2683,3355,355,3
38311,2683,3355,388,4
38312,2683,3355,564,4
38313,2683,3355,580,3
38314,2682,3354,14,3
38315,2682,3354,22,2.5
38316,2682,3354,30,4
38317,2682,3354,41,3.5
38318,2682,3354,102,1
38319,2682,3354,119,2
38320,2682,3354,141,1
38321,2682,3354,152,4
38322,2682,3354,165,0.5
38323,2682,3354,196,3
38324,2682,3354,212,1.5
38325,2682,3354,213,2.5
38326,2682,3354,242,2
38327,2682,3354,248,4
38328,2682,3354,311,1.5
38329,2682,3354,356,5
38330,2682,3354,380,2
38331,2682,3354,412,1
38332,2682,3354,439,1
38333,2682,3354,453,3
38334,2682,3354,461,0.5
38335,2682,3354,468,2.5
38336,2682,3354,475,1.5
38337,2682,3354,541,1
38338,2682,3354,571,4
38339,2682,3354,626,2
38340,2682,3354,638,1.5
38341,2682,3354,646,4
38342,2682,3354,654,1
38343,2682,3354,665,2
38344,2681,3351,564,3
38345,2680,3350,102,4
38346,2680,3350,118,5
38347,2680,3350,119,4
38348,2680,3350,165,3
38349,2680,3350,175,4
38350,2680,3350,195,3
38351,2680,3350,232,3
38352,2680,3350,376,4
38353,2680,3350,452,4
38354,2680,3350,547,3.5
38355,2679,3349,585,4
38356,2678,3347,232,5
38357,2678,3347,405,5
38358,2678,3347,452,4
38359,2678,3347,527,3
38360,2678,3347,529,4
38361,2678,3347,547,3.5
38362,2677,3344,262,3.5
38363,2676,3343,547,1
38364,2676,3343,564,4
38365,2675,3342,102,3
38366,2675,3342,242,5
38367,2675,3342,388,5
38368,2675,3342,430,5
38369,2675,3342,472,4
38370,2675,3342,564,5
38371,2675,3342,609,1
38372,2674,3341,195,4
38373,2674,3341,232,5
38374,2674,3341,387,4
38375,2674,3341,468,3
38376,2674,3341,529,5
38377,2674,3341,547,3
38378,2674,3341,564,4
38379,2674,3341,575,4
38380,2674,3341,585,5
38381,2674,3341,605,4
38382,2674,3341,609,1
38383,2674,3341,614,3
38384,2673,3340,547,3.5
38385,2673,3340,580,3.5
38386,2673,3340,605,1
38387,2672,3339,564,3
38388,2671,3338,609,1
38389,2670,3334,30,4
38390,2670,3334,195,4
38391,2670,3334,222,4
38392,2670,3334,232,4
38393,2670,3334,236,3.5
38394,2670,3334,358,4
38395,2670,3334,387,4
38396,2670,3334,405,4
38397,2670,3334,452,4
38398,2670,3334,461,3.5
38399,2670,3334,468,3
38400,2670,3334,472,4
38401,2670,3334,505,3.5
38402,2670,3334,547,3
38403,2670,3334,575,4
38404,2670,3334,605,4
38405,2669,3331,564,4
38406,2668,3330,119,4
38407,2668,3330,242,5
38408,2668,3330,376,4
38409,2668,3330,387,3
38410,2668,3330,472,5
38411,2668,3330,547,3.5
38412,2668,3330,575,3
38413,2667,3329,102,4
38414,2666,3328,15,4
38415,2666,3328,17,4
38416,2666,3328,38,5
38417,2666,3328,63,4
38418,2666,3328,73,4.5
38419,2666,3328,105,3
38420,2666,3328,165,3.5
38421,2666,3328,299,4
38422,2666,3328,350,5
38423,2666,3328,407,4
38424,2666,3328,430,1.5
38425,2666,3328,472,2
38426,2666,3328,509,4
38427,2666,3328,528,2.5
38428,2666,3328,544,5
38429,2666,3328,547,4
38430,2666,3328,558,5
38431,2666,3328,580,4.5
38432,2666,3328,598,1
38433,2666,3328,608,4
38434,2665,3327,102,2
38435,2665,3327,509,3
38436,2665,3327,624,4
38437,2664,3326,189,3
38438,2664,3326,452,2
38439,2664,3326,669,2
38440,2663,3325,564,4
38441,2663,3325,626,2
38442,2663,3325,665,3
38443,2662,3324,12,1
38444,2662,3324,102,2
38445,2662,3324,105,2.5
38446,2662,3324,119,2
38447,2662,3324,196,2
38448,2662,3324,239,4
38449,2662,3324,564,1
38450,2661,3320,15,5
38451,2661,3320,220,4
38452,2660,3318,15,3
38453,2659,3317,15,5
38454,2659,3317,23,4
38455,2659,3317,33,2
38456,2659,3317,93,4
38457,2659,3317,102,2
38458,2659,3317,111,3.5
38459,2659,3317,119,4
38460,2659,3317,131,4
38461,2659,3317,133,0.5
38462,2659,3317,196,5
38463,2659,3317,216,4.5
38464,2659,3317,220,2
38465,2659,3317,242,5
38466,2659,3317,267,4
38467,2659,3317,311,3
38468,2659,3317,345,5
38469,2659,3317,388,4
38470,2659,3317,407,5
38471,2659,3317,427,5
38472,2659,3317,439,4
38473,2659,3317,452,5
38474,2659,3317,460,4
38475,2659,3317,461,3
38476,2659,3317,463,4
38477,2659,3317,468,3
38478,2659,3317,472,4
38479,2659,3317,509,4
38480,2659,3317,520,4
38481,2659,3317,528,3
38482,2659,3317,529,4
38483,2659,3317,547,4
38484,2659,3317,558,5
38485,2659,3317,580,4
38486,2659,3317,624,4
38487,2659,3317,665,4
38488,2658,3316,15,1.5
38489,2658,3316,30,2
38490,2658,3316,150,2.5
38491,2658,3316,189,3
38492,2658,3316,214,2
38493,2658,3316,349,4
38494,2658,3316,367,3.5
38495,2658,3316,412,1
38496,2658,3316,452,0.5
38497,2658,3316,520,0.5
38498,2658,3316,665,4
38499,2657,3314,468,2.5
38500,2656,3313,232,3
38501,2656,3313,564,4
38502,2655,3310,23,5
38503,2655,3310,236,5
38504,2655,3310,452,3.5
38505,2655,3310,468,4.5
38506,2655,3310,481,5
38507,2655,3310,547,5
38508,2655,3310,580,4
38509,2655,3310,648,3.5
38510,2654,3309,468,4.5
38511,2654,3309,554,4
38512,2653,3308,30,4
38513,2653,3308,102,2
38514,2653,3308,119,5
38515,2653,3308,242,4
38516,2653,3308,263,3
38517,2653,3308,326,3
38518,2653,3308,358,4
38519,2653,3308,387,4
38520,2653,3308,472,3
38521,2653,3308,533,3
38522,2652,3307,15,3
38523,2652,3307,23,4
38524,2652,3307,45,4.5
38525,2652,3307,102,5
38526,2652,3307,195,3
38527,2652,3307,236,5
38528,2652,3307,265,3
38529,2652,3307,358,5
38530,2652,3307,387,5
38531,2652,3307,394,1.5
38532,2652,3307,452,2.5
38533,2652,3307,468,4
38534,2652,3307,481,5
38535,2652,3307,505,4
38536,2652,3307,509,5
38537,2652,3307,519,5
38538,2652,3307,547,5
38539,2652,3307,580,3.5
38540,2652,3307,581,0.5
38541,2652,3307,585,5
38542,2652,3307,587,4
38543,2652,3307,608,5
38544,2652,3307,648,4.5
38545,2651,3306,236,4.5
38546,2651,3306,468,4
38547,2651,3306,481,5
38548,2651,3306,648,4
38549,2650,3304,472,3
38550,2650,3304,529,3
38551,2650,3304,564,4
38552,2649,3303,609,1
38553,2648,3302,509,4
38554,2647,3301,15,4
38555,2647,3301,43,2
38556,2647,3301,84,4
38557,2647,3301,102,2
38558,2647,3301,150,3.5
38559,2647,3301,196,4
38560,2647,3301,212,3
38561,2647,3301,213,3.5
38562,2647,3301,226,2.5
38563,2647,3301,239,4
38564,2647,3301,242,4
38565,2647,3301,255,2
38566,2647,3301,294,4
38567,2647,3301,313,3.5
38568,2647,3301,358,1
38569,2647,3301,380,3
38570,2647,3301,452,4
38571,2647,3301,520,3
38572,2647,3301,522,3
38573,2647,3301,547,2
38574,2647,3301,558,3
38575,2647,3301,561,3
38576,2647,3301,607,4
38577,2647,3301,624,4
38578,2647,3301,654,2.5
38579,2647,3301,665,5
38580,2646,3300,6,3.5
38581,2646,3300,15,5
38582,2646,3300,22,3
38583,2646,3300,41,4
38584,2646,3300,73,3.5
38585,2646,3300,95,5
38586,2646,3300,107,3.5
38587,2646,3300,165,1.5
38588,2646,3300,199,4
38589,2646,3300,212,3.5
38590,2646,3300,213,3
38591,2646,3300,316,3
38592,2646,3300,346,2
38593,2646,3300,353,2.5
38594,2646,3300,355,4
38595,2646,3300,380,2.5
38596,2646,3300,384,3
38597,2646,3300,386,3
38598,2646,3300,412,2
38599,2646,3300,439,3
38600,2646,3300,520,3.5
38601,2646,3300,558,5
38602,2646,3300,580,3.5
38603,2646,3300,626,3
38604,2646,3300,654,2.5
38605,2646,3300,665,3
38606,2645,3299,128,3
38607,2645,3299,189,1
38608,2645,3299,239,4
38609,2645,3299,294,3
38610,2645,3299,381,2
38611,2645,3299,452,0.5
38612,2644,3298,12,4
38613,2644,3298,15,4
38614,2644,3298,30,5
38615,2644,3298,33,4
38616,2644,3298,73,4
38617,2644,3298,78,4
38618,2644,3298,95,4
38619,2644,3298,99,2
38620,2644,3298,111,2.5
38621,2644,3298,128,3
38622,2644,3298,189,3
38623,2644,3298,190,3
38624,2644,3298,203,2.5
38625,2644,3298,253,1.5
38626,2644,3298,345,4
38627,2644,3298,350,4
38628,2644,3298,353,3
38629,2644,3298,380,3
38630,2644,3298,387,4
38631,2644,3298,388,4
38632,2644,3298,407,4
38633,2644,3298,452,3
38634,2644,3298,509,4
38635,2644,3298,528,4
38636,2644,3298,558,4
38637,2644,3298,579,0.5
38638,2644,3298,608,3
38639,2644,3298,626,3
38640,2644,3298,665,4
38641,2643,3296,30,4
38642,2643,3296,232,4
38643,2643,3296,262,2
38644,2643,3296,291,4
38645,2643,3296,311,4
38646,2643,3296,452,3.5
38647,2643,3296,529,3
38648,2643,3296,547,4
38649,2642,3294,262,2.5
38650,2641,3292,547,3.5
38651,2640,3289,427,4
38652,2640,3289,452,4
38653,2639,3287,287,3.5
38654,2639,3287,380,3
38655,2639,3287,398,3
38656,2639,3287,665,4
38657,2638,3286,15,3
38658,2638,3286,30,2
38659,2638,3286,34,1
38660,2638,3286,43,2
38661,2638,3286,239,3
38662,2638,3286,624,2
38663,2637,3285,15,2
38664,2637,3285,22,2
38665,2637,3285,95,4
38666,2637,3285,102,2
38667,2637,3285,105,2.5
38668,2637,3285,128,3
38669,2637,3285,189,3
38670,2637,3285,196,3
38671,2637,3285,202,4
38672,2637,3285,220,4
38673,2637,3285,327,4.5
38674,2637,3285,371,3.5
38675,2637,3285,386,2
38676,2637,3285,407,3
38677,2637,3285,457,2.5
38678,2637,3285,468,2
38679,2637,3285,472,3
38680,2637,3285,475,2
38681,2637,3285,481,4
38682,2637,3285,524,5
38683,2637,3285,547,2
38684,2637,3285,584,2.5
38685,2637,3285,596,5
38686,2637,3285,598,3
38687,2637,3285,608,3
38688,2637,3285,626,4
38689,2637,3285,665,1
38690,2636,3284,232,4
38691,2636,3284,529,2
38692,2636,3284,575,5
38693,2636,3284,624,3
38694,2635,3282,564,4
38695,2635,3282,652,4
38696,2634,3281,564,5
38697,2633,3276,624,1
38698,2632,3275,15,0.5
38699,2632,3275,26,4
38700,2632,3275,73,3.5
38701,2632,3275,77,4.5
38702,2632,3275,178,3
38703,2632,3275,187,4
38704,2632,3275,201,4
38705,2632,3275,212,4
38706,2632,3275,230,5
38707,2632,3275,275,2
38708,2632,3275,346,4
38709,2632,3275,353,3.5
38710,2632,3275,423,1.5
38711,2632,3275,430,5
38712,2632,3275,457,2.5
38713,2632,3275,483,1.5
38714,2632,3275,515,5
38715,2632,3275,561,4.5
38716,2632,3275,580,3.5
38717,2632,3275,596,4
38718,2632,3275,615,3.5
38719,2632,3275,664,4.5
38720,2631,3274,30,4
38721,2631,3274,53,4
38722,2631,3274,220,3
38723,2631,3274,306,4
38724,2631,3274,312,2
38725,2631,3274,452,2
38726,2631,3274,534,3
38727,2631,3274,547,3
38728,2631,3274,564,5
38729,2631,3274,624,4
38730,2631,3274,654,4
38731,2630,3273,15,1
38732,2630,3273,33,2
38733,2630,3273,73,2.5
38734,2630,3273,78,5
38735,2630,3273,95,3
38736,2630,3273,102,3
38737,2630,3273,111,2.5
38738,2630,3273,123,3
38739,2630,3273,187,3
38740,2630,3273,189,3
38741,2630,3273,212,2.5
38742,2630,3273,243,3
38743,2630,3273,262,1.5
38744,2630,3273,327,4
38745,2630,3273,379,2
38746,2630,3273,384,3
38747,2630,3273,386,2
38748,2630,3273,392,1
38749,2630,3273,412,4
38750,2630,3273,522,3
38751,2630,3273,560,4
38752,2630,3273,564,4
38753,2630,3273,571,2.5
38754,2630,3273,574,2.5
38755,2630,3273,598,2
38756,2630,3273,626,5
38757,2630,3273,665,2
38758,2629,3272,15,2
38759,2629,3272,262,2
38760,2629,3272,299,4.5
38761,2629,3272,358,2
38762,2629,3272,452,4
38763,2629,3272,457,4
38764,2629,3272,564,5
38765,2629,3272,608,3
38766,2628,3271,105,3
38767,2628,3271,157,3.5
38768,2628,3271,165,3
38769,2628,3271,195,3
38770,2628,3271,232,5
38771,2628,3271,235,4.5
38772,2628,3271,292,4
38773,2628,3271,353,2.5
38774,2628,3271,388,4
38775,2628,3271,468,2
38776,2628,3271,547,3.5
38777,2628,3271,557,1.5
38778,2628,3271,564,4
38779,2628,3271,592,3
38780,2628,3271,671,4
38781,2627,3270,111,4
38782,2627,3270,242,4
38783,2627,3270,247,3
38784,2627,3270,294,4.5
38785,2627,3270,306,3
38786,2627,3270,382,5
38787,2627,3270,461,4
38788,2627,3270,468,2
38789,2627,3270,564,3
38790,2627,3270,614,4
38791,2627,3270,652,4
38792,2626,3269,30,3
38793,2626,3269,49,2
38794,2626,3269,95,3
38795,2626,3269,153,3
38796,2626,3269,212,2.5
38797,2626,3269,213,2.5
38798,2626,3269,220,2
38799,2626,3269,306,4
38800,2626,3269,311,2
38801,2626,3269,358,1
38802,2626,3269,439,2
38803,2626,3269,452,2
38804,2626,3269,493,4
38805,2626,3269,533,3
38806,2626,3269,534,4
38807,2626,3269,547,0.5
38808,2626,3269,564,3
38809,2626,3269,575,2
38810,2626,3269,654,4
38811,2626,3269,665,3
38812,2625,3268,56,2
38813,2625,3268,232,1
38814,2625,3268,247,2
38815,2625,3268,311,1.5
38816,2625,3268,384,2.5
38817,2625,3268,386,1
38818,2625,3268,414,1
38819,2625,3268,453,3
38820,2625,3268,564,3
38821,2625,3268,624,1
38822,2624,3267,15,3
38823,2624,3267,17,4
38824,2624,3267,23,3.5
38825,2624,3267,73,3.5
38826,2624,3267,119,4
38827,2624,3267,198,3.5
38828,2624,3267,299,4
38829,2624,3267,312,2
38830,2624,3267,397,4
38831,2624,3267,460,3.5
38832,2624,3267,580,4
38833,2624,3267,596,3.5
38834,2624,3267,624,3.5
38835,2624,3267,648,4
38836,2623,3266,15,5
38837,2623,3266,102,4
38838,2623,3266,472,4
38839,2623,3266,509,4
38840,2623,3266,510,1
38841,2623,3266,564,3
38842,2623,3266,608,4
38843,2623,3266,609,1
38844,2622,3265,4,5
38845,2622,3265,15,4
38846,2622,3265,73,4
38847,2622,3265,102,4
38848,2622,3265,232,5
38849,2622,3265,274,3.5
38850,2622,3265,346,4
38851,2622,3265,460,2.5
38852,2622,3265,472,4
38853,2622,3265,608,5
38854,2621,3264,77,3
38855,2621,3264,95,4
38856,2621,3264,102,4
38857,2621,3264,158,1.5
38858,2621,3264,247,2
38859,2621,3264,294,3.5
38860,2621,3264,353,3
38861,2621,3264,355,1
38862,2621,3264,470,4.5
38863,2621,3264,482,3
38864,2621,3264,564,1
38865,2621,3264,605,3
38866,2621,3264,624,1.5
38867,2621,3264,652,4
38868,2621,3264,654,4
38869,2620,3263,4,3
38870,2620,3263,30,4
38871,2620,3263,73,4
38872,2620,3263,105,3
38873,2620,3263,119,2
38874,2620,3263,189,2
38875,2620,3263,212,1
38876,2620,3263,217,4
38877,2620,3263,219,5
38878,2620,3263,239,4
38879,2620,3263,247,3
38880,2620,3263,285,2
38881,2620,3263,358,4
38882,2620,3263,365,4.5
38883,2620,3263,380,4.5
38884,2620,3263,388,4
38885,2620,3263,397,3.5
38886,2620,3263,452,3
38887,2620,3263,461,2.5
38888,2620,3263,463,2
38889,2620,3263,468,2.5
38890,2620,3263,472,4
38891,2620,3263,509,3.5
38892,2620,3263,547,4
38893,2620,3263,564,3
38894,2620,3263,580,4
38895,2620,3263,624,4
38896,2620,3263,648,4
38897,2620,3263,665,4
38898,2619,3262,15,1
38899,2619,3262,17,4.5
38900,2619,3262,102,3
38901,2619,3262,148,3
38902,2619,3262,189,5
38903,2619,3262,299,3.5
38904,2619,3262,345,4.5
38905,2619,3262,457,4
38906,2619,3262,471,3.5
38907,2619,3262,547,0.5
38908,2619,3262,564,4
38909,2619,3262,624,3
38910,2618,3261,15,4
38911,2618,3261,83,4
38912,2618,3261,95,4
38913,2618,3261,111,3.5
38914,2618,3261,150,3
38915,2618,3261,239,4
38916,2618,3261,306,4
38917,2618,3261,462,3.5
38918,2618,3261,534,3
38919,2618,3261,547,3
38920,2618,3261,564,4
38921,2618,3261,654,4
38922,2617,3260,232,5
38923,2617,3260,242,4
38924,2617,3260,265,2
38925,2617,3260,306,4
38926,2617,3260,330,4
38927,2617,3260,405,1
38928,2617,3260,407,5
38929,2617,3260,431,3
38930,2617,3260,452,4
38931,2617,3260,463,4
38932,2617,3260,472,4
38933,2617,3260,510,5
38934,2617,3260,529,4
38935,2617,3260,533,4
38936,2617,3260,547,5
38937,2617,3260,575,5
38938,2617,3260,605,2
38939,2616,3259,242,3
38940,2616,3259,294,3
38941,2616,3259,311,3
38942,2616,3259,358,3
38943,2616,3259,388,4
38944,2616,3259,407,3
38945,2616,3259,461,1
38946,2616,3259,463,3
38947,2616,3259,468,2
38948,2616,3259,493,5
38949,2616,3259,533,3
38950,2616,3259,534,4
38951,2616,3259,564,3
38952,2616,3259,654,4
38953,2616,3259,665,3
38954,2615,3258,30,3
38955,2615,3258,54,4
38956,2615,3258,95,4
38957,2615,3258,187,4
38958,2615,3258,213,1
38959,2615,3258,219,3
38960,2615,3258,239,4
38961,2615,3258,247,3
38962,2615,3258,285,2
38963,2615,3258,294,4
38964,2615,3258,306,1
38965,2615,3258,330,2
38966,2615,3258,358,2
38967,2615,3258,359,3.5
38968,2615,3258,452,2
38969,2615,3258,460,1
38970,2615,3258,468,2.5
38971,2615,3258,529,4
38972,2615,3258,564,5
38973,2615,3258,624,3
38974,2615,3258,665,2
38975,2614,3257,30,3
38976,2614,3257,95,4
38977,2614,3257,105,3.5
38978,2614,3257,111,1
38979,2614,3257,152,3
38980,2614,3257,165,2
38981,2614,3257,195,3
38982,2614,3257,212,2
38983,2614,3257,220,3
38984,2614,3257,242,4
38985,2614,3257,255,1.5
38986,2614,3257,294,3
38987,2614,3257,306,3
38988,2614,3257,311,4
38989,2614,3257,327,3
38990,2614,3257,353,2
38991,2614,3257,358,2
38992,2614,3257,386,2
38993,2614,3257,405,3.5
38994,2614,3257,412,5
38995,2614,3257,452,2
38996,2614,3257,457,2
38997,2614,3257,463,3
38998,2614,3257,534,5
38999,2614,3257,564,1
39000,2614,3257,574,3
39001,2614,3257,580,1.5
39002,2614,3257,624,1
39003,2614,3257,665,3
39004,2613,3256,15,2
39005,2613,3256,30,4
39006,2613,3256,34,3
39007,2613,3256,73,3
39008,2613,3256,78,4
39009,2613,3256,93,3.5
39010,2613,3256,118,4
39011,2613,3256,130,2.5
39012,2613,3256,141,4
39013,2613,3256,148,4
39014,2613,3256,150,4
39015,2613,3256,195,4
39016,2613,3256,207,3
39017,2613,3256,212,3.5
39018,2613,3256,213,3
39019,2613,3256,214,4
39020,2613,3256,232,4
39021,2613,3256,242,5
39022,2613,3256,243,3
39023,2613,3256,247,4
39024,2613,3256,268,3
39025,2613,3256,282,4.5
39026,2613,3256,287,4
39027,2613,3256,306,4
39028,2613,3256,311,3.5
39029,2613,3256,312,5
39030,2613,3256,330,3
39031,2613,3256,381,2
39032,2613,3256,388,4
39033,2613,3256,405,3.5
39034,2613,3256,407,3
39035,2613,3256,452,3
39036,2613,3256,453,5
39037,2613,3256,457,2
39038,2613,3256,461,2.5
39039,2613,3256,463,3
39040,2613,3256,480,4
39041,2613,3256,534,4
39042,2613,3256,564,4
39043,2613,3256,569,4
39044,2613,3256,575,3
39045,2613,3256,580,3
39046,2613,3256,581,4.5
39047,2613,3256,586,1
39048,2613,3256,598,3.5
39049,2613,3256,604,4
39050,2613,3256,607,4
39051,2613,3256,624,4
39052,2612,3255,4,4
39053,2612,3255,13,3.5
39054,2612,3255,15,2
39055,2612,3255,30,4
39056,2612,3255,43,3
39057,2612,3255,52,4
39058,2612,3255,56,2
39059,2612,3255,73,2.5
39060,2612,3255,88,3
39061,2612,3255,93,3
39062,2612,3255,95,4
39063,2612,3255,102,4
39064,2612,3255,105,2.5
39065,2612,3255,111,4.5
39066,2612,3255,119,2
39067,2612,3255,156,5
39068,2612,3255,165,3
39069,2612,3255,185,3
39070,2612,3255,195,2
39071,2612,3255,212,3.5
39072,2612,3255,219,3
39073,2612,3255,239,5
39074,2612,3255,242,5
39075,2612,3255,245,4
39076,2612,3255,247,4
39077,2612,3255,253,4.5
39078,2612,3255,265,3
39079,2612,3255,292,4
39080,2612,3255,294,3
39081,2612,3255,303,3
39082,2612,3255,306,4
39083,2612,3255,311,4
39084,2612,3255,358,5
39085,2612,3255,380,3
39086,2612,3255,388,4
39087,2612,3255,412,5
39088,2612,3255,452,5
39089,2612,3255,457,2.5
39090,2612,3255,461,3
39091,2612,3255,462,3
39092,2612,3255,468,3
39093,2612,3255,500,3
39094,2612,3255,533,4
39095,2612,3255,534,3
39096,2612,3255,547,3
39097,2612,3255,562,4
39098,2612,3255,564,3
39099,2612,3255,575,5
39100,2612,3255,582,3.5
39101,2612,3255,598,3
39102,2612,3255,607,0.5
39103,2612,3255,621,3
39104,2612,3255,624,4
39105,2612,3255,634,1.5
39106,2612,3255,646,5
39107,2612,3255,654,3.5
39108,2612,3255,665,3
39109,2611,3254,43,2
39110,2611,3254,73,2.5
39111,2611,3254,89,4
39112,2611,3254,111,4
39113,2611,3254,150,3.5
39114,2611,3254,232,4
39115,2611,3254,239,3
39116,2611,3254,285,2
39117,2611,3254,294,2
39118,2611,3254,306,4
39119,2611,3254,331,3
39120,2611,3254,358,2
39121,2611,3254,380,3
39122,2611,3254,388,3
39123,2611,3254,423,2.5
39124,2611,3254,457,2.5
39125,2611,3254,547,4
39126,2611,3254,564,3
39127,2611,3254,580,3
39128,2611,3254,606,4
39129,2611,3254,624,4
39130,2611,3254,654,4
39131,2610,3253,15,3
39132,2610,3253,17,2
39133,2610,3253,22,1.5
39134,2610,3253,30,4
39135,2610,3253,41,3
39136,2610,3253,56,4
39137,2610,3253,59,4
39138,2610,3253,69,4.5
39139,2610,3253,73,3.5
39140,2610,3253,83,3.5
39141,2610,3253,97,3
39142,2610,3253,102,3
39143,2610,3253,105,2.5
39144,2610,3253,111,4.5
39145,2610,3253,119,3
39146,2610,3253,120,3.5
39147,2610,3253,125,4.5
39148,2610,3253,130,3
39149,2610,3253,131,2
39150,2610,3253,134,4
39151,2610,3253,150,3.5
39152,2610,3253,164,3.5
39153,2610,3253,165,3.5
39154,2610,3253,187,4
39155,2610,3253,195,1
39156,2610,3253,212,1.5
39157,2610,3253,219,3
39158,2610,3253,220,4
39159,2610,3253,232,4
39160,2610,3253,239,4
39161,2610,3253,247,4
39162,2610,3253,253,4
39163,2610,3253,294,3
39164,2610,3253,299,4.5
39165,2610,3253,304,3.5
39166,2610,3253,306,4
39167,2610,3253,312,2
39168,2610,3253,353,3
39169,2610,3253,358,3
39170,2610,3253,367,2.5
39171,2610,3253,380,3
39172,2610,3253,387,1
39173,2610,3253,401,5
39174,2610,3253,412,1
39175,2610,3253,422,4
39176,2610,3253,439,3
39177,2610,3253,452,3
39178,2610,3253,457,3.5
39179,2610,3253,460,3.5
39180,2610,3253,461,4
39181,2610,3253,462,4
39182,2610,3253,463,4
39183,2610,3253,468,2.5
39184,2610,3253,480,4
39185,2610,3253,500,3
39186,2610,3253,509,3
39187,2610,3253,519,4
39188,2610,3253,534,4
39189,2610,3253,544,4
39190,2610,3253,547,5
39191,2610,3253,564,3
39192,2610,3253,580,3
39193,2610,3253,585,4
39194,2610,3253,592,4
39195,2610,3253,596,4
39196,2610,3253,598,4.5
39197,2610,3253,607,3.5
39198,2610,3253,624,4.5
39199,2610,3253,627,1
39200,2610,3253,646,5
39201,2610,3253,654,4.5
39202,2610,3253,664,4
39203,2610,3253,665,3
39204,2610,3253,671,3
39205,2609,3252,23,4.5
39206,2609,3252,30,4
39207,2609,3252,73,4
39208,2609,3252,75,3.5
39209,2609,3252,83,4
39210,2609,3252,111,3
39211,2609,3252,118,4
39212,2609,3252,119,4
39213,2609,3252,160,5
39214,2609,3252,187,4
39215,2609,3252,212,4
39216,2609,3252,220,5
39217,2609,3252,232,4
39218,2609,3252,295,4.5
39219,2609,3252,306,3
39220,2609,3252,311,4
39221,2609,3252,313,4
39222,2609,3252,374,4
39223,2609,3252,380,4
39224,2609,3252,388,4
39225,2609,3252,431,4
39226,2609,3252,468,3
39227,2609,3252,485,3.5
39228,2609,3252,505,3
39229,2609,3252,554,4
39230,2609,3252,564,4
39231,2609,3252,572,4
39232,2609,3252,577,4.5
39233,2609,3252,652,5
39234,2609,3252,665,3
39235,2608,3251,4,5
39236,2608,3251,58,5
39237,2608,3251,102,3
39238,2608,3251,187,4
39239,2608,3251,242,4
39240,2608,3251,322,3
39241,2608,3251,461,1.5
39242,2608,3251,529,4
39243,2608,3251,564,4
39244,2608,3251,656,5
39245,2607,3250,15,2
39246,2607,3250,102,4
39247,2607,3250,119,2
39248,2607,3250,142,3
39249,2607,3250,220,2
39250,2607,3250,286,3
39251,2607,3250,306,2
39252,2607,3250,388,3
39253,2607,3250,452,3
39254,2607,3250,461,2
39255,2607,3250,534,4
39256,2607,3250,564,3
39257,2606,3249,30,4
39258,2606,3249,160,5
39259,2606,3249,220,3
39260,2606,3249,235,4.5
39261,2606,3249,260,3.5
39262,2606,3249,306,4
39263,2606,3249,452,3
39264,2606,3249,457,2
39265,2606,3249,461,1.5
39266,2606,3249,463,3
39267,2606,3249,509,2.5
39268,2606,3249,534,4
39269,2606,3249,564,4
39270,2606,3249,605,3
39271,2606,3249,624,4
39272,2606,3249,627,3
39273,2606,3249,654,4
39274,2605,3248,23,3
39275,2605,3248,232,1
39276,2605,3248,235,4
39277,2605,3248,239,4
39278,2605,3248,294,3
39279,2605,3248,306,2
39280,2605,3248,311,2
39281,2605,3248,358,2
39282,2605,3248,380,2
39283,2605,3248,386,2
39284,2605,3248,405,2
39285,2605,3248,457,1.5
39286,2605,3248,564,3
39287,2605,3248,624,2
39288,2605,3248,665,2
39289,2604,3247,30,3
39290,2604,3247,43,3
39291,2604,3247,46,4
39292,2604,3247,49,3
39293,2604,3247,68,3
39294,2604,3247,111,3.5
39295,2604,3247,130,3.5
39296,2604,3247,140,3.5
39297,2604,3247,146,3
39298,2604,3247,212,2
39299,2604,3247,213,2
39300,2604,3247,220,2
39301,2604,3247,232,1
39302,2604,3247,239,4
39303,2604,3247,242,4
39304,2604,3247,294,4
39305,2604,3247,304,2
39306,2604,3247,306,4
39307,2604,3247,311,4
39308,2604,3247,327,3
39309,2604,3247,358,3
39310,2604,3247,380,2
39311,2604,3247,405,4
39312,2604,3247,452,2
39313,2604,3247,457,2
39314,2604,3247,468,2.5
39315,2604,3247,500,3
39316,2604,3247,505,3
39317,2604,3247,529,4
39318,2604,3247,547,1
39319,2604,3247,564,4
39320,2604,3247,575,2
39321,2604,3247,577,4.5
39322,2604,3247,624,4
39323,2604,3247,638,3.5
39324,2604,3247,654,4
39325,2604,3247,665,3
39326,2603,3246,15,4
39327,2603,3246,23,4.5
39328,2603,3246,30,5
39329,2603,3246,102,4
39330,2603,3246,105,3
39331,2603,3246,125,3
39332,2603,3246,198,3.5
39333,2603,3246,208,4
39334,2603,3246,212,2.5
39335,2603,3246,232,5
39336,2603,3246,283,4
39337,2603,3246,309,4
39338,2603,3246,330,4
39339,2603,3246,388,4.5
39340,2603,3246,407,4
39341,2603,3246,431,5
39342,2603,3246,441,4
39343,2603,3246,452,5
39344,2603,3246,461,3.5
39345,2603,3246,468,3
39346,2603,3246,472,4
39347,2603,3246,505,3
39348,2603,3246,515,5
39349,2603,3246,534,4
39350,2603,3246,564,3
39351,2603,3246,587,4
39352,2603,3246,595,5
39353,2603,3246,606,3.5
39354,2603,3246,615,4
39355,2602,3245,23,4.5
39356,2601,3244,30,4
39357,2601,3244,160,4
39358,2601,3244,195,3
39359,2601,3244,232,4
39360,2601,3244,306,4
39361,2601,3244,358,4
39362,2601,3244,452,3
39363,2601,3244,493,3
39364,2601,3244,529,3
39365,2601,3244,547,3.5
39366,2601,3244,564,5
39367,2601,3244,575,4
39368,2601,3244,585,4
39369,2601,3244,605,2
39370,2600,3243,3,3
39371,2600,3243,94,1.5
39372,2600,3243,212,0.5
39373,2600,3243,247,3
39374,2600,3243,457,2
39375,2600,3243,564,4
39376,2600,3243,601,3
39377,2600,3243,665,2
39378,2599,3241,388,3
39379,2599,3241,407,4
39380,2598,3240,220,3
39381,2598,3240,414,2
39382,2597,3239,564,4
39383,2596,3238,189,1
39384,2596,3238,220,1
39385,2596,3238,499,1
39386,2596,3238,598,2
39387,2596,3238,626,3
39388,2596,3238,656,4
39389,2595,3235,232,4
39390,2595,3235,358,1
39391,2595,3235,648,4
39392,2594,3232,468,4
39393,2593,3225,15,1
39394,2593,3225,407,3
39395,2593,3225,412,1
39396,2593,3225,599,4
39397,2593,3225,665,4
39398,2592,3224,102,4
39399,2592,3224,257,3
39400,2592,3224,405,4
39401,2592,3224,472,4
39402,2591,3223,102,4
39403,2591,3223,262,3
39404,2591,3223,348,5
39405,2591,3223,564,3
39406,2590,3221,299,4
39407,2590,3221,470,4
39408,2589,3219,15,2
39409,2589,3219,30,4
39410,2589,3219,51,5
39411,2589,3219,119,4
39412,2589,3219,123,5
39413,2589,3219,189,4
39414,2589,3219,214,4
39415,2589,3219,306,3
39416,2589,3219,380,4
39417,2589,3219,452,3
39418,2589,3219,541,4
39419,2589,3219,547,3
39420,2589,3219,669,3
39421,2588,3218,30,1
39422,2588,3218,102,4
39423,2588,3218,299,5
39424,2588,3218,564,3
39425,2588,3218,608,5
39426,2587,3217,387,4
39427,2586,3216,262,5
39428,2585,3214,242,4
39429,2584,3213,22,4
39430,2584,3213,73,4.5
39431,2584,3213,213,3.5
39432,2584,3213,276,4
39433,2584,3213,285,4
39434,2584,3213,346,4.5
39435,2584,3213,353,2
39436,2584,3213,564,5
39437,2584,3213,652,4
39438,2584,3213,668,3
39439,2583,3211,547,4
39440,2583,3211,564,4
39441,2582,3210,4,4
39442,2582,3210,15,5
39443,2582,3210,30,4
39444,2582,3210,56,2
39445,2582,3210,73,3.5
39446,2582,3210,83,3.5
39447,2582,3210,102,4
39448,2582,3210,105,3
39449,2582,3210,106,4
39450,2582,3210,111,3
39451,2582,3210,120,4
39452,2582,3210,178,3
39453,2582,3210,187,5
39454,2582,3210,193,3
39455,2582,3210,195,3
39456,2582,3210,198,5
39457,2582,3210,208,3
39458,2582,3210,212,4
39459,2582,3210,214,4
39460,2582,3210,232,4
39461,2582,3210,292,4
39462,2582,3210,294,3
39463,2582,3210,296,4.5
39464,2582,3210,303,3.5
39465,2582,3210,306,4
39466,2582,3210,358,4
39467,2582,3210,380,4
39468,2582,3210,388,2
39469,2582,3210,423,2.5
39470,2582,3210,452,3
39471,2582,3210,457,3.5
39472,2582,3210,460,4
39473,2582,3210,461,4
39474,2582,3210,463,4
39475,2582,3210,468,3
39476,2582,3210,469,4.5
39477,2582,3210,472,5
39478,2582,3210,505,3.5
39479,2582,3210,527,3.5
39480,2582,3210,547,2
39481,2582,3210,564,5
39482,2582,3210,569,3
39483,2582,3210,580,3.5
39484,2582,3210,585,4
39485,2582,3210,587,3
39486,2582,3210,598,3
39487,2582,3210,601,3
39488,2582,3210,605,3
39489,2582,3210,606,3.5
39490,2582,3210,607,3.5
39491,2582,3210,654,4
39492,2582,3210,655,4
39493,2581,3208,4,2
39494,2581,3208,150,2
39495,2581,3208,285,1
39496,2581,3208,404,1
39497,2581,3208,457,1.5
39498,2581,3208,624,3
39499,2580,3207,263,3
39500,2579,3206,30,4
39501,2579,3206,306,3
39502,2579,3206,358,1
39503,2579,3206,547,3
39504,2578,3205,262,3
39505,2577,3204,30,4
39506,2577,3204,77,4
39507,2577,3204,118,4
39508,2577,3204,119,4
39509,2577,3204,214,4
39510,2577,3204,452,3
39511,2577,3204,564,4
39512,2576,3203,95,4
39513,2576,3203,102,4
39514,2576,3203,118,4
39515,2576,3203,123,5
39516,2576,3203,189,4
39517,2576,3203,306,2
39518,2576,3203,386,4
39519,2576,3203,388,5
39520,2576,3203,452,2
39521,2576,3203,461,3.5
39522,2576,3203,547,4
39523,2576,3203,564,4
39524,2576,3203,605,3
39525,2576,3203,626,4
39526,2576,3203,656,5
39527,2575,3202,450,5
39528,2574,3201,23,3.5
39529,2574,3201,102,4
39530,2574,3201,105,4
39531,2574,3201,119,5
39532,2574,3201,195,3
39533,2574,3201,220,4
39534,2574,3201,232,3
39535,2574,3201,242,5
39536,2574,3201,265,5
39537,2574,3201,376,4
39538,2574,3201,387,5
39539,2574,3201,452,4
39540,2574,3201,468,3
39541,2574,3201,472,5
39542,2574,3201,505,3
39543,2574,3201,509,4
39544,2574,3201,529,5
39545,2574,3201,547,3
39546,2574,3201,558,5
39547,2574,3201,587,4
39548,2573,3200,118,5
39549,2573,3200,232,5
39550,2573,3200,265,5
39551,2573,3200,423,4.5
39552,2573,3200,452,4
39553,2573,3200,472,4
39554,2573,3200,505,3.5
39555,2573,3200,529,3
39556,2573,3200,547,4
39557,2573,3200,564,5
39558,2572,3199,222,5
39559,2572,3199,387,4
39560,2572,3199,547,2
39561,2571,3198,30,5
39562,2571,3198,83,4
39563,2571,3198,102,4
39564,2571,3198,105,3.5
39565,2571,3198,118,5
39566,2571,3198,119,4
39567,2571,3198,195,4
39568,2571,3198,198,5
39569,2571,3198,242,5
39570,2571,3198,388,3
39571,2571,3198,423,3.5
39572,2571,3198,426,2
39573,2571,3198,452,4
39574,2571,3198,468,3
39575,2571,3198,531,2
39576,2571,3198,564,5
39577,2571,3198,587,4
39578,2571,3198,596,4.5
39579,2571,3198,624,4
39580,2571,3198,628,4
39581,2571,3198,661,4.5
39582,2570,3197,30,4
39583,2570,3197,195,3
39584,2570,3197,388,2
39585,2570,3197,564,4
39586,2569,3196,20,0.5
39587,2569,3196,34,5
39588,2569,3196,49,4
39589,2569,3196,77,4
39590,2569,3196,102,4
39591,2569,3196,118,4
39592,2569,3196,195,3
39593,2569,3196,232,4
39594,2569,3196,248,5
39595,2569,3196,311,4.5
39596,2569,3196,336,5
39597,2569,3196,387,5
39598,2569,3196,468,3
39599,2569,3196,533,4
39600,2569,3196,558,5
39601,2569,3196,569,5
39602,2569,3196,575,4
39603,2569,3196,585,5
39604,2569,3196,587,4
39605,2569,3196,609,1
39606,2568,3194,119,4
39607,2568,3194,160,4
39608,2568,3194,195,3
39609,2568,3194,265,3
39610,2568,3194,311,4.5
39611,2568,3194,452,3.5
39612,2568,3194,523,4
39613,2568,3194,529,3
39614,2568,3194,533,3
39615,2568,3194,547,3.5
39616,2568,3194,564,5
39617,2567,3192,220,4
39618,2566,3190,564,1
39619,2565,3189,43,4
39620,2565,3189,262,2
39621,2565,3189,293,4.5
39622,2565,3189,345,3
39623,2565,3189,380,3
39624,2565,3189,381,4
39625,2565,3189,382,3
39626,2565,3189,452,3
39627,2565,3189,509,4
39628,2564,3188,427,4
39629,2564,3188,472,4
39630,2564,3188,509,3
39631,2564,3188,547,3
39632,2563,3186,99,2
39633,2563,3186,187,4
39634,2563,3186,189,2
39635,2563,3186,212,4
39636,2563,3186,220,4
39637,2563,3186,235,4.5
39638,2563,3186,245,5
39639,2563,3186,306,4
39640,2563,3186,380,3
39641,2563,3186,381,4
39642,2563,3186,412,5
39643,2563,3186,427,2
39644,2563,3186,452,4
39645,2563,3186,461,2.5
39646,2563,3186,547,2
39647,2563,3186,558,4
39648,2563,3186,564,4
39649,2563,3186,565,5
39650,2563,3186,596,3.5
39651,2563,3186,665,4
39652,2562,3185,15,2
39653,2562,3185,30,3
39654,2562,3185,95,4
39655,2562,3185,105,3.5
39656,2562,3185,128,3
39657,2562,3185,141,2
39658,2562,3185,311,3.5
39659,2562,3185,405,4.5
39660,2562,3185,463,3
39661,2562,3185,558,4
39662,2562,3185,564,3
39663,2562,3185,614,1
39664,2562,3185,653,5
39665,2561,3183,245,4
39666,2561,3183,547,2
39667,2561,3183,558,4
39668,2561,3183,564,4
39669,2560,3182,15,2
39670,2560,3182,220,4
39671,2560,3182,427,4
39672,2560,3182,452,4
39673,2560,3182,461,3
39674,2560,3182,472,4
39675,2560,3182,547,3.5
39676,2560,3182,595,2
39677,2559,3181,15,1
39678,2559,3181,119,4
39679,2559,3181,189,5
39680,2559,3181,341,5
39681,2559,3181,407,5
39682,2559,3181,427,3
39683,2558,3180,509,2
39684,2557,3179,12,2
39685,2557,3179,102,2
39686,2557,3179,189,1
39687,2557,3179,193,4
39688,2557,3179,212,4.5
39689,2557,3179,220,3
39690,2557,3179,407,4
39691,2557,3179,509,4
39692,2557,3179,564,3
39693,2557,3179,605,3
39694,2557,3179,656,5
39695,2556,3178,53,4
39696,2556,3178,73,4
39697,2556,3178,94,4
39698,2556,3178,118,4
39699,2556,3178,128,4
39700,2556,3178,160,4
39701,2556,3178,195,1
39702,2556,3178,214,5
39703,2556,3178,220,3
39704,2556,3178,245,4
39705,2556,3178,295,4.5
39706,2556,3178,307,4
39707,2556,3178,353,3.5
39708,2556,3178,358,2
39709,2556,3178,380,3
39710,2556,3178,441,4.5
39711,2556,3178,509,4
39712,2556,3178,522,3.5
39713,2556,3178,534,4
39714,2556,3178,539,4
39715,2556,3178,564,3
39716,2556,3178,608,3
39717,2555,3177,189,1
39718,2555,3177,350,4
39719,2555,3177,509,3
39720,2555,3177,566,3.5
39721,2555,3177,596,3.5
39722,2555,3177,598,4
39723,2554,3176,5,3.5
39724,2554,3176,12,3
39725,2554,3176,15,2
39726,2554,3176,22,2.5
39727,2554,3176,23,5
39728,2554,3176,30,4
39729,2554,3176,63,5
39730,2554,3176,83,4.5
39731,2554,3176,93,3
39732,2554,3176,102,2
39733,2554,3176,105,3.5
39734,2554,3176,107,3.5
39735,2554,3176,115,4.5
39736,2554,3176,118,4
39737,2554,3176,128,3
39738,2554,3176,148,3.5
39739,2554,3176,149,4
39740,2554,3176,187,5
39741,2554,3176,189,4
39742,2554,3176,190,5
39743,2554,3176,198,1.5
39744,2554,3176,212,3.5
39745,2554,3176,214,5
39746,2554,3176,220,4
39747,2554,3176,235,4.5
39748,2554,3176,240,3.5
39749,2554,3176,242,5
39750,2554,3176,243,2.5
39751,2554,3176,245,3
39752,2554,3176,248,4
39753,2554,3176,292,3.5
39754,2554,3176,293,1.5
39755,2554,3176,306,4
39756,2554,3176,311,3.5
39757,2554,3176,313,3
39758,2554,3176,322,3
39759,2554,3176,323,3.5
39760,2554,3176,345,2
39761,2554,3176,368,5
39762,2554,3176,380,3
39763,2554,3176,386,3
39764,2554,3176,405,0.5
39765,2554,3176,407,5
39766,2554,3176,427,4
39767,2554,3176,444,3
39768,2554,3176,452,4
39769,2554,3176,461,2.5
39770,2554,3176,462,3.5
39771,2554,3176,463,2
39772,2554,3176,466,4
39773,2554,3176,472,3
39774,2554,3176,505,4
39775,2554,3176,523,4
39776,2554,3176,534,4
39777,2554,3176,546,4.5
39778,2554,3176,547,4.5
39779,2554,3176,558,4
39780,2554,3176,564,2
39781,2554,3176,569,2
39782,2554,3176,574,4
39783,2554,3176,596,4.5
39784,2554,3176,598,3
39785,2554,3176,626,3
39786,2554,3176,645,1
39787,2554,3176,653,4
39788,2554,3176,656,5
39789,2553,3175,14,5
39790,2553,3175,15,4
39791,2553,3175,41,4
39792,2553,3175,51,4
39793,2553,3175,73,2.5
39794,2553,3175,77,3.5
39795,2553,3175,94,1.5
39796,2553,3175,103,4
39797,2553,3175,119,3
39798,2553,3175,125,5
39799,2553,3175,130,3.5
39800,2553,3175,134,4.5
39801,2553,3175,148,4
39802,2553,3175,185,3
39803,2553,3175,189,2
39804,2553,3175,195,4
39805,2553,3175,196,4
39806,2553,3175,212,2
39807,2553,3175,213,3.5
39808,2553,3175,220,3
39809,2553,3175,239,4
39810,2553,3175,243,2.5
39811,2553,3175,285,3
39812,2553,3175,294,4.5
39813,2553,3175,295,3
39814,2553,3175,311,3
39815,2553,3175,346,5
39816,2553,3175,350,2
39817,2553,3175,353,1
39818,2553,3175,367,4
39819,2553,3175,368,3
39820,2553,3175,380,3
39821,2553,3175,401,5
39822,2553,3175,407,5
39823,2553,3175,423,2.5
39824,2553,3175,427,3
39825,2553,3175,428,3.5
39826,2553,3175,433,3
39827,2553,3175,452,3
39828,2553,3175,453,4
39829,2553,3175,461,3
39830,2553,3175,462,2
39831,2553,3175,463,3
39832,2553,3175,466,2
39833,2553,3175,468,3
39834,2553,3175,476,4
39835,2553,3175,509,3.5
39836,2553,3175,525,2
39837,2553,3175,533,4
39838,2553,3175,541,3
39839,2553,3175,547,4
39840,2553,3175,561,3
39841,2553,3175,564,5
39842,2553,3175,575,5
39843,2553,3175,577,5
39844,2553,3175,580,3
39845,2553,3175,585,4
39846,2553,3175,592,4
39847,2553,3175,598,4
39848,2553,3175,605,3
39849,2553,3175,608,4
39850,2553,3175,624,4
39851,2553,3175,626,5
39852,2553,3175,654,4
39853,2553,3175,655,4.5
39854,2552,3174,15,1
39855,2552,3174,30,4
39856,2552,3174,73,4
39857,2552,3174,99,2
39858,2552,3174,170,3
39859,2552,3174,190,5
39860,2552,3174,193,4
39861,2552,3174,220,3
39862,2552,3174,245,4
39863,2552,3174,253,4
39864,2552,3174,294,2
39865,2552,3174,306,3
39866,2552,3174,358,4
39867,2552,3174,380,3
39868,2552,3174,387,4
39869,2552,3174,388,2
39870,2552,3174,407,4
39871,2552,3174,412,1
39872,2552,3174,422,4
39873,2552,3174,452,4.5
39874,2552,3174,462,3
39875,2552,3174,472,3
39876,2552,3174,476,4
39877,2552,3174,500,4
39878,2552,3174,509,2
39879,2552,3174,522,3.5
39880,2552,3174,547,3
39881,2552,3174,558,4
39882,2552,3174,564,2
39883,2552,3174,577,4.5
39884,2552,3174,624,3
39885,2552,3174,626,4
39886,2552,3174,654,4
39887,2552,3174,665,3
39888,2552,3174,669,3
39889,2551,3173,15,2.5
39890,2551,3173,30,3
39891,2551,3173,43,3
39892,2551,3173,73,2.5
39893,2551,3173,111,3.5
39894,2551,3173,118,4
39895,2551,3173,130,2.5
39896,2551,3173,150,4
39897,2551,3173,247,4
39898,2551,3173,307,3.5
39899,2551,3173,380,4
39900,2551,3173,381,1
39901,2551,3173,384,3.5
39902,2551,3173,412,2
39903,2551,3173,452,2
39904,2551,3173,457,2.5
39905,2551,3173,472,4
39906,2551,3173,509,2
39907,2551,3173,522,4
39908,2551,3173,528,3
39909,2551,3173,558,3
39910,2551,3173,614,2
39911,2551,3173,624,3
39912,2551,3173,653,1
39913,2551,3173,665,4
39914,2550,3171,265,4
39915,2550,3171,405,4.5
39916,2549,3169,4,4
39917,2549,3169,30,3
39918,2549,3169,102,3
39919,2549,3169,119,4
39920,2549,3169,137,4
39921,2549,3169,195,2
39922,2549,3169,232,3
39923,2549,3169,242,4
39924,2549,3169,342,2
39925,2549,3169,452,3.5
39926,2549,3169,472,4
39927,2549,3169,547,3
39928,2549,3169,564,4
39929,2548,3168,15,2.5
39930,2548,3168,23,4
39931,2548,3168,34,4
39932,2548,3168,95,4
39933,2548,3168,102,5
39934,2548,3168,105,3.5
39935,2548,3168,119,5
39936,2548,3168,178,3.5
39937,2548,3168,212,3
39938,2548,3168,232,4
39939,2548,3168,285,4
39940,2548,3168,294,1.5
39941,2548,3168,360,3
39942,2548,3168,423,4.5
39943,2548,3168,452,3
39944,2548,3168,457,4
39945,2548,3168,480,3
39946,2548,3168,481,5
39947,2548,3168,505,3
39948,2548,3168,509,4
39949,2548,3168,529,3
39950,2548,3168,547,5
39951,2548,3168,580,3.5
39952,2548,3168,587,4
39953,2548,3168,624,4
39954,2547,3167,30,4
39955,2547,3167,265,4
39956,2547,3167,387,5
39957,2547,3167,452,4.5
39958,2547,3167,472,5
39959,2547,3167,529,3
39960,2547,3167,547,5
39961,2547,3167,564,5
39962,2546,3166,294,4
39963,2545,3165,232,5
39964,2544,3163,102,4
39965,2544,3163,265,2
39966,2544,3163,407,5
39967,2544,3163,427,3
39968,2544,3163,472,3
39969,2544,3163,529,4
39970,2544,3163,558,5
39971,2543,3161,407,3
39972,2542,3160,15,3
39973,2542,3160,17,2.5
39974,2542,3160,23,4.5
39975,2542,3160,30,5
39976,2542,3160,43,4
39977,2542,3160,45,4.5
39978,2542,3160,53,2
39979,2542,3160,56,4
39980,2542,3160,60,3.5
39981,2542,3160,71,5
39982,2542,3160,73,3.5
39983,2542,3160,81,4
39984,2542,3160,83,0.5
39985,2542,3160,88,4
39986,2542,3160,99,5
39987,2542,3160,107,3.5
39988,2542,3160,111,0.5
39989,2542,3160,119,2
39990,2542,3160,125,5
39991,2542,3160,165,3.5
39992,2542,3160,175,4
39993,2542,3160,190,5
39994,2542,3160,198,5
39995,2542,3160,220,4
39996,2542,3160,230,5
39997,2542,3160,242,5
39998,2542,3160,253,3.5
39999,2542,3160,283,4
40000,2542,3160,295,3
40001,2542,3160,299,3.5
40002,2542,3160,306,4
40003,2542,3160,312,3
40004,2542,3160,382,2
40005,2542,3160,386,4
40006,2542,3160,388,4
40007,2542,3160,407,4
40008,2542,3160,430,4.5
40009,2542,3160,439,2
40010,2542,3160,455,0.5
40011,2542,3160,457,3.5
40012,2542,3160,461,3.5
40013,2542,3160,476,5
40014,2542,3160,501,4.5
40015,2542,3160,505,3
40016,2542,3160,509,4
40017,2542,3160,544,4.5
40018,2542,3160,547,4
40019,2542,3160,558,4
40020,2542,3160,564,5
40021,2542,3160,585,4
40022,2542,3160,598,4
40023,2542,3160,608,4
40024,2542,3160,625,4
40025,2542,3160,626,4
40026,2542,3160,664,3
40027,2542,3160,665,4
40028,2542,3160,671,3
40029,2541,3159,23,4
40030,2541,3159,119,3
40031,2541,3159,128,1
40032,2541,3159,147,4
40033,2541,3159,175,4
40034,2541,3159,185,4
40035,2541,3159,243,3
40036,2541,3159,294,4.5
40037,2541,3159,297,2
40038,2541,3159,346,1
40039,2541,3159,358,4
40040,2541,3159,359,4.5
40041,2541,3159,557,2
40042,2541,3159,558,3
40043,2541,3159,605,4
40044,2541,3159,646,5
40045,2541,3159,654,4.5
40046,2540,3158,407,3
40047,2540,3158,539,4
40048,2539,3157,14,2
40049,2539,3157,15,1
40050,2539,3157,33,2
40051,2539,3157,46,4.5
40052,2539,3157,51,5
40053,2539,3157,105,3
40054,2539,3157,160,2
40055,2539,3157,167,4
40056,2539,3157,196,4
40057,2539,3157,213,1.5
40058,2539,3157,287,4
40059,2539,3157,289,3
40060,2539,3157,380,3
40061,2539,3157,381,3
40062,2539,3157,392,3
40063,2539,3157,397,3
40064,2539,3157,426,3.5
40065,2539,3157,461,2
40066,2539,3157,466,2
40067,2539,3157,468,2.5
40068,2539,3157,509,2.5
40069,2539,3157,560,3.5
40070,2539,3157,564,3
40071,2539,3157,575,5
40072,2539,3157,646,4
40073,2539,3157,653,3
40074,2539,3157,665,4
40075,2538,3156,30,4
40076,2538,3156,41,4
40077,2538,3156,43,2
40078,2538,3156,137,2
40079,2538,3156,213,1
40080,2538,3156,234,4.5
40081,2538,3156,245,5
40082,2538,3156,294,3
40083,2538,3156,301,4
40084,2538,3156,380,2
40085,2538,3156,468,2
40086,2538,3156,472,1
40087,2538,3156,533,2
40088,2538,3156,564,3
40089,2538,3156,575,2
40090,2538,3156,584,5
40091,2538,3156,624,2
40092,2538,3156,653,5
40093,2537,3155,23,2.5
40094,2537,3155,52,4.5
40095,2537,3155,147,4
40096,2537,3155,212,3.5
40097,2537,3155,335,3
40098,2537,3155,407,4
40099,2537,3155,418,3.5
40100,2537,3155,422,4
40101,2537,3155,461,2
40102,2537,3155,468,1.5
40103,2537,3155,656,5
40104,2536,3153,58,2
40105,2536,3153,73,4
40106,2536,3153,222,5
40107,2536,3153,232,5
40108,2536,3153,294,3
40109,2536,3153,346,5
40110,2536,3153,564,5
40111,2535,3152,15,3
40112,2535,3152,23,2
40113,2535,3152,30,4
40114,2535,3152,56,2
40115,2535,3152,102,5
40116,2535,3152,118,5
40117,2535,3152,119,4
40118,2535,3152,195,3
40119,2535,3152,232,3
40120,2535,3152,242,5
40121,2535,3152,342,5
40122,2535,3152,387,4
40123,2535,3152,452,4
40124,2535,3152,468,4
40125,2535,3152,505,3.5
40126,2535,3152,509,4
40127,2535,3152,510,4
40128,2535,3152,529,5
40129,2535,3152,547,5
40130,2535,3152,564,5
40131,2535,3152,587,4
40132,2534,3150,15,3
40133,2534,3150,388,5
40134,2534,3150,558,4
40135,2533,3148,12,1
40136,2533,3148,15,1
40137,2533,3148,20,0.5
40138,2533,3148,68,1.5
40139,2533,3148,77,2.5
40140,2533,3148,118,5
40141,2533,3148,119,4
40142,2533,3148,152,2.5
40143,2533,3148,165,3.5
40144,2533,3148,189,4
40145,2533,3148,193,4
40146,2533,3148,212,4
40147,2533,3148,220,4
40148,2533,3148,242,3
40149,2533,3148,245,5
40150,2533,3148,265,4
40151,2533,3148,292,4
40152,2533,3148,301,3
40153,2533,3148,311,3.5
40154,2533,3148,358,4
40155,2533,3148,380,3.5
40156,2533,3148,382,2
40157,2533,3148,407,4
40158,2533,3148,412,3
40159,2533,3148,422,4
40160,2533,3148,468,2.5
40161,2533,3148,509,4
40162,2533,3148,510,2
40163,2533,3148,529,4
40164,2533,3148,533,3
40165,2533,3148,534,2
40166,2533,3148,547,3
40167,2533,3148,558,4
40168,2533,3148,565,4
40169,2533,3148,587,4
40170,2533,3148,614,2
40171,2533,3148,638,2.5
40172,2533,3148,648,4
40173,2533,3148,654,5
40174,2532,3147,8,4.5
40175,2532,3147,13,4
40176,2532,3147,15,1
40177,2532,3147,17,4
40178,2532,3147,22,2.5
40179,2532,3147,23,3
40180,2532,3147,26,3
40181,2532,3147,30,4
40182,2532,3147,48,4
40183,2532,3147,73,3.5
40184,2532,3147,75,2
40185,2532,3147,77,4
40186,2532,3147,78,4.5
40187,2532,3147,88,4
40188,2532,3147,94,4.5
40189,2532,3147,99,4
40190,2532,3147,101,4
40191,2532,3147,102,2
40192,2532,3147,105,3
40193,2532,3147,117,5
40194,2532,3147,118,4
40195,2532,3147,124,4
40196,2532,3147,128,5
40197,2532,3147,139,4.5
40198,2532,3147,141,4
40199,2532,3147,142,4
40200,2532,3147,149,3
40201,2532,3147,150,4
40202,2532,3147,165,4
40203,2532,3147,189,2
40204,2532,3147,195,3
40205,2532,3147,198,3.5
40206,2532,3147,199,4.5
40207,2532,3147,200,3
40208,2532,3147,212,3
40209,2532,3147,213,2.5
40210,2532,3147,214,4
40211,2532,3147,217,3
40212,2532,3147,220,4
40213,2532,3147,235,5
40214,2532,3147,238,3.5
40215,2532,3147,242,4
40216,2532,3147,243,3
40217,2532,3147,250,5
40218,2532,3147,253,4
40219,2532,3147,262,3.5
40220,2532,3147,268,4.5
40221,2532,3147,282,5
40222,2532,3147,292,3.5
40223,2532,3147,295,5
40224,2532,3147,300,4.5
40225,2532,3147,303,3.5
40226,2532,3147,309,4
40227,2532,3147,313,4.5
40228,2532,3147,320,3.5
40229,2532,3147,334,4
40230,2532,3147,335,4
40231,2532,3147,339,4.5
40232,2532,3147,350,4
40233,2532,3147,353,3
40234,2532,3147,355,5
40235,2532,3147,358,3
40236,2532,3147,360,5
40237,2532,3147,370,5
40238,2532,3147,371,4.5
40239,2532,3147,378,3
40240,2532,3147,379,4.5
40241,2532,3147,380,3
40242,2532,3147,405,2
40243,2532,3147,407,4
40244,2532,3147,423,4
40245,2532,3147,426,4.5
40246,2532,3147,452,4
40247,2532,3147,455,3
40248,2532,3147,458,4
40249,2532,3147,461,3.5
40250,2532,3147,468,2.5
40251,2532,3147,471,4.5
40252,2532,3147,472,2
40253,2532,3147,473,5
40254,2532,3147,478,4
40255,2532,3147,480,4.5
40256,2532,3147,483,5
40257,2532,3147,518,5
40258,2532,3147,525,3
40259,2532,3147,534,5
40260,2532,3147,546,5
40261,2532,3147,547,4
40262,2532,3147,558,5
40263,2532,3147,560,5
40264,2532,3147,562,4
40265,2532,3147,564,5
40266,2532,3147,569,5
40267,2532,3147,572,4
40268,2532,3147,584,5
40269,2532,3147,596,4
40270,2532,3147,598,4
40271,2532,3147,607,5
40272,2532,3147,615,5
40273,2532,3147,627,3.5
40274,2532,3147,654,5
40275,2532,3147,664,4
40276,2532,3147,671,4
40277,2531,3146,12,2
40278,2531,3146,15,1.5
40279,2531,3146,73,2
40280,2531,3146,91,3.5
40281,2531,3146,95,4
40282,2531,3146,150,3.5
40283,2531,3146,189,1
40284,2531,3146,239,3
40285,2531,3146,358,1
40286,2531,3146,380,2
40287,2531,3146,387,3
40288,2531,3146,412,3
40289,2531,3146,452,1
40290,2531,3146,457,2.5
40291,2531,3146,472,5
40292,2531,3146,532,3.5
40293,2531,3146,564,1
40294,2531,3146,605,1
40295,2531,3146,607,3
40296,2531,3146,623,1.5
40297,2531,3146,624,4
40298,2531,3146,654,3
40299,2530,3145,102,4
40300,2530,3145,232,4
40301,2530,3145,388,1
40302,2530,3145,407,3
40303,2530,3145,564,4
40304,2530,3145,605,3
40305,2529,3144,30,3
40306,2529,3144,547,2
40307,2528,3143,232,4
40308,2527,3142,232,2
40309,2527,3142,358,3
40310,2527,3142,509,4
40311,2527,3142,539,5
40312,2527,3142,547,4
40313,2526,3141,30,4
40314,2526,3141,105,2.5
40315,2526,3141,342,4
40316,2526,3141,564,4
40317,2525,3140,468,4
40318,2524,3138,30,3
40319,2524,3138,242,4
40320,2524,3138,380,3
40321,2524,3138,547,2
40322,2523,3136,468,3
40323,2523,3136,605,3
40324,2522,3135,195,3
40325,2522,3135,212,4
40326,2522,3135,232,3
40327,2522,3135,342,4
40328,2522,3135,380,4
40329,2522,3135,452,4
40330,2522,3135,472,5
40331,2522,3135,547,3.5
40332,2522,3135,564,5
40333,2521,3134,15,1
40334,2521,3134,17,5
40335,2521,3134,102,5
40336,2521,3134,232,5
40337,2521,3134,236,5
40338,2521,3134,262,2.5
40339,2521,3134,265,5
40340,2521,3134,472,4
40341,2521,3134,481,5
40342,2521,3134,580,4
40343,2521,3134,585,5
40344,2521,3134,587,4
40345,2520,3133,472,5
40346,2520,3133,585,3
40347,2519,3130,30,3
40348,2519,3130,102,3
40349,2519,3130,105,3.5
40350,2519,3130,232,1
40351,2519,3130,386,2
40352,2519,3130,452,2
40353,2519,3130,466,2
40354,2519,3130,509,4
40355,2519,3130,518,2
40356,2519,3130,547,2
40357,2519,3130,564,4
40358,2519,3130,624,2
40359,2518,3129,15,3.5
40360,2518,3129,99,4
40361,2518,3129,102,4
40362,2518,3129,119,3
40363,2518,3129,306,4
40364,2518,3129,422,5
40365,2518,3129,427,3
40366,2518,3129,430,4.5
40367,2518,3129,509,4
40368,2518,3129,529,4
40369,2518,3129,558,4
40370,2518,3129,647,5
40371,2517,3128,15,4
40372,2517,3128,547,2
40373,2517,3128,558,4
40374,2517,3128,564,3
40375,2516,3127,105,3
40376,2516,3127,119,2
40377,2516,3127,220,3
40378,2516,3127,472,4
40379,2516,3127,476,3
40380,2516,3127,618,2
40381,2515,3125,71,4
40382,2515,3125,99,3
40383,2515,3125,265,2
40384,2515,3125,405,1
40385,2515,3125,467,5
40386,2515,3125,472,2
40387,2515,3125,510,4
40388,2515,3125,547,3
40389,2515,3125,564,5
40390,2515,3125,608,4
40391,2514,3122,195,3
40392,2513,3121,547,3.5
40393,2512,3120,30,4
40394,2512,3120,239,3
40395,2512,3120,386,2
40396,2511,3118,196,4
40397,2511,3118,547,3
40398,2510,3117,190,3
40399,2510,3117,388,4
40400,2510,3117,558,3
40401,2510,3117,608,4
40402,2509,3116,558,4
40403,2508,3115,196,4
40404,2508,3115,547,2
40405,2508,3115,564,5
40406,2507,3114,5,3.5
40407,2507,3114,6,4
40408,2507,3114,13,3
40409,2507,3114,14,4
40410,2507,3114,15,1
40411,2507,3114,23,3.5
40412,2507,3114,26,4.5
40413,2507,3114,30,5
40414,2507,3114,43,4
40415,2507,3114,48,3.5
40416,2507,3114,53,1
40417,2507,3114,56,4
40418,2507,3114,61,1
40419,2507,3114,63,5
40420,2507,3114,69,5
40421,2507,3114,72,3
40422,2507,3114,73,4
40423,2507,3114,77,3.5
40424,2507,3114,83,4
40425,2507,3114,84,3.5
40426,2507,3114,89,4.5
40427,2507,3114,91,5
40428,2507,3114,93,4
40429,2507,3114,111,3.5
40430,2507,3114,119,4
40431,2507,3114,124,4
40432,2507,3114,128,5
40433,2507,3114,130,4
40434,2507,3114,134,3.5
40435,2507,3114,136,4.5
40436,2507,3114,142,4
40437,2507,3114,164,3.5
40438,2507,3114,166,4
40439,2507,3114,169,3.5
40440,2507,3114,175,4
40441,2507,3114,185,4
40442,2507,3114,187,4
40443,2507,3114,190,5
40444,2507,3114,193,3
40445,2507,3114,201,4
40446,2507,3114,212,2.5
40447,2507,3114,213,2.5
40448,2507,3114,218,3.5
40449,2507,3114,239,5
40450,2507,3114,240,4
40451,2507,3114,244,3.5
40452,2507,3114,253,4
40453,2507,3114,261,0.5
40454,2507,3114,268,4
40455,2507,3114,271,4
40456,2507,3114,273,4.5
40457,2507,3114,275,4.5
40458,2507,3114,282,4
40459,2507,3114,287,5
40460,2507,3114,293,3
40461,2507,3114,294,4
40462,2507,3114,311,3
40463,2507,3114,312,3
40464,2507,3114,313,4
40465,2507,3114,324,4
40466,2507,3114,328,4
40467,2507,3114,333,4
40468,2507,3114,342,4
40469,2507,3114,345,4.5
40470,2507,3114,346,3.5
40471,2507,3114,352,4
40472,2507,3114,353,3
40473,2507,3114,355,3
40474,2507,3114,358,5
40475,2507,3114,380,5
40476,2507,3114,381,5
40477,2507,3114,382,3
40478,2507,3114,386,3
40479,2507,3114,406,3.5
40480,2507,3114,412,4
40481,2507,3114,417,3.5
40482,2507,3114,419,3.5
40483,2507,3114,422,4
40484,2507,3114,425,4.5
40485,2507,3114,426,3
40486,2507,3114,427,4
40487,2507,3114,428,5
40488,2507,3114,430,4.5
40489,2507,3114,431,4
40490,2507,3114,442,4
40491,2507,3114,452,3
40492,2507,3114,457,1.5
40493,2507,3114,460,4
40494,2507,3114,461,3.5
40495,2507,3114,466,5
40496,2507,3114,468,4
40497,2507,3114,471,3
40498,2507,3114,472,5
40499,2507,3114,475,3.5
40500,2507,3114,480,2.5
40501,2507,3114,486,5
40502,2507,3114,489,5
40503,2507,3114,493,4
40504,2507,3114,500,3
40505,2507,3114,501,5
40506,2507,3114,510,1
40507,2507,3114,518,5
40508,2507,3114,531,2.5
40509,2507,3114,560,4
40510,2507,3114,561,3
40511,2507,3114,562,4
40512,2507,3114,574,3.5
40513,2507,3114,575,5
40514,2507,3114,577,5
40515,2507,3114,580,4
40516,2507,3114,582,2.5
40517,2507,3114,585,4
40518,2507,3114,595,5
40519,2507,3114,598,3
40520,2507,3114,607,4
40521,2507,3114,608,4
40522,2507,3114,623,4.5
40523,2507,3114,624,5
40524,2507,3114,626,4
40525,2507,3114,646,5
40526,2507,3114,653,5
40527,2507,3114,654,5
40528,2507,3114,656,5
40529,2507,3114,664,3.5
40530,2507,3114,671,5
40531,2506,3113,15,2
40532,2506,3113,73,2.5
40533,2506,3113,119,3
40534,2506,3113,157,1
40535,2506,3113,189,2
40536,2506,3113,196,3
40537,2506,3113,213,2
40538,2506,3113,312,2
40539,2506,3113,358,1
40540,2506,3113,379,4
40541,2506,3113,384,3
40542,2506,3113,414,1
40543,2506,3113,431,0.5
40544,2506,3113,461,1
40545,2506,3113,476,1
40546,2506,3113,564,1
40547,2506,3113,580,3
40548,2506,3113,596,2.5
40549,2506,3113,626,3
40550,2505,3112,518,5
40551,2505,3112,558,5
40552,2505,3112,564,5
40553,2504,3111,30,5
40554,2504,3111,160,5
40555,2504,3111,232,4
40556,2504,3111,242,5
40557,2504,3111,311,3
40558,2504,3111,342,4
40559,2504,3111,452,4
40560,2504,3111,564,3
40561,2504,3111,575,5
40562,2503,3110,242,4
40563,2503,3110,529,3
40564,2503,3110,605,4
40565,2502,3109,242,4
40566,2501,3108,4,5
40567,2501,3108,15,4
40568,2501,3108,26,2
40569,2501,3108,30,2
40570,2501,3108,73,4
40571,2501,3108,119,5
40572,2501,3108,130,3
40573,2501,3108,187,3
40574,2501,3108,193,5
40575,2501,3108,212,3.5
40576,2501,3108,220,3
40577,2501,3108,229,4
40578,2501,3108,232,4
40579,2501,3108,242,4
40580,2501,3108,285,3
40581,2501,3108,299,4
40582,2501,3108,306,4
40583,2501,3108,358,3
40584,2501,3108,367,3
40585,2501,3108,452,4
40586,2501,3108,466,5
40587,2501,3108,468,2.5
40588,2501,3108,469,3.5
40589,2501,3108,472,4
40590,2501,3108,493,2
40591,2501,3108,509,4
40592,2501,3108,518,3
40593,2501,3108,533,3
40594,2501,3108,547,5
40595,2501,3108,564,4
40596,2501,3108,575,5
40597,2501,3108,577,5
40598,2501,3108,580,4.5
40599,2501,3108,585,3
40600,2501,3108,617,1
40601,2501,3108,624,3
40602,2501,3108,654,4.5
40603,2500,3107,15,3
40604,2500,3107,30,4
40605,2500,3107,53,4
40606,2500,3107,95,4
40607,2500,3107,117,2
40608,2500,3107,119,2
40609,2500,3107,128,5
40610,2500,3107,130,3
40611,2500,3107,142,4
40612,2500,3107,170,1.5
40613,2500,3107,195,3
40614,2500,3107,229,3.5
40615,2500,3107,242,4
40616,2500,3107,247,5
40617,2500,3107,282,3.5
40618,2500,3107,294,2
40619,2500,3107,306,3
40620,2500,3107,312,3
40621,2500,3107,331,3.5
40622,2500,3107,367,3.5
40623,2500,3107,422,4
40624,2500,3107,461,3
40625,2500,3107,465,3
40626,2500,3107,518,5
40627,2500,3107,561,2
40628,2500,3107,564,2
40629,2500,3107,580,3.5
40630,2500,3107,605,3
40631,2500,3107,613,2.5
40632,2500,3107,624,4
40633,2500,3107,637,4.5
40634,2500,3107,654,4.5
40635,2499,3106,242,4
40636,2499,3106,452,3
40637,2499,3106,564,4
40638,2498,3105,30,4
40639,2498,3105,94,4.5
40640,2498,3105,146,3.5
40641,2498,3105,235,4.5
40642,2498,3105,242,4
40643,2498,3105,282,3.5
40644,2498,3105,306,4
40645,2498,3105,311,2.5
40646,2498,3105,387,4
40647,2498,3105,388,4
40648,2498,3105,452,4
40649,2498,3105,468,2.5
40650,2498,3105,501,4.5
40651,2498,3105,505,3
40652,2498,3105,518,4
40653,2498,3105,547,4
40654,2498,3105,563,4
40655,2498,3105,564,4
40656,2498,3105,577,4.5
40657,2497,3104,4,4
40658,2497,3104,15,4
40659,2497,3104,30,4
40660,2497,3104,56,2
40661,2497,3104,73,4
40662,2497,3104,105,4.5
40663,2497,3104,159,2.5
40664,2497,3104,195,4
40665,2497,3104,212,2.5
40666,2497,3104,239,4
40667,2497,3104,242,5
40668,2497,3104,306,4
40669,2497,3104,311,4.5
40670,2497,3104,342,5
40671,2497,3104,358,4
40672,2497,3104,367,4.5
40673,2497,3104,388,3
40674,2497,3104,393,3.5
40675,2497,3104,398,4
40676,2497,3104,452,4
40677,2497,3104,468,3
40678,2497,3104,472,4
40679,2497,3104,474,4
40680,2497,3104,509,5
40681,2497,3104,518,5
40682,2497,3104,547,5
40683,2497,3104,585,4
40684,2497,3104,624,4
40685,2497,3104,652,4
40686,2496,3103,452,2
40687,2496,3103,518,3
40688,2496,3103,564,4
40689,2495,3102,30,5
40690,2495,3102,120,3.5
40691,2495,3102,196,4
40692,2495,3102,242,4
40693,2495,3102,414,3
40694,2495,3102,463,4
40695,2495,3102,518,4
40696,2495,3102,547,3.5
40697,2495,3102,564,5
40698,2495,3102,605,3
40699,2494,3101,4,4
40700,2494,3101,15,4
40701,2494,3101,30,5
40702,2494,3101,73,3.5
40703,2494,3101,93,4
40704,2494,3101,118,4
40705,2494,3101,120,4.5
40706,2494,3101,130,3
40707,2494,3101,134,4
40708,2494,3101,156,4.5
40709,2494,3101,165,2.5
40710,2494,3101,167,5
40711,2494,3101,187,3.5
40712,2494,3101,202,4
40713,2494,3101,212,2.5
40714,2494,3101,214,5
40715,2494,3101,248,5
40716,2494,3101,265,4
40717,2494,3101,281,4
40718,2494,3101,306,5
40719,2494,3101,311,3
40720,2494,3101,313,4
40721,2494,3101,345,1.5
40722,2494,3101,360,5
40723,2494,3101,365,3
40724,2494,3101,368,3
40725,2494,3101,388,4
40726,2494,3101,414,3
40727,2494,3101,423,1.5
40728,2494,3101,452,4
40729,2494,3101,458,3
40730,2494,3101,461,2.5
40731,2494,3101,463,4
40732,2494,3101,474,3
40733,2494,3101,505,3
40734,2494,3101,518,4
40735,2494,3101,532,3
40736,2494,3101,547,5
40737,2494,3101,550,4
40738,2494,3101,564,5
40739,2494,3101,576,2
40740,2494,3101,577,4
40741,2494,3101,587,4
40742,2494,3101,605,3
40743,2494,3101,618,3
40744,2494,3101,621,3
40745,2494,3101,624,3
40746,2494,3101,645,4.5
40747,2494,3101,654,4
40748,2493,3100,23,3.5
40749,2493,3100,119,3
40750,2493,3100,130,3.5
40751,2493,3100,160,4
40752,2493,3100,195,3
40753,2493,3100,232,4
40754,2493,3100,242,5
40755,2493,3100,306,3
40756,2493,3100,311,4.5
40757,2493,3100,330,4
40758,2493,3100,359,4
40759,2493,3100,366,1.5
40760,2493,3100,381,3
40761,2493,3100,388,4
40762,2493,3100,417,3.5
40763,2493,3100,422,5
40764,2493,3100,452,3
40765,2493,3100,472,3
40766,2493,3100,505,3
40767,2493,3100,509,4.5
40768,2493,3100,510,3
40769,2493,3100,518,3
40770,2493,3100,523,4
40771,2493,3100,547,4.5
40772,2493,3100,565,3
40773,2493,3100,573,3
40774,2493,3100,606,5
40775,2493,3100,665,3
40776,2492,3099,119,3
40777,2492,3099,195,2
40778,2492,3099,315,1
40779,2492,3099,414,3
40780,2492,3099,452,3
40781,2492,3099,468,2.5
40782,2492,3099,472,3
40783,2492,3099,529,3
40784,2492,3099,547,3
40785,2491,3098,30,4
40786,2491,3098,56,2
40787,2491,3098,71,4
40788,2491,3098,102,4
40789,2491,3098,111,4
40790,2491,3098,120,3.5
40791,2491,3098,130,3.5
40792,2491,3098,139,4
40793,2491,3098,159,4
40794,2491,3098,195,3
40795,2491,3098,214,4
40796,2491,3098,217,4.5
40797,2491,3098,232,4
40798,2491,3098,242,5
40799,2491,3098,253,4.5
40800,2491,3098,263,3
40801,2491,3098,265,3
40802,2491,3098,282,3.5
40803,2491,3098,291,4
40804,2491,3098,311,4.5
40805,2491,3098,380,4
40806,2491,3098,382,3
40807,2491,3098,388,4
40808,2491,3098,405,3.5
40809,2491,3098,452,3
40810,2491,3098,463,3
40811,2491,3098,468,3
40812,2491,3098,529,4
40813,2491,3098,533,3
40814,2491,3098,547,2
40815,2491,3098,562,3.5
40816,2491,3098,564,2
40817,2491,3098,575,5
40818,2491,3098,598,4
40819,2491,3098,607,4.5
40820,2490,3097,236,4.5
40821,2490,3097,240,4
40822,2490,3097,294,4
40823,2490,3097,387,5
40824,2490,3097,414,3
40825,2490,3097,452,3
40826,2490,3097,466,4
40827,2490,3097,468,4
40828,2490,3097,493,3
40829,2490,3097,505,3
40830,2490,3097,547,3
40831,2490,3097,585,4
40832,2489,3096,387,4
40833,2489,3096,405,4.5
40834,2489,3096,493,3
40835,2489,3096,547,3
40836,2489,3096,585,5
40837,2488,3095,23,3
40838,2488,3095,30,3
40839,2488,3095,102,5
40840,2488,3095,119,5
40841,2488,3095,134,3
40842,2488,3095,185,3
40843,2488,3095,195,4
40844,2488,3095,222,5
40845,2488,3095,232,4
40846,2488,3095,236,5
40847,2488,3095,242,5
40848,2488,3095,265,4
40849,2488,3095,330,3
40850,2488,3095,376,4
40851,2488,3095,387,5
40852,2488,3095,388,5
40853,2488,3095,423,4
40854,2488,3095,431,4.5
40855,2488,3095,439,2
40856,2488,3095,468,3
40857,2488,3095,489,5
40858,2488,3095,505,3.5
40859,2488,3095,509,4
40860,2488,3095,529,4
40861,2488,3095,539,4
40862,2488,3095,547,3.5
40863,2488,3095,558,5
40864,2488,3095,569,5
40865,2488,3095,575,4
40866,2488,3095,585,5
40867,2488,3095,587,3.5
40868,2487,3094,306,3
40869,2487,3094,547,2
40870,2487,3094,564,3
40871,2486,3093,102,5
40872,2486,3093,232,4
40873,2486,3093,387,3
40874,2486,3093,505,2.5
40875,2486,3093,529,3
40876,2486,3093,547,2
40877,2486,3093,575,2
40878,2485,3091,232,5
40879,2485,3091,236,5
40880,2485,3091,257,2.5
40881,2485,3091,580,4
40882,2485,3091,587,4
40883,2484,3090,232,5
40884,2484,3090,388,5
40885,2484,3090,472,3
40886,2484,3090,510,3
40887,2484,3090,547,2
40888,2484,3090,609,1
40889,2483,3089,15,3
40890,2483,3089,23,4.5
40891,2483,3089,56,4
40892,2483,3089,102,4
40893,2483,3089,159,3.5
40894,2483,3089,178,2.5
40895,2483,3089,236,4
40896,2483,3089,262,3
40897,2483,3089,265,4
40898,2483,3089,311,2.5
40899,2483,3089,348,5
40900,2483,3089,450,4.5
40901,2483,3089,468,4.5
40902,2483,3089,472,5
40903,2483,3089,481,5
40904,2483,3089,499,5
40905,2483,3089,505,3
40906,2483,3089,509,5
40907,2483,3089,529,4.5
40908,2483,3089,558,5
40909,2483,3089,564,3
40910,2483,3089,587,3.5
40911,2483,3089,606,5
40912,2482,3088,23,2.5
40913,2482,3088,102,5
40914,2482,3088,130,3.5
40915,2482,3088,195,5
40916,2482,3088,232,5
40917,2482,3088,234,4.5
40918,2482,3088,380,4
40919,2482,3088,387,4
40920,2482,3088,405,4.5
40921,2482,3088,452,4
40922,2482,3088,466,5
40923,2482,3088,468,3.5
40924,2482,3088,472,3
40925,2482,3088,529,4
40926,2482,3088,547,5
40927,2482,3088,575,5
40928,2482,3088,585,5
40929,2482,3088,591,3.5
40930,2482,3088,605,5
40931,2481,3087,30,2
40932,2481,3087,31,3.5
40933,2481,3087,75,3.5
40934,2481,3087,83,3.5
40935,2481,3087,111,4.5
40936,2481,3087,130,3.5
40937,2481,3087,212,2
40938,2481,3087,232,4
40939,2481,3087,243,3.5
40940,2481,3087,247,4
40941,2481,3087,285,3
40942,2481,3087,306,4
40943,2481,3087,327,4
40944,2481,3087,346,3.5
40945,2481,3087,358,3
40946,2481,3087,398,4
40947,2481,3087,442,4
40948,2481,3087,457,2.5
40949,2481,3087,461,2
40950,2481,3087,463,3
40951,2481,3087,468,3
40952,2481,3087,509,3
40953,2481,3087,549,2.5
40954,2481,3087,564,3
40955,2481,3087,575,4
40956,2481,3087,580,3.5
40957,2481,3087,624,3
40958,2481,3087,646,3
40959,2481,3087,652,4
40960,2481,3087,654,3.5
40961,2480,3086,56,4
40962,2480,3086,232,5
40963,2480,3086,239,4
40964,2480,3086,387,3
40965,2480,3086,564,4
40966,2479,3083,15,5
40967,2479,3083,23,5
40968,2479,3083,81,4
40969,2479,3083,132,5
40970,2479,3083,220,3
40971,2479,3083,265,3
40972,2479,3083,283,4
40973,2479,3083,299,5
40974,2479,3083,350,3
40975,2479,3083,407,4
40976,2479,3083,427,5
40977,2479,3083,467,4
40978,2479,3083,481,5
40979,2479,3083,509,4
40980,2479,3083,529,2
40981,2479,3083,558,5
40982,2479,3083,564,5
40983,2479,3083,585,4
40984,2479,3083,608,5
40985,2479,3083,648,4
40986,2478,3082,15,3
40987,2478,3082,22,3.5
40988,2478,3082,23,2.5
40989,2478,3082,30,3
40990,2478,3082,73,2.5
40991,2478,3082,78,4.5
40992,2478,3082,105,3
40993,2478,3082,107,1.5
40994,2478,3082,150,4
40995,2478,3082,196,5
40996,2478,3082,212,3
40997,2478,3082,220,3
40998,2478,3082,247,4
40999,2478,3082,268,3
41000,2478,3082,294,3.5
41001,2478,3082,380,3
41002,2478,3082,405,3.5
41003,2478,3082,407,3
41004,2478,3082,412,4
41005,2478,3082,461,1
41006,2478,3082,468,1.5
41007,2478,3082,471,3.5
41008,2478,3082,472,2
41009,2478,3082,475,2
41010,2478,3082,509,2
41011,2478,3082,550,2
41012,2478,3082,558,4
41013,2478,3082,560,4
41014,2478,3082,564,4
41015,2478,3082,569,3
41016,2478,3082,574,2.5
41017,2478,3082,592,5
41018,2478,3082,607,4
41019,2478,3082,624,3.5
41020,2478,3082,653,4
41021,2478,3082,664,2.5
41022,2477,3081,15,1
41023,2477,3081,22,5
41024,2477,3081,23,3
41025,2477,3081,30,3
41026,2477,3081,73,2.5
41027,2477,3081,77,3
41028,2477,3081,88,3
41029,2477,3081,95,5
41030,2477,3081,98,3
41031,2477,3081,102,4
41032,2477,3081,105,3
41033,2477,3081,119,4
41034,2477,3081,128,4
41035,2477,3081,134,4.5
41036,2477,3081,165,2
41037,2477,3081,189,4
41038,2477,3081,195,3
41039,2477,3081,212,4
41040,2477,3081,240,3.5
41041,2477,3081,243,3.5
41042,2477,3081,247,4
41043,2477,3081,251,5
41044,2477,3081,294,4
41045,2477,3081,299,3.5
41046,2477,3081,300,4
41047,2477,3081,346,4.5
41048,2477,3081,353,2
41049,2477,3081,355,4
41050,2477,3081,384,4
41051,2477,3081,386,3
41052,2477,3081,388,4
41053,2477,3081,407,4
41054,2477,3081,412,3
41055,2477,3081,461,2.5
41056,2477,3081,463,4
41057,2477,3081,472,4
41058,2477,3081,476,4
41059,2477,3081,493,4
41060,2477,3081,509,3.5
41061,2477,3081,518,4
41062,2477,3081,534,3
41063,2477,3081,558,4
41064,2477,3081,561,4
41065,2477,3081,564,4
41066,2477,3081,580,3
41067,2477,3081,596,3.5
41068,2477,3081,598,4
41069,2477,3081,626,4
41070,2477,3081,654,5
41071,2477,3081,656,4
41072,2477,3081,664,4
41073,2477,3081,665,3
41074,2476,3079,56,4
41075,2476,3079,212,4
41076,2476,3079,294,3.5
41077,2476,3079,407,5
41078,2476,3079,427,3
41079,2476,3079,467,4
41080,2476,3079,558,4
41081,2475,3078,292,3.5
41082,2475,3078,558,4
41083,2474,3077,15,3
41084,2474,3077,78,5
41085,2474,3077,195,4
41086,2474,3077,304,4
41087,2474,3077,388,4
41088,2474,3077,452,4
41089,2474,3077,468,4
41090,2474,3077,547,4.5
41091,2474,3077,558,4
41092,2473,3076,195,3
41093,2473,3076,411,3
41094,2473,3076,585,4
41095,2473,3076,609,1
41096,2472,3075,262,3.5
41097,2472,3075,468,4
41098,2472,3075,547,4
41099,2472,3075,564,3
41100,2472,3075,647,3
41101,2471,3074,30,4
41102,2471,3074,34,4
41103,2471,3074,232,4
41104,2471,3074,529,5
41105,2471,3074,575,3
41106,2471,3074,605,3
41107,2470,3072,30,4
41108,2470,3072,31,3
41109,2470,3072,35,5
41110,2470,3072,56,4
41111,2470,3072,68,3.5
41112,2470,3072,93,3.5
41113,2470,3072,102,4
41114,2470,3072,105,3
41115,2470,3072,195,2
41116,2470,3072,196,2
41117,2470,3072,212,2.5
41118,2470,3072,214,3
41119,2470,3072,232,3
41120,2470,3072,242,5
41121,2470,3072,248,5
41122,2470,3072,265,4
41123,2470,3072,306,4
41124,2470,3072,311,2
41125,2470,3072,322,4
41126,2470,3072,325,2
41127,2470,3072,358,4
41128,2470,3072,388,3
41129,2470,3072,439,4
41130,2470,3072,452,3
41131,2470,3072,466,4
41132,2470,3072,472,4
41133,2470,3072,509,4
41134,2470,3072,518,2
41135,2470,3072,529,4
41136,2470,3072,539,5
41137,2470,3072,547,3.5
41138,2470,3072,564,5
41139,2470,3072,565,5
41140,2470,3072,575,4
41141,2470,3072,585,5
41142,2470,3072,587,4.5
41143,2470,3072,624,3
41144,2469,3071,4,4
41145,2469,3071,30,4
41146,2469,3071,102,3
41147,2469,3071,214,5
41148,2469,3071,242,5
41149,2469,3071,342,4
41150,2469,3071,388,5
41151,2469,3071,431,4.5
41152,2469,3071,518,5
41153,2469,3071,575,4
41154,2469,3071,580,3
41155,2468,3070,58,4
41156,2468,3070,73,3
41157,2468,3070,77,4.5
41158,2468,3070,159,3.5
41159,2468,3070,232,5
41160,2468,3070,285,4
41161,2468,3070,299,4
41162,2468,3070,346,5
41163,2468,3070,363,4
41164,2468,3070,518,4
41165,2468,3070,564,2
41166,2467,3069,232,4
41167,2467,3069,242,5
41168,2467,3069,452,4
41169,2467,3069,529,4
41170,2467,3069,547,3
41171,2466,3068,30,5
41172,2466,3068,102,4
41173,2466,3068,160,5
41174,2466,3068,195,4
41175,2466,3068,232,4
41176,2466,3068,242,5
41177,2466,3068,265,4
41178,2466,3068,306,3
41179,2466,3068,311,3
41180,2466,3068,342,4
41181,2466,3068,387,5
41182,2466,3068,452,4
41183,2466,3068,547,3
41184,2466,3068,554,4
41185,2466,3068,564,5
41186,2466,3068,587,4
41187,2466,3068,628,2.5
41188,2465,3067,23,5
41189,2465,3067,102,4
41190,2465,3067,312,5
41191,2465,3067,330,4
41192,2465,3067,348,5
41193,2465,3067,439,4
41194,2465,3067,451,1
41195,2465,3067,460,4
41196,2465,3067,472,4
41197,2465,3067,497,2
41198,2465,3067,509,4
41199,2465,3067,564,5
41200,2465,3067,585,4
41201,2465,3067,647,5
41202,2464,3066,34,3
41203,2464,3066,49,3
41204,2464,3066,102,4
41205,2464,3066,119,4
41206,2464,3066,124,3.5
41207,2464,3066,232,5
41208,2464,3066,417,3
41209,2464,3066,423,3
41210,2464,3066,452,3
41211,2464,3066,529,2
41212,2463,3064,534,4
41213,2463,3064,564,1
41214,2463,3064,598,3
41215,2462,3063,30,2
41216,2462,3063,193,5
41217,2462,3063,285,3
41218,2462,3063,518,3
41219,2462,3063,534,4
41220,2462,3063,564,4
41221,2462,3063,617,3
41222,2461,3062,34,4
41223,2461,3062,49,4
41224,2461,3062,102,5
41225,2461,3062,195,4
41226,2461,3062,232,4
41227,2461,3062,248,5
41228,2461,3062,311,3.5
41229,2461,3062,355,3.5
41230,2461,3062,358,3
41231,2461,3062,452,4
41232,2461,3062,577,5
41233,2460,3061,102,4
41234,2460,3061,178,3.5
41235,2460,3061,195,3
41236,2460,3061,311,3.5
41237,2460,3061,387,4
41238,2460,3061,505,3.5
41239,2460,3061,547,2
41240,2460,3061,575,4
41241,2460,3061,585,4
41242,2460,3061,595,4
41243,2460,3061,605,4
41244,2459,3060,4,5
41245,2459,3060,15,4
41246,2459,3060,102,3
41247,2459,3060,111,4
41248,2459,3060,130,4
41249,2459,3060,220,5
41250,2459,3060,242,4
41251,2459,3060,306,4
41252,2459,3060,358,2
41253,2459,3060,388,4
41254,2459,3060,407,4
41255,2459,3060,439,3
41256,2459,3060,441,4.5
41257,2459,3060,460,3
41258,2459,3060,466,4
41259,2459,3060,533,4
41260,2459,3060,547,5
41261,2459,3060,564,4
41262,2459,3060,585,5
41263,2459,3060,605,3
41264,2459,3060,671,4
41265,2458,3057,472,3
41266,2458,3057,624,4
41267,2457,3055,558,3
41268,2457,3055,608,4
41269,2456,3054,176,1
41270,2456,3054,185,3
41271,2456,3054,213,2.5
41272,2456,3054,294,4.5
41273,2456,3054,380,1
41274,2456,3054,381,5
41275,2456,3054,472,1
41276,2455,3053,23,2
41277,2455,3053,30,4
41278,2455,3053,212,2
41279,2455,3053,220,4
41280,2455,3053,292,3
41281,2455,3053,350,3
41282,2455,3053,380,3
41283,2455,3053,386,4
41284,2455,3053,412,1
41285,2455,3053,665,2
41286,2454,3052,6,1
41287,2454,3052,15,3
41288,2454,3052,22,2.5
41289,2454,3052,23,3.5
41290,2454,3052,43,3
41291,2454,3052,45,2.5
41292,2454,3052,73,3
41293,2454,3052,77,4.5
41294,2454,3052,78,4
41295,2454,3052,88,2.5
41296,2454,3052,109,4
41297,2454,3052,119,5
41298,2454,3052,134,4
41299,2454,3052,150,2
41300,2454,3052,165,2
41301,2454,3052,178,4
41302,2454,3052,181,4
41303,2454,3052,185,4
41304,2454,3052,195,2
41305,2454,3052,196,2
41306,2454,3052,212,4.5
41307,2454,3052,213,1
41308,2454,3052,237,3.5
41309,2454,3052,243,3
41310,2454,3052,255,4
41311,2454,3052,268,3
41312,2454,3052,285,5
41313,2454,3052,292,4.5
41314,2454,3052,294,4
41315,2454,3052,299,4.5
41316,2454,3052,303,4.5
41317,2454,3052,311,0.5
41318,2454,3052,313,1.5
41319,2454,3052,345,3.5
41320,2454,3052,346,4.5
41321,2454,3052,353,3
41322,2454,3052,355,3.5
41323,2454,3052,370,4.5
41324,2454,3052,380,4
41325,2454,3052,388,3
41326,2454,3052,394,4.5
41327,2454,3052,407,3
41328,2454,3052,412,4
41329,2454,3052,422,5
41330,2454,3052,431,4
41331,2454,3052,433,4.5
41332,2454,3052,451,2
41333,2454,3052,452,3
41334,2454,3052,457,2.5
41335,2454,3052,462,3
41336,2454,3052,463,2
41337,2454,3052,466,3
41338,2454,3052,468,2.5
41339,2454,3052,509,4
41340,2454,3052,528,3
41341,2454,3052,547,2
41342,2454,3052,550,3
41343,2454,3052,561,4
41344,2454,3052,562,4.5
41345,2454,3052,564,5
41346,2454,3052,574,3.5
41347,2454,3052,575,3
41348,2454,3052,580,3.5
41349,2454,3052,582,1
41350,2454,3052,585,4
41351,2454,3052,591,2.5
41352,2454,3052,598,4
41353,2454,3052,605,1
41354,2454,3052,607,3.5
41355,2454,3052,617,3
41356,2454,3052,621,4
41357,2454,3052,624,4
41358,2454,3052,630,3.5
41359,2454,3052,648,4.5
41360,2454,3052,654,4
41361,2454,3052,655,5
41362,2454,3052,664,4
41363,2454,3052,665,3
41364,2454,3052,671,1
41365,2453,3051,95,3
41366,2453,3051,190,2
41367,2453,3051,382,2
41368,2453,3051,467,3
41369,2453,3051,547,3
41370,2453,3051,564,3
41371,2453,3051,598,3
41372,2453,3051,626,3
41373,2453,3051,653,5
41374,2453,3051,656,5
41375,2453,3051,665,3
41376,2452,3048,518,3
41377,2452,3048,564,4
41378,2451,3047,609,1
41379,2450,3046,165,2
41380,2450,3046,312,4
41381,2450,3046,388,2
41382,2449,3045,220,3
41383,2449,3045,547,2
41384,2449,3045,564,4
41385,2449,3045,575,3
41386,2448,3044,15,3
41387,2448,3044,30,3
41388,2448,3044,83,4
41389,2448,3044,220,4
41390,2448,3044,232,5
41391,2448,3044,242,5
41392,2448,3044,306,4
41393,2448,3044,311,3
41394,2448,3044,312,3
41395,2448,3044,407,5
41396,2448,3044,422,3
41397,2448,3044,431,4.5
41398,2448,3044,452,3
41399,2448,3044,461,2.5
41400,2448,3044,493,5
41401,2448,3044,534,4
41402,2448,3044,547,2
41403,2448,3044,550,5
41404,2448,3044,564,4
41405,2448,3044,575,5
41406,2448,3044,605,3
41407,2448,3044,624,4
41408,2448,3044,652,4
41409,2448,3044,654,5
41410,2447,3043,358,1
41411,2446,3042,358,1
41412,2446,3042,518,3
41413,2446,3042,564,3
41414,2445,3041,564,3
41415,2444,3040,4,5
41416,2444,3040,232,3
41417,2444,3040,358,3
41418,2444,3040,457,2.5
41419,2444,3040,518,3
41420,2444,3040,564,4
41421,2443,3039,4,4
41422,2443,3039,15,4
41423,2443,3039,30,4
41424,2443,3039,56,1
41425,2443,3039,102,3
41426,2443,3039,119,3
41427,2443,3039,120,3.5
41428,2443,3039,130,3.5
41429,2443,3039,134,4.5
41430,2443,3039,149,3.5
41431,2443,3039,150,3.5
41432,2443,3039,171,3
41433,2443,3039,193,5
41434,2443,3039,195,1
41435,2443,3039,217,5
41436,2443,3039,232,4
41437,2443,3039,282,4.5
41438,2443,3039,303,4
41439,2443,3039,306,5
41440,2443,3039,311,3.5
41441,2443,3039,325,3
41442,2443,3039,346,4
41443,2443,3039,353,3.5
41444,2443,3039,358,5
41445,2443,3039,419,3.5
41446,2443,3039,423,2.5
41447,2443,3039,430,4
41448,2443,3039,452,3
41449,2443,3039,457,4
41450,2443,3039,460,4
41451,2443,3039,461,5
41452,2443,3039,463,4
41453,2443,3039,472,4
41454,2443,3039,509,4
41455,2443,3039,518,4
41456,2443,3039,522,3.5
41457,2443,3039,547,3
41458,2443,3039,564,5
41459,2443,3039,575,1
41460,2443,3039,580,3.5
41461,2443,3039,587,3.5
41462,2443,3039,598,4
41463,2443,3039,624,4
41464,2443,3039,628,3
41465,2443,3039,655,4
41466,2443,3039,664,3.5
41467,2443,3039,665,3
41468,2443,3039,668,3
41469,2442,3038,30,5
41470,2442,3038,232,5
41471,2442,3038,387,5
41472,2442,3038,547,5
41473,2441,3037,83,4
41474,2441,3037,102,4
41475,2441,3037,105,4
41476,2441,3037,119,5
41477,2441,3037,159,4
41478,2441,3037,195,4
41479,2441,3037,232,5
41480,2441,3037,328,1.5
41481,2441,3037,423,4
41482,2441,3037,452,4
41483,2441,3037,466,4
41484,2441,3037,472,5
41485,2441,3037,509,4
41486,2441,3037,529,4
41487,2441,3037,547,4.5
41488,2441,3037,575,4
41489,2441,3037,585,5
41490,2441,3037,647,5
41491,2440,3036,73,4
41492,2440,3036,388,5
41493,2440,3036,510,2
41494,2440,3036,564,5
41495,2439,3035,30,4
41496,2439,3035,34,5
41497,2439,3035,119,4
41498,2439,3035,195,5
41499,2439,3035,232,4
41500,2439,3035,242,5
41501,2439,3035,248,5
41502,2439,3035,265,4
41503,2439,3035,311,4
41504,2439,3035,358,4
41505,2439,3035,387,5
41506,2439,3035,466,5
41507,2439,3035,468,3
41508,2439,3035,505,4
41509,2439,3035,533,4
41510,2439,3035,575,5
41511,2439,3035,585,5
41512,2438,3034,4,5
41513,2438,3034,56,4
41514,2438,3034,73,4.5
41515,2438,3034,130,4
41516,2438,3034,147,4
41517,2438,3034,176,2
41518,2438,3034,178,4
41519,2438,3034,185,4
41520,2438,3034,212,3
41521,2438,3034,213,2.5
41522,2438,3034,285,4
41523,2438,3034,287,5
41524,2438,3034,294,4.5
41525,2438,3034,328,3
41526,2438,3034,363,3
41527,2438,3034,388,4
41528,2438,3034,392,2
41529,2438,3034,452,4
41530,2438,3034,466,4
41531,2438,3034,468,3.5
41532,2438,3034,471,4
41533,2438,3034,510,1
41534,2438,3034,518,4
41535,2438,3034,560,3.5
41536,2438,3034,561,4.5
41537,2438,3034,564,4
41538,2438,3034,577,5
41539,2438,3034,624,4
41540,2438,3034,665,5
41541,2437,3033,15,4
41542,2437,3033,22,4
41543,2437,3033,41,4
41544,2437,3033,73,3.5
41545,2437,3033,75,4
41546,2437,3033,77,4
41547,2437,3033,83,4
41548,2437,3033,95,5
41549,2437,3033,97,3.5
41550,2437,3033,103,4
41551,2437,3033,111,5
41552,2437,3033,118,2
41553,2437,3033,125,2.5
41554,2437,3033,130,2.5
41555,2437,3033,165,4
41556,2437,3033,212,3
41557,2437,3033,228,5
41558,2437,3033,239,5
41559,2437,3033,243,3
41560,2437,3033,247,4
41561,2437,3033,253,3.5
41562,2437,3033,285,4
41563,2437,3033,294,4
41564,2437,3033,297,3
41565,2437,3033,303,3
41566,2437,3033,310,2
41567,2437,3033,327,5
41568,2437,3033,346,3
41569,2437,3033,353,3.5
41570,2437,3033,358,2
41571,2437,3033,370,4
41572,2437,3033,380,5
41573,2437,3033,388,4
41574,2437,3033,401,5
41575,2437,3033,423,3.5
41576,2437,3033,439,4
41577,2437,3033,457,2.5
41578,2437,3033,458,2.5
41579,2437,3033,461,3
41580,2437,3033,468,2.5
41581,2437,3033,498,5
41582,2437,3033,509,2
41583,2437,3033,519,4
41584,2437,3033,525,3
41585,2437,3033,544,4
41586,2437,3033,561,5
41587,2437,3033,564,4
41588,2437,3033,575,2
41589,2437,3033,580,3.5
41590,2437,3033,596,3
41591,2437,3033,598,5
41592,2437,3033,607,4
41593,2437,3033,612,2.5
41594,2437,3033,624,4
41595,2437,3033,646,4
41596,2437,3033,654,4.5
41597,2437,3033,664,3.5
41598,2437,3033,665,2
41599,2436,3032,30,4
41600,2436,3032,34,4
41601,2436,3032,119,3
41602,2436,3032,137,4
41603,2436,3032,214,4
41604,2436,3032,346,5
41605,2436,3032,529,1
41606,2435,3031,624,3
41607,2434,3030,15,4
41608,2434,3030,257,5
41609,2434,3030,297,5
41610,2434,3030,423,5
41611,2434,3030,468,3.5
41612,2434,3030,580,4.5
41613,2434,3030,587,4.5
41614,2434,3030,609,1
41615,2434,3030,624,5
41616,2433,3029,518,3
41617,2433,3029,564,4
41618,2432,3028,232,1
41619,2432,3028,405,3
41620,2432,3028,547,3
41621,2432,3028,564,4
41622,2431,3025,575,3
41623,2430,3024,95,3
41624,2430,3024,564,5
41625,2430,3024,624,3
41626,2429,3022,83,4.5
41627,2429,3022,102,5
41628,2429,3022,159,3.5
41629,2429,3022,195,4
41630,2429,3022,236,5
41631,2429,3022,297,4.5
41632,2429,3022,394,1.5
41633,2429,3022,468,5
41634,2429,3022,472,5
41635,2429,3022,481,4.5
41636,2429,3022,505,3.5
41637,2429,3022,547,4.5
41638,2429,3022,580,4
41639,2429,3022,585,5
41640,2428,3021,564,5
41641,2427,3020,15,3
41642,2427,3020,23,2.5
41643,2427,3020,30,4
41644,2427,3020,73,4
41645,2427,3020,75,3
41646,2427,3020,105,4
41647,2427,3020,157,3.5
41648,2427,3020,165,4.5
41649,2427,3020,200,4.5
41650,2427,3020,220,5
41651,2427,3020,230,5
41652,2427,3020,232,5
41653,2427,3020,285,5
41654,2427,3020,311,3
41655,2427,3020,342,1
41656,2427,3020,353,3.5
41657,2427,3020,355,3.5
41658,2427,3020,362,4
41659,2427,3020,380,4
41660,2427,3020,405,3.5
41661,2427,3020,430,4.5
41662,2427,3020,461,2
41663,2427,3020,468,2.5
41664,2427,3020,534,3
41665,2427,3020,547,2.5
41666,2427,3020,550,4
41667,2427,3020,564,3
41668,2427,3020,580,3
41669,2427,3020,596,5
41670,2427,3020,610,3
41671,2427,3020,624,4
41672,2426,3019,10,4
41673,2426,3019,15,3
41674,2426,3019,23,3.5
41675,2426,3019,30,3
41676,2426,3019,73,4
41677,2426,3019,102,4
41678,2426,3019,105,3.5
41679,2426,3019,119,5
41680,2426,3019,143,3
41681,2426,3019,159,4
41682,2426,3019,195,4
41683,2426,3019,232,4
41684,2426,3019,299,4
41685,2426,3019,312,5
41686,2426,3019,358,4
41687,2426,3019,388,4
41688,2426,3019,430,5
41689,2426,3019,452,3
41690,2426,3019,472,4
41691,2426,3019,486,3.5
41692,2426,3019,497,2
41693,2426,3019,547,4.5
41694,2426,3019,549,2.5
41695,2426,3019,564,4
41696,2426,3019,580,4
41697,2426,3019,587,4
41698,2426,3019,609,5
41699,2425,3018,17,4
41700,2425,3018,60,3.5
41701,2425,3018,73,3.5
41702,2425,3018,95,3
41703,2425,3018,102,4
41704,2425,3018,214,4
41705,2425,3018,262,2.5
41706,2425,3018,299,5
41707,2425,3018,463,3
41708,2425,3018,482,5
41709,2425,3018,558,4
41710,2425,3018,564,5
41711,2425,3018,580,3
41712,2425,3018,655,4
41713,2424,3017,95,3
41714,2424,3017,306,3
41715,2424,3017,457,2
41716,2424,3017,518,4
41717,2424,3017,655,3.5
41718,2423,3016,4,3
41719,2423,3016,73,4
41720,2423,3016,95,4
41721,2423,3016,123,5
41722,2423,3016,189,3
41723,2423,3016,306,4
41724,2423,3016,461,3.5
41725,2423,3016,482,3
41726,2423,3016,518,4
41727,2423,3016,564,5
41728,2423,3016,580,3
41729,2423,3016,626,4
41730,2423,3016,654,3.5
41731,2423,3016,655,4
41732,2423,3016,669,3
41733,2422,3015,30,3
41734,2422,3015,246,2
41735,2422,3015,306,5
41736,2422,3015,452,2
41737,2422,3015,529,3
41738,2422,3015,564,5
41739,2421,3013,73,3.5
41740,2421,3013,564,3
41741,2421,3013,605,1
41742,2420,3011,102,4
41743,2420,3011,119,4
41744,2420,3011,195,3
41745,2420,3011,232,3
41746,2420,3011,387,5
41747,2420,3011,452,4
41748,2420,3011,529,3
41749,2420,3011,547,4
41750,2420,3011,575,2
41751,2420,3011,647,5
41752,2419,3010,15,4
41753,2419,3010,481,5
41754,2418,3008,15,2
41755,2418,3008,587,3.5
41756,2418,3008,608,5
41757,2417,3007,15,2.5
41758,2417,3007,33,5
41759,2417,3007,75,4
41760,2417,3007,102,5
41761,2417,3007,259,4
41762,2417,3007,407,4
41763,2417,3007,422,4
41764,2417,3007,427,4
41765,2417,3007,451,5
41766,2417,3007,460,3.5
41767,2417,3007,468,4
41768,2417,3007,472,4
41769,2417,3007,509,5
41770,2417,3007,547,4.5
41771,2416,3006,15,5
41772,2416,3006,23,4.5
41773,2416,3006,30,5
41774,2416,3006,73,4.5
41775,2416,3006,102,4
41776,2416,3006,105,4
41777,2416,3006,111,4.5
41778,2416,3006,118,5
41779,2416,3006,198,3
41780,2416,3006,207,2
41781,2416,3006,212,3.5
41782,2416,3006,220,5
41783,2416,3006,229,4
41784,2416,3006,242,4
41785,2416,3006,295,3.5
41786,2416,3006,306,4
41787,2416,3006,311,4
41788,2416,3006,312,3
41789,2416,3006,339,4.5
41790,2416,3006,358,5
41791,2416,3006,387,4
41792,2416,3006,388,5
41793,2416,3006,405,4
41794,2416,3006,407,5
41795,2416,3006,411,5
41796,2416,3006,412,1
41797,2416,3006,417,4
41798,2416,3006,427,4
41799,2416,3006,452,4
41800,2416,3006,457,3
41801,2416,3006,461,3.5
41802,2416,3006,468,3
41803,2416,3006,485,3
41804,2416,3006,509,4
41805,2416,3006,510,3
41806,2416,3006,547,4
41807,2416,3006,564,2
41808,2416,3006,586,4.5
41809,2416,3006,587,4
41810,2416,3006,595,5
41811,2416,3006,596,1
41812,2416,3006,608,5
41813,2416,3006,628,3
41814,2416,3006,654,4
41815,2416,3006,664,4
41816,2415,3005,10,3
41817,2415,3005,15,1
41818,2415,3005,43,2
41819,2415,3005,95,4
41820,2415,3005,107,3.5
41821,2415,3005,123,5
41822,2415,3005,128,1
41823,2415,3005,150,3
41824,2415,3005,187,3.5
41825,2415,3005,189,2
41826,2415,3005,196,4
41827,2415,3005,212,3
41828,2415,3005,213,2
41829,2415,3005,214,3
41830,2415,3005,232,4
41831,2415,3005,242,5
41832,2415,3005,294,4
41833,2415,3005,353,2.5
41834,2415,3005,367,1
41835,2415,3005,379,4.5
41836,2415,3005,461,2
41837,2415,3005,463,1
41838,2415,3005,534,4
41839,2415,3005,547,3.5
41840,2415,3005,564,4
41841,2415,3005,580,2
41842,2415,3005,598,3
41843,2415,3005,624,1
41844,2415,3005,626,2
41845,2415,3005,665,3
41846,2414,3004,15,1
41847,2414,3004,111,3
41848,2414,3004,189,1
41849,2414,3004,196,4
41850,2414,3004,202,3
41851,2414,3004,239,3
41852,2414,3004,294,4
41853,2414,3004,306,2
41854,2414,3004,518,4
41855,2414,3004,614,1
41856,2414,3004,652,4
41857,2414,3004,653,3
41858,2414,3004,665,1
41859,2413,3003,609,1
41860,2412,3002,468,3.5
41861,2412,3002,608,4
41862,2411,3001,189,2
41863,2410,3000,15,4
41864,2410,3000,48,5
41865,2410,3000,77,4
41866,2410,3000,81,4.5
41867,2410,3000,132,5
41868,2410,3000,149,3
41869,2410,3000,157,4.5
41870,2410,3000,159,3.5
41871,2410,3000,165,3.5
41872,2410,3000,176,4.5
41873,2410,3000,185,5
41874,2410,3000,205,4
41875,2410,3000,213,2.5
41876,2410,3000,257,5
41877,2410,3000,294,3
41878,2410,3000,297,4.5
41879,2410,3000,298,5
41880,2410,3000,311,2
41881,2410,3000,352,4.5
41882,2410,3000,363,4
41883,2410,3000,402,4.5
41884,2410,3000,406,5
41885,2410,3000,423,5
41886,2410,3000,424,3.5
41887,2410,3000,430,4.5
41888,2410,3000,443,5
41889,2410,3000,453,4
41890,2410,3000,472,4
41891,2410,3000,481,5
41892,2410,3000,561,4.5
41893,2410,3000,563,4.5
41894,2410,3000,574,3
41895,2410,3000,577,5
41896,2410,3000,580,4
41897,2410,3000,625,4.5
41898,2410,3000,654,3
41899,2410,3000,664,4
41900,2410,3000,668,3
41901,2409,2998,558,4
41902,2408,2997,5,3.5
41903,2408,2997,15,5
41904,2408,2997,17,5
41905,2408,2997,23,4.5
41906,2408,2997,31,4.5
41907,2408,2997,33,4
41908,2408,2997,43,4
41909,2408,2997,48,3
41910,2408,2997,53,1
41911,2408,2997,59,1.5
41912,2408,2997,63,4
41913,2408,2997,73,4.5
41914,2408,2997,81,4
41915,2408,2997,83,5
41916,2408,2997,88,4
41917,2408,2997,97,3.5
41918,2408,2997,99,4
41919,2408,2997,102,4
41920,2408,2997,105,4
41921,2408,2997,111,3
41922,2408,2997,115,4.5
41923,2408,2997,119,5
41924,2408,2997,120,2
41925,2408,2997,130,3
41926,2408,2997,131,5
41927,2408,2997,132,5
41928,2408,2997,134,4.5
41929,2408,2997,148,4.5
41930,2408,2997,149,3.5
41931,2408,2997,150,3.5
41932,2408,2997,152,4.5
41933,2408,2997,153,5
41934,2408,2997,163,4.5
41935,2408,2997,165,3
41936,2408,2997,176,2
41937,2408,2997,178,5
41938,2408,2997,185,4
41939,2408,2997,187,2.5
41940,2408,2997,189,4
41941,2408,2997,190,5
41942,2408,2997,193,5
41943,2408,2997,198,5
41944,2408,2997,212,4
41945,2408,2997,219,3
41946,2408,2997,220,3
41947,2408,2997,230,5
41948,2408,2997,234,4
41949,2408,2997,240,5
41950,2408,2997,242,5
41951,2408,2997,243,4
41952,2408,2997,245,5
41953,2408,2997,255,5
41954,2408,2997,259,5
41955,2408,2997,268,2.5
41956,2408,2997,270,4
41957,2408,2997,274,3.5
41958,2408,2997,278,2
41959,2408,2997,283,4.5
41960,2408,2997,285,5
41961,2408,2997,294,3
41962,2408,2997,297,2
41963,2408,2997,299,4
41964,2408,2997,303,4.5
41965,2408,2997,306,3
41966,2408,2997,312,4
41967,2408,2997,313,2
41968,2408,2997,346,5
41969,2408,2997,355,4
41970,2408,2997,363,5
41971,2408,2997,367,5
41972,2408,2997,379,4
41973,2408,2997,380,4
41974,2408,2997,382,1
41975,2408,2997,384,4
41976,2408,2997,386,4
41977,2408,2997,387,5
41978,2408,2997,388,5
41979,2408,2997,394,4
41980,2408,2997,407,5
41981,2408,2997,427,4
41982,2408,2997,428,4.5
41983,2408,2997,430,5
41984,2408,2997,439,4
41985,2408,2997,452,3
41986,2408,2997,457,4
41987,2408,2997,460,5
41988,2408,2997,461,4
41989,2408,2997,463,2
41990,2408,2997,467,4
41991,2408,2997,468,2.5
41992,2408,2997,472,4
41993,2408,2997,476,5
41994,2408,2997,480,2.5
41995,2408,2997,481,5
41996,2408,2997,483,1
41997,2408,2997,486,4
41998,2408,2997,501,3.5
41999,2408,2997,509,5
42000,2408,2997,524,3.5
42001,2408,2997,528,3.5
42002,2408,2997,541,4
42003,2408,2997,544,4.5
42004,2408,2997,547,5
42005,2408,2997,554,4
42006,2408,2997,561,4
42007,2408,2997,562,4
42008,2408,2997,564,4
42009,2408,2997,573,5
42010,2408,2997,580,2.5
42011,2408,2997,584,3.5
42012,2408,2997,585,5
42013,2408,2997,587,4
42014,2408,2997,596,3.5
42015,2408,2997,598,4
42016,2408,2997,605,4
42017,2408,2997,608,5
42018,2408,2997,615,3.5
42019,2408,2997,623,5
42020,2408,2997,624,4
42021,2408,2997,626,4
42022,2408,2997,652,4
42023,2408,2997,654,4
42024,2408,2997,655,3.5
42025,2408,2997,665,3
42026,2408,2997,668,5
42027,2408,2997,671,4.5
42028,2407,2996,380,2
42029,2407,2996,529,4
42030,2406,2995,10,2
42031,2406,2995,78,2.5
42032,2406,2995,123,2
42033,2406,2995,153,2
42034,2406,2995,189,1
42035,2406,2995,195,2
42036,2406,2995,212,2
42037,2406,2995,220,1
42038,2406,2995,262,1
42039,2406,2995,301,5
42040,2406,2995,386,1
42041,2406,2995,471,2
42042,2406,2995,476,1
42043,2406,2995,564,3
42044,2406,2995,598,2
42045,2406,2995,626,2
42046,2405,2993,15,4
42047,2405,2993,102,4
42048,2405,2993,130,3.5
42049,2405,2993,150,2.5
42050,2405,2993,217,4
42051,2405,2993,219,4
42052,2405,2993,294,2.5
42053,2405,2993,335,2.5
42054,2405,2993,405,3.5
42055,2405,2993,471,4
42056,2405,2993,505,2.5
42057,2405,2993,547,3.5
42058,2405,2993,561,4
42059,2405,2993,592,5
42060,2405,2993,615,3
42061,2405,2993,624,4.5
42062,2405,2993,654,3.5
42063,2404,2992,564,4
42064,2403,2991,4,5
42065,2403,2991,30,4
42066,2403,2991,54,3.5
42067,2403,2991,75,3
42068,2403,2991,89,5
42069,2403,2991,130,3.5
42070,2403,2991,150,3
42071,2403,2991,217,4.5
42072,2403,2991,294,2.5
42073,2403,2991,311,3.5
42074,2403,2991,358,3
42075,2403,2991,405,3
42076,2403,2991,423,1.5
42077,2403,2991,471,4
42078,2403,2991,505,3.5
42079,2403,2991,524,3
42080,2403,2991,564,3
42081,2403,2991,573,3
42082,2403,2991,577,4.5
42083,2403,2991,592,5
42084,2403,2991,605,3
42085,2403,2991,624,5
42086,2403,2991,632,4
42087,2403,2991,654,4
42088,2402,2990,15,3.5
42089,2402,2990,22,3
42090,2402,2990,150,3
42091,2402,2990,214,3
42092,2402,2990,294,2.5
42093,2402,2990,388,2
42094,2402,2990,397,4
42095,2402,2990,405,4
42096,2402,2990,471,4
42097,2402,2990,518,3
42098,2402,2990,560,4
42099,2402,2990,564,2
42100,2402,2990,570,2.5
42101,2402,2990,592,5
42102,2402,2990,604,3
42103,2402,2990,605,3
42104,2402,2990,624,4.5
42105,2401,2989,30,4
42106,2401,2989,150,2.5
42107,2401,2989,195,3
42108,2401,2989,214,3
42109,2401,2989,217,4.5
42110,2401,2989,294,2.5
42111,2401,2989,397,4
42112,2401,2989,405,3.5
42113,2401,2989,457,1.5
42114,2401,2989,461,1.5
42115,2401,2989,463,4
42116,2401,2989,471,4
42117,2401,2989,553,4.5
42118,2401,2989,564,5
42119,2401,2989,592,5
42120,2401,2989,605,3
42121,2401,2989,624,4.5
42122,2401,2989,654,3.5
42123,2400,2988,195,3
42124,2400,2988,232,4
42125,2400,2988,265,4
42126,2400,2988,342,4
42127,2400,2988,387,4
42128,2400,2988,472,4
42129,2400,2988,547,4
42130,2400,2988,564,5
42131,2399,2987,4,5
42132,2399,2987,15,4
42133,2399,2987,22,4
42134,2399,2987,23,3.5
42135,2399,2987,30,5
42136,2399,2987,34,4
42137,2399,2987,48,3.5
42138,2399,2987,49,5
42139,2399,2987,51,5
42140,2399,2987,53,1
42141,2399,2987,63,4.5
42142,2399,2987,69,4.5
42143,2399,2987,73,3.5
42144,2399,2987,77,3.5
42145,2399,2987,78,4
42146,2399,2987,89,4
42147,2399,2987,95,5
42148,2399,2987,102,3
42149,2399,2987,105,3
42150,2399,2987,119,4
42151,2399,2987,120,3
42152,2399,2987,125,3.5
42153,2399,2987,130,3.5
42154,2399,2987,134,4.5
42155,2399,2987,137,3
42156,2399,2987,150,2.5
42157,2399,2987,160,2
42158,2399,2987,165,4
42159,2399,2987,171,3
42160,2399,2987,176,3.5
42161,2399,2987,180,4
42162,2399,2987,185,3
42163,2399,2987,189,2
42164,2399,2987,190,4
42165,2399,2987,195,4
42166,2399,2987,212,2.5
42167,2399,2987,213,2.5
42168,2399,2987,214,4
42169,2399,2987,228,4
42170,2399,2987,232,5
42171,2399,2987,234,3.5
42172,2399,2987,235,4.5
42173,2399,2987,240,3
42174,2399,2987,243,3.5
42175,2399,2987,247,3
42176,2399,2987,253,3.5
42177,2399,2987,262,3
42178,2399,2987,263,2.5
42179,2399,2987,268,4.5
42180,2399,2987,285,3
42181,2399,2987,291,4
42182,2399,2987,292,4
42183,2399,2987,294,3.5
42184,2399,2987,303,3
42185,2399,2987,306,3
42186,2399,2987,311,3.5
42187,2399,2987,326,4
42188,2399,2987,328,4
42189,2399,2987,342,3
42190,2399,2987,353,3
42191,2399,2987,358,4
42192,2399,2987,363,5
42193,2399,2987,367,3.5
42194,2399,2987,380,4
42195,2399,2987,384,4
42196,2399,2987,386,2
42197,2399,2987,405,4
42198,2399,2987,423,3.5
42199,2399,2987,425,3.5
42200,2399,2987,430,3.5
42201,2399,2987,433,5
42202,2399,2987,441,3.5
42203,2399,2987,442,4
42204,2399,2987,452,3
42205,2399,2987,457,2.5
42206,2399,2987,461,4
42207,2399,2987,463,1
42208,2399,2987,466,5
42209,2399,2987,468,3.5
42210,2399,2987,472,5
42211,2399,2987,476,3
42212,2399,2987,489,3
42213,2399,2987,491,4
42214,2399,2987,505,3
42215,2399,2987,518,5
42216,2399,2987,547,3.5
42217,2399,2987,550,4
42218,2399,2987,562,3.5
42219,2399,2987,564,5
42220,2399,2987,573,4
42221,2399,2987,575,5
42222,2399,2987,577,4.5
42223,2399,2987,580,3
42224,2399,2987,582,2
42225,2399,2987,591,3
42226,2399,2987,592,4
42227,2399,2987,597,5
42228,2399,2987,598,4
42229,2399,2987,607,3
42230,2399,2987,624,4
42231,2399,2987,626,4
42232,2399,2987,644,3
42233,2399,2987,645,4.5
42234,2399,2987,646,4
42235,2399,2987,654,4
42236,2399,2987,656,4
42237,2399,2987,658,5
42238,2399,2987,665,3
42239,2398,2986,4,3
42240,2398,2986,53,4
42241,2398,2986,77,2.5
42242,2398,2986,148,3.5
42243,2398,2986,195,2
42244,2398,2986,232,3
42245,2398,2986,247,2
42246,2398,2986,285,3
42247,2398,2986,353,0.5
42248,2398,2986,379,3.5
42249,2398,2986,384,3
42250,2398,2986,388,3
42251,2398,2986,461,1
42252,2398,2986,518,3
42253,2398,2986,560,3.5
42254,2398,2986,564,2
42255,2398,2986,580,3
42256,2398,2986,624,3
42257,2398,2986,654,4
42258,2397,2985,15,3
42259,2397,2985,22,2
42260,2397,2985,30,4
42261,2397,2985,34,3
42262,2397,2985,42,4
42263,2397,2985,66,4
42264,2397,2985,73,4
42265,2397,2985,77,3.5
42266,2397,2985,95,5
42267,2397,2985,103,3
42268,2397,2985,105,3
42269,2397,2985,118,4
42270,2397,2985,119,3
42271,2397,2985,130,4
42272,2397,2985,134,4
42273,2397,2985,157,3
42274,2397,2985,167,3
42275,2397,2985,195,2
42276,2397,2985,199,4
42277,2397,2985,213,1.5
42278,2397,2985,214,4
42279,2397,2985,232,5
42280,2397,2985,243,3
42281,2397,2985,271,3.5
42282,2397,2985,285,4
42283,2397,2985,299,4
42284,2397,2985,300,3
42285,2397,2985,306,4
42286,2397,2985,312,3
42287,2397,2985,342,2
42288,2397,2985,346,5
42289,2397,2985,363,3
42290,2397,2985,384,4
42291,2397,2985,388,5
42292,2397,2985,395,3
42293,2397,2985,401,4
42294,2397,2985,433,3.5
42295,2397,2985,457,2.5
42296,2397,2985,461,4.5
42297,2397,2985,463,4
42298,2397,2985,471,4
42299,2397,2985,475,3.5
42300,2397,2985,477,2
42301,2397,2985,480,3.5
42302,2397,2985,518,4
42303,2397,2985,523,4
42304,2397,2985,525,4
42305,2397,2985,533,4
42306,2397,2985,560,3.5
42307,2397,2985,562,4.5
42308,2397,2985,564,4
42309,2397,2985,576,3
42310,2397,2985,580,3.5
42311,2397,2985,597,4
42312,2397,2985,607,3.5
42313,2397,2985,624,4.5
42314,2397,2985,654,5
42315,2397,2985,664,3
42316,2396,2984,214,5
42317,2395,2983,15,4
42318,2395,2983,414,4
42319,2394,2982,564,5
42320,2393,2981,387,5
42321,2392,2979,165,2
42322,2392,2979,388,2
42323,2391,2978,43,2
42324,2391,2978,128,3
42325,2391,2978,149,4
42326,2391,2978,313,3.5
42327,2391,2978,518,5
42328,2391,2978,624,2
42329,2391,2978,653,3
42330,2391,2978,665,3
42331,2390,2977,30,2
42332,2390,2977,196,4
42333,2389,2976,15,2
42334,2389,2976,23,4.5
42335,2389,2976,30,3
42336,2389,2976,95,3
42337,2389,2976,119,4
42338,2389,2976,189,5
42339,2389,2976,190,5
42340,2389,2976,214,3
42341,2389,2976,299,5
42342,2389,2976,306,3
42343,2389,2976,380,2
42344,2389,2976,388,3
42345,2389,2976,404,3
42346,2389,2976,468,3
42347,2389,2976,491,4
42348,2389,2976,547,3.5
42349,2389,2976,558,3
42350,2389,2976,564,5
42351,2389,2976,580,4.5
42352,2389,2976,626,2
42353,2389,2976,669,4
42354,2388,2975,190,4
42355,2388,2975,196,4
42356,2387,2974,73,1
42357,2387,2974,468,1
42358,2387,2974,472,3
42359,2387,2974,564,1
42360,2386,2973,15,4
42361,2386,2973,17,5
42362,2386,2973,30,5
42363,2386,2973,102,5
42364,2386,2973,119,5
42365,2386,2973,198,0.5
42366,2386,2973,232,4
42367,2386,2973,278,3
42368,2386,2973,306,4
42369,2386,2973,342,4
42370,2386,2973,358,5
42371,2386,2973,373,5
42372,2386,2973,452,5
42373,2386,2973,468,3.5
42374,2386,2973,472,4
42375,2386,2973,497,5
42376,2386,2973,505,3.5
42377,2386,2973,509,4
42378,2386,2973,510,4
42379,2386,2973,519,5
42380,2386,2973,529,3.5
42381,2386,2973,547,3
42382,2386,2973,564,5
42383,2386,2973,575,5
42384,2386,2973,585,4
42385,2386,2973,587,5
42386,2386,2973,624,4
42387,2386,2973,647,4
42388,2385,2972,265,1
42389,2385,2972,472,4
42390,2384,2971,30,4
42391,2384,2971,34,4
42392,2384,2971,65,5
42393,2384,2971,119,5
42394,2384,2971,142,3
42395,2384,2971,195,3
42396,2384,2971,306,4
42397,2384,2971,342,4
42398,2384,2971,358,3
42399,2384,2971,363,4
42400,2384,2971,373,4
42401,2384,2971,387,5
42402,2384,2971,529,4
42403,2384,2971,547,5
42404,2384,2971,554,4
42405,2384,2971,561,4
42406,2384,2971,564,5
42407,2384,2971,595,5
42408,2384,2971,605,2
42409,2384,2971,656,5
42410,2383,2970,23,4
42411,2383,2970,102,5
42412,2383,2970,232,4
42413,2383,2970,450,5
42414,2383,2970,510,2
42415,2383,2970,547,2
42416,2382,2969,265,4
42417,2382,2969,376,4
42418,2382,2969,573,3
42419,2381,2968,1,1
42420,2381,2968,4,5
42421,2381,2968,35,0.5
42422,2381,2968,49,4
42423,2381,2968,68,1
42424,2381,2968,73,3.5
42425,2381,2968,77,4
42426,2381,2968,102,4
42427,2381,2968,105,4
42428,2381,2968,118,4
42429,2381,2968,119,4
42430,2381,2968,130,4
42431,2381,2968,195,3
42432,2381,2968,197,1
42433,2381,2968,207,2
42434,2381,2968,229,4
42435,2381,2968,232,5
42436,2381,2968,268,3.5
42437,2381,2968,282,4.5
42438,2381,2968,299,4
42439,2381,2968,306,3
42440,2381,2968,312,3
42441,2381,2968,346,5
42442,2381,2968,380,4
42443,2381,2968,423,4
42444,2381,2968,428,3
42445,2381,2968,439,1
42446,2381,2968,461,3
42447,2381,2968,468,3
42448,2381,2968,472,4
42449,2381,2968,480,5
42450,2381,2968,518,4
42451,2381,2968,525,4
42452,2381,2968,533,3
42453,2381,2968,546,3.5
42454,2381,2968,564,3
42455,2381,2968,575,5
42456,2381,2968,577,5
42457,2381,2968,580,3
42458,2381,2968,586,5
42459,2381,2968,613,4
42460,2381,2968,624,5
42461,2381,2968,654,5
42462,2380,2967,30,4
42463,2380,2967,240,4
42464,2380,2967,262,3
42465,2380,2967,547,3
42466,2380,2967,564,3
42467,2379,2966,30,4
42468,2379,2966,99,2
42469,2379,2966,102,4
42470,2379,2966,198,2.5
42471,2379,2966,348,5
42472,2379,2966,388,5
42473,2379,2966,427,3
42474,2379,2966,452,4
42475,2379,2966,468,3.5
42476,2379,2966,472,3
42477,2379,2966,509,3
42478,2379,2966,528,3.5
42479,2379,2966,529,1
42480,2379,2966,547,3
42481,2379,2966,558,5
42482,2379,2966,564,5
42483,2379,2966,587,3.5
42484,2379,2966,596,4
42485,2379,2966,608,4
42486,2378,2964,262,4
42487,2378,2964,299,3.5
42488,2378,2964,608,4
42489,2378,2964,609,1
42490,2377,2962,88,4.5
42491,2377,2962,169,3
42492,2377,2962,220,4
42493,2377,2962,414,3
42494,2376,2961,294,5
42495,2376,2961,306,3
42496,2376,2961,342,4
42497,2376,2961,358,1
42498,2376,2961,363,4
42499,2376,2961,412,4
42500,2376,2961,452,3
42501,2376,2961,564,3
42502,2376,2961,598,2
42503,2376,2961,656,5
42504,2376,2961,665,4
42505,2375,2959,3,5
42506,2375,2959,8,4
42507,2375,2959,12,4
42508,2375,2959,15,5
42509,2375,2959,17,5
42510,2375,2959,20,0.5
42511,2375,2959,22,4
42512,2375,2959,23,3.5
42513,2375,2959,26,4
42514,2375,2959,30,4
42515,2375,2959,31,5
42516,2375,2959,33,4
42517,2375,2959,38,4
42518,2375,2959,40,4
42519,2375,2959,48,5
42520,2375,2959,56,4
42521,2375,2959,59,4
42522,2375,2959,62,5
42523,2375,2959,63,4.5
42524,2375,2959,72,4
42525,2375,2959,73,5
42526,2375,2959,75,3.5
42527,2375,2959,77,4
42528,2375,2959,78,5
42529,2375,2959,81,4
42530,2375,2959,84,4
42531,2375,2959,88,4
42532,2375,2959,89,5
42533,2375,2959,94,4.5
42534,2375,2959,95,5
42535,2375,2959,97,1.5
42536,2375,2959,99,3
42537,2375,2959,103,5
42538,2375,2959,105,3.5
42539,2375,2959,107,4.5
42540,2375,2959,111,5
42541,2375,2959,115,4
42542,2375,2959,116,2
42543,2375,2959,120,3
42544,2375,2959,123,4
42545,2375,2959,124,5
42546,2375,2959,125,5
42547,2375,2959,130,4
42548,2375,2959,133,3
42549,2375,2959,134,4
42550,2375,2959,138,4
42551,2375,2959,143,4.5
42552,2375,2959,146,3.5
42553,2375,2959,149,4
42554,2375,2959,150,3.5
42555,2375,2959,152,4.5
42556,2375,2959,153,4
42557,2375,2959,157,4.5
42558,2375,2959,159,3.5
42559,2375,2959,165,5
42560,2375,2959,175,5
42561,2375,2959,178,4.5
42562,2375,2959,183,5
42563,2375,2959,185,5
42564,2375,2959,186,4.5
42565,2375,2959,189,3
42566,2375,2959,199,5
42567,2375,2959,200,4
42568,2375,2959,205,3
42569,2375,2959,208,4
42570,2375,2959,212,5
42571,2375,2959,216,5
42572,2375,2959,220,4
42573,2375,2959,228,4
42574,2375,2959,230,4.5
42575,2375,2959,234,5
42576,2375,2959,243,4
42577,2375,2959,245,5
42578,2375,2959,247,5
42579,2375,2959,250,4.5
42580,2375,2959,251,5
42581,2375,2959,253,5
42582,2375,2959,257,5
42583,2375,2959,259,3
42584,2375,2959,260,2.5
42585,2375,2959,262,3.5
42586,2375,2959,263,2.5
42587,2375,2959,267,5
42588,2375,2959,268,4.5
42589,2375,2959,270,5
42590,2375,2959,273,5
42591,2375,2959,274,4
42592,2375,2959,275,4
42593,2375,2959,282,0.5
42594,2375,2959,292,5
42595,2375,2959,295,4
42596,2375,2959,297,4
42597,2375,2959,303,4
42598,2375,2959,307,4.5
42599,2375,2959,309,4.5
42600,2375,2959,312,5
42601,2375,2959,313,2.5
42602,2375,2959,334,4
42603,2375,2959,345,5
42604,2375,2959,350,5
42605,2375,2959,352,4.5
42606,2375,2959,353,4
42607,2375,2959,355,5
42608,2375,2959,359,3.5
42609,2375,2959,362,2.5
42610,2375,2959,363,3
42611,2375,2959,370,4.5
42612,2375,2959,371,4
42613,2375,2959,378,4.5
42614,2375,2959,379,4
42615,2375,2959,380,5
42616,2375,2959,384,4
42617,2375,2959,386,5
42618,2375,2959,388,3
42619,2375,2959,392,4
42620,2375,2959,407,5
42621,2375,2959,412,4
42622,2375,2959,419,2
42623,2375,2959,423,4.5
42624,2375,2959,425,3
42625,2375,2959,426,4
42626,2375,2959,427,4
42627,2375,2959,428,5
42628,2375,2959,429,3
42629,2375,2959,430,5
42630,2375,2959,431,4.5
42631,2375,2959,432,5
42632,2375,2959,442,4.5
42633,2375,2959,450,5
42634,2375,2959,451,5
42635,2375,2959,452,2
42636,2375,2959,454,5
42637,2375,2959,457,4
42638,2375,2959,458,2.5
42639,2375,2959,460,3.5
42640,2375,2959,461,5
42641,2375,2959,465,5
42642,2375,2959,468,3
42643,2375,2959,471,4
42644,2375,2959,472,2
42645,2375,2959,473,5
42646,2375,2959,475,5
42647,2375,2959,476,5
42648,2375,2959,478,4.5
42649,2375,2959,479,4
42650,2375,2959,480,3.5
42651,2375,2959,481,4.5
42652,2375,2959,488,4
42653,2375,2959,491,4
42654,2375,2959,494,4.5
42655,2375,2959,500,2.5
42656,2375,2959,501,5
42657,2375,2959,509,4
42658,2375,2959,519,5
42659,2375,2959,520,4.5
42660,2375,2959,521,4
42661,2375,2959,522,3.5
42662,2375,2959,524,4
42663,2375,2959,527,4.5
42664,2375,2959,528,3
42665,2375,2959,531,3.5
42666,2375,2959,541,5
42667,2375,2959,544,4.5
42668,2375,2959,546,5
42669,2375,2959,547,3.5
42670,2375,2959,553,5
42671,2375,2959,560,5
42672,2375,2959,561,4.5
42673,2375,2959,562,4.5
42674,2375,2959,563,5
42675,2375,2959,564,5
42676,2375,2959,567,5
42677,2375,2959,570,3
42678,2375,2959,572,4.5
42679,2375,2959,574,4.5
42680,2375,2959,578,3.5
42681,2375,2959,580,5
42682,2375,2959,583,4
42683,2375,2959,584,3.5
42684,2375,2959,587,2.5
42685,2375,2959,592,5
42686,2375,2959,596,5
42687,2375,2959,598,5
42688,2375,2959,606,4
42689,2375,2959,607,4.5
42690,2375,2959,608,5
42691,2375,2959,613,4.5
42692,2375,2959,615,4.5
42693,2375,2959,622,5
42694,2375,2959,624,4
42695,2375,2959,626,4
42696,2375,2959,627,4
42697,2375,2959,632,4.5
42698,2375,2959,635,3.5
42699,2375,2959,643,5
42700,2375,2959,648,2.5
42701,2375,2959,654,5
42702,2375,2959,655,5
42703,2375,2959,664,5
42704,2375,2959,665,5
42705,2375,2959,669,5
42706,2375,2959,671,4
42707,2374,2956,30,4
42708,2374,2956,351,4
42709,2374,2956,452,3
42710,2374,2956,518,3
42711,2374,2956,547,3
42712,2374,2956,564,4
42713,2373,2953,22,1
42714,2373,2953,23,3.5
42715,2373,2953,56,4
42716,2373,2953,61,3
42717,2373,2953,73,2.5
42718,2373,2953,111,3
42719,2373,2953,150,1.5
42720,2373,2953,165,3.5
42721,2373,2953,175,2
42722,2373,2953,200,2.5
42723,2373,2953,212,2
42724,2373,2953,213,1.5
42725,2373,2953,239,3
42726,2373,2953,247,3
42727,2373,2953,306,2
42728,2373,2953,381,2
42729,2373,2953,388,1
42730,2373,2953,461,0.5
42731,2373,2953,468,2.5
42732,2373,2953,518,4
42733,2373,2953,532,3.5
42734,2373,2953,560,4
42735,2373,2953,561,2.5
42736,2373,2953,564,1
42737,2373,2953,574,3
42738,2373,2953,596,3.5
42739,2373,2953,604,1
42740,2373,2953,624,1
42741,2373,2953,654,4
42742,2373,2953,658,3
42743,2373,2953,665,2
42744,2372,2952,15,1
42745,2372,2952,17,2.5
42746,2372,2952,23,3.5
42747,2372,2952,30,5
42748,2372,2952,73,4
42749,2372,2952,231,4
42750,2372,2952,299,3.5
42751,2372,2952,388,5
42752,2372,2952,434,4
42753,2372,2952,457,3
42754,2372,2952,564,3
42755,2371,2951,34,4
42756,2371,2951,56,2
42757,2371,2951,73,4
42758,2371,2951,89,5
42759,2371,2951,102,5
42760,2371,2951,130,4
42761,2371,2951,195,3
42762,2371,2951,232,4
42763,2371,2951,265,5
42764,2371,2951,340,4
42765,2371,2951,405,4
42766,2371,2951,423,4.5
42767,2371,2951,452,1
42768,2371,2951,472,5
42769,2371,2951,510,4
42770,2371,2951,518,4
42771,2371,2951,587,3.5
42772,2371,2951,624,5
42773,2371,2951,628,3
42774,2370,2950,30,3
42775,2370,2950,41,4
42776,2370,2950,130,2
42777,2370,2950,201,4
42778,2370,2950,232,3
42779,2370,2950,242,3
42780,2370,2950,294,2
42781,2370,2950,295,3.5
42782,2370,2950,306,3
42783,2370,2950,311,2
42784,2370,2950,353,2
42785,2370,2950,358,1
42786,2370,2950,405,3
42787,2370,2950,452,0.5
42788,2370,2950,467,4
42789,2370,2950,518,2
42790,2370,2950,529,1
42791,2370,2950,564,3
42792,2370,2950,605,2
42793,2369,2949,15,4
42794,2369,2949,34,3
42795,2369,2949,102,4
42796,2369,2949,119,4
42797,2369,2949,130,3.5
42798,2369,2949,150,2.5
42799,2369,2949,196,5
42800,2369,2949,229,3
42801,2369,2949,232,4
42802,2369,2949,257,4
42803,2369,2949,294,3
42804,2369,2949,335,2.5
42805,2369,2949,346,3
42806,2369,2949,358,4
42807,2369,2949,384,3.5
42808,2369,2949,405,3.5
42809,2369,2949,407,5
42810,2369,2949,468,3
42811,2369,2949,471,4
42812,2369,2949,472,4.5
42813,2369,2949,525,3
42814,2369,2949,553,4.5
42815,2369,2949,564,4
42816,2369,2949,586,2.5
42817,2369,2949,591,2.5
42818,2369,2949,592,5
42819,2369,2949,604,2
42820,2369,2949,605,4
42821,2369,2949,624,4
42822,2369,2949,646,4
42823,2369,2949,654,4.5
42824,2368,2948,73,4.5
42825,2368,2948,76,4
42826,2368,2948,91,4.5
42827,2368,2948,102,4
42828,2368,2948,130,4
42829,2368,2948,150,2.5
42830,2368,2948,217,4
42831,2368,2948,220,3
42832,2368,2948,232,4
42833,2368,2948,257,3
42834,2368,2948,265,2
42835,2368,2948,294,3
42836,2368,2948,311,3.5
42837,2368,2948,328,3.5
42838,2368,2948,351,5
42839,2368,2948,355,3.5
42840,2368,2948,384,4
42841,2368,2948,405,4
42842,2368,2948,452,2.5
42843,2368,2948,457,1
42844,2368,2948,471,4.5
42845,2368,2948,472,4
42846,2368,2948,505,3.5
42847,2368,2948,525,4
42848,2368,2948,553,4.5
42849,2368,2948,564,4
42850,2368,2948,585,4
42851,2368,2948,592,4
42852,2368,2948,605,4
42853,2368,2948,624,4.5
42854,2368,2948,632,4
42855,2368,2948,654,2
42856,2367,2947,15,5
42857,2367,2947,23,3.5
42858,2367,2947,30,4
42859,2367,2947,56,2
42860,2367,2947,66,5
42861,2367,2947,73,4
42862,2367,2947,78,5
42863,2367,2947,102,4
42864,2367,2947,119,4
42865,2367,2947,130,3.5
42866,2367,2947,134,4.5
42867,2367,2947,150,2.5
42868,2367,2947,164,4
42869,2367,2947,195,3
42870,2367,2947,205,2.5
42871,2367,2947,219,4
42872,2367,2947,232,4
42873,2367,2947,263,3.5
42874,2367,2947,268,4
42875,2367,2947,285,3
42876,2367,2947,294,3
42877,2367,2947,311,4.5
42878,2367,2947,315,3
42879,2367,2947,328,3.5
42880,2367,2947,341,0.5
42881,2367,2947,358,5
42882,2367,2947,384,4
42883,2367,2947,405,4
42884,2367,2947,430,2.5
42885,2367,2947,452,3.5
42886,2367,2947,457,1.5
42887,2367,2947,460,4
42888,2367,2947,468,3
42889,2367,2947,471,4.5
42890,2367,2947,472,4
42891,2367,2947,494,4
42892,2367,2947,505,3.5
42893,2367,2947,525,4
42894,2367,2947,544,5
42895,2367,2947,547,2.5
42896,2367,2947,560,4
42897,2367,2947,561,4
42898,2367,2947,564,4
42899,2367,2947,573,3
42900,2367,2947,577,5
42901,2367,2947,580,3.5
42902,2367,2947,592,5
42903,2367,2947,596,3.5
42904,2367,2947,607,4
42905,2367,2947,612,2.5
42906,2367,2947,624,4.5
42907,2367,2947,626,5
42908,2367,2947,654,4.5
42909,2366,2946,195,2
42910,2366,2946,232,2
42911,2366,2946,468,3.5
42912,2366,2946,529,3
42913,2366,2946,547,5
42914,2366,2946,564,3
42915,2366,2946,575,3
42916,2366,2946,582,4.5
42917,2366,2946,585,4
42918,2366,2946,598,4
42919,2366,2946,647,5
42920,2365,2945,564,5
42921,2364,2944,30,5
42922,2364,2944,34,3
42923,2364,2944,49,4
42924,2364,2944,102,5
42925,2364,2944,119,4
42926,2364,2944,152,3
42927,2364,2944,195,4
42928,2364,2944,202,5
42929,2364,2944,212,3
42930,2364,2944,232,4
42931,2364,2944,243,4
42932,2364,2944,248,5
42933,2364,2944,282,3.5
42934,2364,2944,311,3.5
42935,2364,2944,350,4
42936,2364,2944,353,3
42937,2364,2944,355,3
42938,2364,2944,358,4
42939,2364,2944,376,2
42940,2364,2944,388,5
42941,2364,2944,405,3.5
42942,2364,2944,423,3
42943,2364,2944,430,3.5
42944,2364,2944,452,3
42945,2364,2944,468,3
42946,2364,2944,472,4
42947,2364,2944,474,3
42948,2364,2944,534,3
42949,2364,2944,558,4
42950,2364,2944,563,4
42951,2364,2944,575,3
42952,2364,2944,586,2.5
42953,2364,2944,596,3
42954,2364,2944,607,4
42955,2364,2944,637,5
42956,2363,2943,305,1
42957,2363,2943,306,3
42958,2363,2943,312,2
42959,2363,2943,388,3
42960,2363,2943,509,3
42961,2363,2943,529,4
42962,2362,2942,29,0.5
42963,2362,2942,30,3
42964,2362,2942,105,3
42965,2362,2942,130,2
42966,2362,2942,160,4
42967,2362,2942,242,3
42968,2362,2942,294,3
42969,2362,2942,306,4
42970,2362,2942,311,4
42971,2362,2942,342,3
42972,2362,2942,358,3
42973,2362,2942,372,4
42974,2362,2942,405,4
42975,2362,2942,414,3
42976,2362,2942,460,4
42977,2362,2942,463,3
42978,2362,2942,467,5
42979,2362,2942,489,2
42980,2362,2942,505,3
42981,2362,2942,518,3
42982,2362,2942,523,3
42983,2362,2942,529,2
42984,2362,2942,531,4.5
42985,2362,2942,547,4
42986,2362,2942,554,3
42987,2362,2942,564,4
42988,2362,2942,577,4
42989,2362,2942,599,3.5
42990,2362,2942,605,3
42991,2362,2942,624,2
42992,2361,2941,49,3
42993,2361,2941,195,3
42994,2361,2941,222,4
42995,2361,2941,232,3
42996,2361,2941,294,3
42997,2361,2941,306,3
42998,2361,2941,328,3.5
42999,2361,2941,358,2
43000,2361,2941,387,3
43001,2361,2941,505,4
43002,2361,2941,518,3
43003,2361,2941,529,2
43004,2361,2941,547,5
43005,2361,2941,575,4
43006,2360,2940,236,4
43007,2360,2940,294,3.5
43008,2360,2940,321,5
43009,2360,2940,387,4
43010,2360,2940,472,4
43011,2360,2940,547,3
43012,2360,2940,575,2
43013,2360,2940,587,4
43014,2359,2939,363,3
43015,2359,2939,547,3
43016,2358,2938,232,5
43017,2358,2938,305,5
43018,2358,2938,497,4
43019,2357,2937,547,3.5
43020,2357,2937,585,4
43021,2357,2937,587,3.5
43022,2357,2937,597,5
43023,2356,2936,387,5
43024,2356,2936,468,4
43025,2356,2936,472,4
43026,2356,2936,505,3.5
43027,2356,2936,585,4
43028,2356,2936,587,5
43029,2355,2935,240,3.5
43030,2355,2935,367,4
43031,2355,2935,372,4
43032,2355,2935,387,5
43033,2355,2935,468,3.5
43034,2355,2935,472,4
43035,2355,2935,547,4
43036,2355,2935,585,5
43037,2355,2935,597,5
43038,2355,2935,614,4
43039,2354,2932,23,4
43040,2354,2932,102,5
43041,2354,2932,232,4
43042,2354,2932,529,3
43043,2354,2932,547,3
43044,2354,2932,585,5
43045,2353,2930,388,4.5
43046,2353,2930,452,3.5
43047,2352,2929,30,5
43048,2352,2929,102,5
43049,2352,2929,195,3
43050,2352,2929,232,3
43051,2352,2929,242,5
43052,2352,2929,265,5
43053,2352,2929,306,4
43054,2352,2929,387,4
43055,2352,2929,405,0.5
43056,2352,2929,452,3
43057,2352,2929,509,4
43058,2352,2929,529,5
43059,2352,2929,547,4
43060,2352,2929,564,4
43061,2351,2928,95,4
43062,2351,2928,547,3
43063,2351,2928,564,4
43064,2350,2927,222,4
43065,2350,2927,587,5
43066,2349,2926,10,5
43067,2349,2926,33,3
43068,2349,2926,102,4
43069,2349,2926,119,4
43070,2349,2926,136,2
43071,2349,2926,232,4
43072,2349,2926,294,4
43073,2349,2926,299,4
43074,2349,2926,304,4.5
43075,2349,2926,373,4
43076,2349,2926,392,4
43077,2349,2926,439,2
43078,2349,2926,452,3
43079,2349,2926,472,4
43080,2349,2926,518,4
43081,2349,2926,529,4
43082,2349,2926,547,4
43083,2349,2926,564,5
43084,2349,2926,605,3
43085,2349,2926,607,0.5
43086,2349,2926,621,5
43087,2348,2925,15,4
43088,2348,2925,56,4
43089,2348,2925,102,5
43090,2348,2925,262,2.5
43091,2348,2925,472,4
43092,2348,2925,547,5
43093,2348,2925,647,5
43094,2347,2924,73,4.5
43095,2347,2924,346,5
43096,2347,2924,373,4
43097,2347,2924,430,5
43098,2347,2924,580,4.5
43099,2347,2924,582,4.5
43100,2346,2923,597,4
43101,2345,2922,102,4
43102,2345,2922,405,3.5
43103,2345,2922,624,4
43104,2344,2921,34,4
43105,2344,2921,73,4
43106,2344,2921,102,4
43107,2344,2921,119,3
43108,2344,2921,405,3
43109,2344,2921,423,4.5
43110,2344,2921,529,2
43111,2344,2921,575,3
43112,2344,2921,608,4
43113,2343,2920,102,5
43114,2343,2920,133,3
43115,2343,2920,222,5
43116,2343,2920,587,5
43117,2342,2919,102,4
43118,2342,2919,105,4
43119,2342,2919,119,4
43120,2342,2919,214,4
43121,2342,2919,232,5
43122,2342,2919,242,5
43123,2342,2919,265,3
43124,2342,2919,311,3.5
43125,2342,2919,312,4
43126,2342,2919,321,4
43127,2342,2919,388,4
43128,2342,2919,405,3
43129,2342,2919,510,2
43130,2342,2919,547,4
43131,2342,2919,564,5
43132,2342,2919,569,3
43133,2342,2919,575,3
43134,2341,2918,4,5
43135,2341,2918,5,3.5
43136,2341,2918,8,5
43137,2341,2918,13,3
43138,2341,2918,15,4
43139,2341,2918,17,3
43140,2341,2918,23,4
43141,2341,2918,30,5
43142,2341,2918,33,4
43143,2341,2918,41,4
43144,2341,2918,56,4
43145,2341,2918,61,4.5
43146,2341,2918,62,4.5
43147,2341,2918,63,5
43148,2341,2918,68,4.5
43149,2341,2918,69,5
43150,2341,2918,72,3
43151,2341,2918,73,4.5
43152,2341,2918,77,4.5
43153,2341,2918,79,3.5
43154,2341,2918,83,5
43155,2341,2918,93,4
43156,2341,2918,97,1.5
43157,2341,2918,102,4
43158,2341,2918,111,4.5
43159,2341,2918,119,4
43160,2341,2918,120,4.5
43161,2341,2918,125,4.5
43162,2341,2918,130,4.5
43163,2341,2918,133,2
43164,2341,2918,134,5
43165,2341,2918,137,4
43166,2341,2918,139,3
43167,2341,2918,149,4
43168,2341,2918,150,4.5
43169,2341,2918,160,4
43170,2341,2918,165,5
43171,2341,2918,175,4
43172,2341,2918,195,1
43173,2341,2918,212,4.5
43174,2341,2918,214,5
43175,2341,2918,216,5
43176,2341,2918,217,5
43177,2341,2918,218,4.5
43178,2341,2918,219,4
43179,2341,2918,232,2
43180,2341,2918,239,5
43181,2341,2918,242,4
43182,2341,2918,245,3
43183,2341,2918,247,5
43184,2341,2918,253,4.5
43185,2341,2918,257,5
43186,2341,2918,262,4
43187,2341,2918,268,5
43188,2341,2918,273,4
43189,2341,2918,285,4
43190,2341,2918,291,5
43191,2341,2918,292,4.5
43192,2341,2918,294,3.5
43193,2341,2918,295,4
43194,2341,2918,297,2
43195,2341,2918,303,4.5
43196,2341,2918,306,4
43197,2341,2918,309,4
43198,2341,2918,311,3.5
43199,2341,2918,324,4
43200,2341,2918,328,3.5
43201,2341,2918,333,4
43202,2341,2918,342,4
43203,2341,2918,345,5
43204,2341,2918,346,1.5
43205,2341,2918,352,3.5
43206,2341,2918,353,2
43207,2341,2918,358,4
43208,2341,2918,367,2.5
43209,2341,2918,373,3
43210,2341,2918,378,3.5
43211,2341,2918,380,5
43212,2341,2918,382,2
43213,2341,2918,388,5
43214,2341,2918,402,3.5
43215,2341,2918,405,1.5
43216,2341,2918,428,5
43217,2341,2918,430,5
43218,2341,2918,431,5
43219,2341,2918,439,4
43220,2341,2918,442,5
43221,2341,2918,452,5
43222,2341,2918,457,4
43223,2341,2918,460,4.5
43224,2341,2918,461,4.5
43225,2341,2918,463,4
43226,2341,2918,466,5
43227,2341,2918,468,3.5
43228,2341,2918,472,5
43229,2341,2918,479,4.5
43230,2341,2918,481,3.5
43231,2341,2918,486,4
43232,2341,2918,494,3.5
43233,2341,2918,497,5
43234,2341,2918,498,5
43235,2341,2918,500,3.5
43236,2341,2918,505,2.5
43237,2341,2918,509,3
43238,2341,2918,518,5
43239,2341,2918,527,4.5
43240,2341,2918,529,2
43241,2341,2918,544,5
43242,2341,2918,547,3.5
43243,2341,2918,554,4
43244,2341,2918,561,4
43245,2341,2918,562,4.5
43246,2341,2918,564,4
43247,2341,2918,574,4.5
43248,2341,2918,575,4
43249,2341,2918,577,5
43250,2341,2918,580,4
43251,2341,2918,591,4.5
43252,2341,2918,592,3
43253,2341,2918,596,1
43254,2341,2918,598,5
43255,2341,2918,599,5
43256,2341,2918,605,3
43257,2341,2918,606,4
43258,2341,2918,607,3.5
43259,2341,2918,612,4
43260,2341,2918,621,4.5
43261,2341,2918,624,4
43262,2341,2918,635,2.5
43263,2341,2918,654,4.5
43264,2341,2918,655,5
43265,2341,2918,665,5
43266,2341,2918,671,4
43267,2340,2917,30,5
43268,2340,2917,33,4
43269,2340,2917,102,4
43270,2340,2917,105,4
43271,2340,2917,118,5
43272,2340,2917,195,4
43273,2340,2917,214,4
43274,2340,2917,232,5
43275,2340,2917,242,5
43276,2340,2917,265,5
43277,2340,2917,305,5
43278,2340,2917,387,4
43279,2340,2917,452,3.5
43280,2340,2917,472,4
43281,2340,2917,497,5
43282,2340,2917,505,3
43283,2340,2917,518,3
43284,2340,2917,529,4
43285,2340,2917,547,4.5
43286,2340,2917,564,4
43287,2340,2917,587,4.5
43288,2340,2917,608,4
43289,2339,2916,4,4
43290,2339,2916,15,4
43291,2339,2916,17,4
43292,2339,2916,30,4
43293,2339,2916,34,4
43294,2339,2916,41,3.5
43295,2339,2916,42,4
43296,2339,2916,73,4
43297,2339,2916,75,3.5
43298,2339,2916,77,3.5
43299,2339,2916,78,4
43300,2339,2916,84,4
43301,2339,2916,94,2
43302,2339,2916,103,3.5
43303,2339,2916,105,4
43304,2339,2916,111,4
43305,2339,2916,118,4
43306,2339,2916,119,4
43307,2339,2916,120,4.5
43308,2339,2916,130,3.5
43309,2339,2916,134,4.5
43310,2339,2916,139,4
43311,2339,2916,150,3
43312,2339,2916,155,3
43313,2339,2916,165,3
43314,2339,2916,195,3
43315,2339,2916,197,5
43316,2339,2916,199,4
43317,2339,2916,205,4.5
43318,2339,2916,213,2
43319,2339,2916,214,4
43320,2339,2916,232,4
43321,2339,2916,242,3
43322,2339,2916,243,3.5
43323,2339,2916,246,4
43324,2339,2916,247,4
43325,2339,2916,250,4
43326,2339,2916,253,2.5
43327,2339,2916,261,3.5
43328,2339,2916,263,3
43329,2339,2916,268,3.5
43330,2339,2916,282,3.5
43331,2339,2916,285,4
43332,2339,2916,292,4
43333,2339,2916,294,3.5
43334,2339,2916,303,4.5
43335,2339,2916,306,3
43336,2339,2916,311,3
43337,2339,2916,312,2
43338,2339,2916,327,4
43339,2339,2916,330,3
43340,2339,2916,346,5
43341,2339,2916,350,3
43342,2339,2916,353,2
43343,2339,2916,355,4.5
43344,2339,2916,360,3
43345,2339,2916,363,3
43346,2339,2916,380,4
43347,2339,2916,381,2
43348,2339,2916,384,3
43349,2339,2916,388,4
43350,2339,2916,394,4.5
43351,2339,2916,395,3
43352,2339,2916,398,5
43353,2339,2916,401,4
43354,2339,2916,402,3
43355,2339,2916,405,3
43356,2339,2916,407,3
43357,2339,2916,422,2
43358,2339,2916,423,3.5
43359,2339,2916,430,5
43360,2339,2916,439,3
43361,2339,2916,452,3
43362,2339,2916,453,4
43363,2339,2916,457,3.5
43364,2339,2916,461,3
43365,2339,2916,463,2
43366,2339,2916,466,3
43367,2339,2916,468,2.5
43368,2339,2916,472,4
43369,2339,2916,479,4
43370,2339,2916,483,5
43371,2339,2916,486,5
43372,2339,2916,505,3
43373,2339,2916,509,2
43374,2339,2916,518,4
43375,2339,2916,523,4
43376,2339,2916,525,5
43377,2339,2916,527,3
43378,2339,2916,533,3
43379,2339,2916,534,3
43380,2339,2916,547,3.5
43381,2339,2916,561,3
43382,2339,2916,562,4
43383,2339,2916,564,2
43384,2339,2916,565,5
43385,2339,2916,570,2.5
43386,2339,2916,580,4
43387,2339,2916,592,5
43388,2339,2916,607,3.5
43389,2339,2916,624,3
43390,2339,2916,647,3
43391,2339,2916,654,4.5
43392,2339,2916,664,3.5
43393,2338,2915,15,1.5
43394,2338,2915,73,3.5
43395,2338,2915,102,4
43396,2338,2915,119,4
43397,2338,2915,120,4
43398,2338,2915,130,2.5
43399,2338,2915,195,2
43400,2338,2915,212,3
43401,2338,2915,214,3
43402,2338,2915,232,4
43403,2338,2915,239,4
43404,2338,2915,247,4
43405,2338,2915,267,3.5
43406,2338,2915,291,4
43407,2338,2915,292,4
43408,2338,2915,294,2
43409,2338,2915,306,4
43410,2338,2915,311,3.5
43411,2338,2915,358,3
43412,2338,2915,367,4.5
43413,2338,2915,373,4
43414,2338,2915,388,3
43415,2338,2915,451,4
43416,2338,2915,452,4
43417,2338,2915,457,2.5
43418,2338,2915,461,3
43419,2338,2915,466,2
43420,2338,2915,468,2
43421,2338,2915,469,3.5
43422,2338,2915,472,4
43423,2338,2915,500,3
43424,2338,2915,505,3
43425,2338,2915,509,3
43426,2338,2915,518,3
43427,2338,2915,527,2.5
43428,2338,2915,529,3
43429,2338,2915,547,2
43430,2338,2915,564,4
43431,2338,2915,585,5
43432,2338,2915,587,3.5
43433,2338,2915,599,4.5
43434,2338,2915,624,4
43435,2337,2913,199,3
43436,2336,2912,15,4
43437,2336,2912,30,4
43438,2336,2912,53,1
43439,2336,2912,99,4
43440,2336,2912,119,4
43441,2336,2912,196,3
43442,2336,2912,220,4
43443,2336,2912,388,3
43444,2336,2912,460,3.5
43445,2336,2912,472,4
43446,2336,2912,509,4
43447,2336,2912,550,3
43448,2336,2912,564,5
43449,2336,2912,596,3.5
43450,2336,2912,608,4
43451,2336,2912,647,5
43452,2336,2912,670,5
43453,2335,2908,13,3
43454,2335,2908,15,1
43455,2335,2908,20,0.5
43456,2335,2908,23,3.5
43457,2335,2908,30,4
43458,2335,2908,34,5
43459,2335,2908,78,5
43460,2335,2908,95,4
43461,2335,2908,96,4
43462,2335,2908,99,5
43463,2335,2908,143,3.5
43464,2335,2908,190,5
43465,2335,2908,212,4
43466,2335,2908,220,5
43467,2335,2908,245,4
43468,2335,2908,262,3
43469,2335,2908,278,3
43470,2335,2908,295,4
43471,2335,2908,306,3
43472,2335,2908,312,5
43473,2335,2908,363,4
43474,2335,2908,386,4
43475,2335,2908,407,5
43476,2335,2908,422,4
43477,2335,2908,427,5
43478,2335,2908,431,5
43479,2335,2908,452,4
43480,2335,2908,461,2.5
43481,2335,2908,463,3
43482,2335,2908,468,3.5
43483,2335,2908,510,4
43484,2335,2908,529,3
43485,2335,2908,541,3
43486,2335,2908,547,4
43487,2335,2908,558,4
43488,2335,2908,564,5
43489,2335,2908,595,4
43490,2335,2908,596,4
43491,2335,2908,608,4
43492,2335,2908,626,4
43493,2335,2908,647,5
43494,2335,2908,654,4
43495,2335,2908,656,4
43496,2335,2908,668,5
43497,2334,2907,10,2
43498,2334,2907,95,5
43499,2334,2907,175,3
43500,2334,2907,564,4
43501,2334,2907,598,3
43502,2334,2907,626,1
43503,2333,2906,128,3
43504,2333,2906,196,4
43505,2333,2906,342,4
43506,2333,2906,380,1
43507,2333,2906,452,2
43508,2333,2906,533,2
43509,2333,2906,534,2
43510,2333,2906,626,2
43511,2333,2906,656,4
43512,2332,2905,15,4
43513,2332,2905,23,4
43514,2332,2905,257,5
43515,2332,2905,468,3.5
43516,2332,2905,509,4
43517,2332,2905,580,4
43518,2332,2905,609,1
43519,2331,2904,232,3
43520,2330,2903,4,1
43521,2330,2903,471,3.5
43522,2330,2903,564,1
43523,2329,2902,4,2
43524,2329,2902,102,2
43525,2329,2902,457,0.5
43526,2329,2902,564,5
43527,2328,2901,34,4
43528,2328,2901,73,3.5
43529,2328,2901,95,4
43530,2328,2901,119,4
43531,2328,2901,262,3
43532,2328,2901,285,2
43533,2328,2901,401,5
43534,2328,2901,482,4
43535,2328,2901,564,5
43536,2327,2900,73,3
43537,2327,2900,518,3
43538,2327,2900,564,3
43539,2326,2899,232,4
43540,2326,2899,564,4
43541,2326,2899,605,3
43542,2325,2898,518,3
43543,2325,2898,564,4
43544,2324,2897,255,5
43545,2323,2894,363,3
43546,2323,2894,436,1
43547,2322,2893,220,4
43548,2321,2892,17,3.5
43549,2321,2892,299,4
43550,2321,2892,581,0.5
43551,2320,2891,33,1
43552,2320,2891,427,4
43553,2320,2891,461,2.5
43554,2320,2891,472,3
43555,2320,2891,491,4
43556,2320,2891,509,2
43557,2319,2890,6,3
43558,2319,2890,10,4
43559,2319,2890,15,4
43560,2319,2890,23,4
43561,2319,2890,30,4
43562,2319,2890,73,3.5
43563,2319,2890,102,4
43564,2319,2890,105,3
43565,2319,2890,111,3.5
43566,2319,2890,116,1
43567,2319,2890,130,4
43568,2319,2890,157,3.5
43569,2319,2890,165,2.5
43570,2319,2890,212,3
43571,2319,2890,243,3.5
43572,2319,2890,253,2
43573,2319,2890,267,3.5
43574,2319,2890,274,4.5
43575,2319,2890,291,4
43576,2319,2890,306,4
43577,2319,2890,311,4
43578,2319,2890,312,3
43579,2319,2890,341,5
43580,2319,2890,345,4.5
43581,2319,2890,350,4
43582,2319,2890,373,4
43583,2319,2890,380,4.5
43584,2319,2890,388,5
43585,2319,2890,427,5
43586,2319,2890,460,4
43587,2319,2890,463,4
43588,2319,2890,468,3
43589,2319,2890,472,3
43590,2319,2890,491,5
43591,2319,2890,534,3
43592,2319,2890,547,5
43593,2319,2890,562,4
43594,2319,2890,564,4
43595,2319,2890,580,4
43596,2319,2890,595,4
43597,2319,2890,598,4
43598,2319,2890,608,4
43599,2319,2890,615,4
43600,2319,2890,624,3
43601,2319,2890,654,4.5
43602,2319,2890,665,2
43603,2318,2889,196,4
43604,2318,2889,239,4
43605,2318,2889,558,4
43606,2318,2889,575,4
43607,2318,2889,585,3
43608,2318,2889,598,3
43609,2318,2889,624,4
43610,2317,2888,33,2
43611,2317,2888,95,3
43612,2317,2888,128,5
43613,2317,2888,189,1
43614,2317,2888,196,3
43615,2317,2888,239,3
43616,2317,2888,294,3
43617,2317,2888,412,1
43618,2317,2888,598,2
43619,2317,2888,599,4.5
43620,2317,2888,626,1
43621,2316,2887,624,1
43622,2316,2887,652,4
43623,2315,2886,294,3
43624,2315,2886,436,1
43625,2315,2886,557,2
43626,2315,2886,605,3
43627,2314,2885,388,4
43628,2314,2885,472,3
43629,2313,2884,306,1
43630,2312,2883,30,4
43631,2312,2883,102,4
43632,2312,2883,239,4
43633,2312,2883,363,3
43634,2312,2883,380,4
43635,2312,2883,407,4
43636,2312,2883,547,3
43637,2312,2883,624,3
43638,2311,2882,189,1
43639,2311,2882,196,3
43640,2311,2882,380,2
43641,2311,2882,472,2
43642,2311,2882,575,4
43643,2311,2882,605,1
43644,2310,2881,10,3
43645,2310,2881,15,1
43646,2310,2881,22,2
43647,2310,2881,30,4
43648,2310,2881,51,5
43649,2310,2881,95,4
43650,2310,2881,128,4
43651,2310,2881,141,3
43652,2310,2881,146,2.5
43653,2310,2881,150,4
43654,2310,2881,160,5
43655,2310,2881,165,1
43656,2310,2881,170,2.5
43657,2310,2881,171,3
43658,2310,2881,189,1
43659,2310,2881,190,3
43660,2310,2881,212,3
43661,2310,2881,213,4
43662,2310,2881,220,3
43663,2310,2881,242,4
43664,2310,2881,247,3
43665,2310,2881,306,4
43666,2310,2881,311,4
43667,2310,2881,366,3.5
43668,2310,2881,412,3
43669,2310,2881,452,2
43670,2310,2881,461,1
43671,2310,2881,467,4
43672,2310,2881,472,1
43673,2310,2881,476,3
43674,2310,2881,477,0.5
43675,2310,2881,518,4
43676,2310,2881,534,5
43677,2310,2881,564,3
43678,2310,2881,598,3
43679,2310,2881,605,3
43680,2310,2881,610,2.5
43681,2310,2881,624,4
43682,2310,2881,626,3
43683,2310,2881,654,3.5
43684,2310,2881,656,5
43685,2310,2881,665,3
43686,2310,2881,669,3
43687,2309,2880,346,5
43688,2308,2879,43,4
43689,2308,2879,73,3.5
43690,2308,2879,346,3
43691,2308,2879,614,4
43692,2308,2879,646,4
43693,2307,2878,547,1
43694,2307,2878,564,3
43695,2306,2877,4,5
43696,2306,2877,41,4
43697,2306,2877,111,3.5
43698,2306,2877,195,4
43699,2306,2877,294,2
43700,2306,2877,306,3
43701,2306,2877,529,3
43702,2306,2877,547,0.5
43703,2306,2877,564,3
43704,2305,2876,294,3
43705,2305,2876,363,3
43706,2305,2876,564,2
43707,2304,2875,30,4
43708,2304,2875,160,3
43709,2304,2875,219,1
43710,2304,2875,242,5
43711,2304,2875,306,3
43712,2304,2875,311,2
43713,2304,2875,358,3
43714,2304,2875,405,4
43715,2304,2875,452,4
43716,2304,2875,463,3
43717,2304,2875,466,3
43718,2304,2875,472,5
43719,2304,2875,493,5
43720,2304,2875,518,4
43721,2304,2875,534,4
43722,2304,2875,547,2
43723,2304,2875,564,4
43724,2304,2875,575,3
43725,2303,2874,294,4
43726,2303,2874,387,5
43727,2302,2872,4,5
43728,2302,2872,73,3.5
43729,2302,2872,102,3
43730,2302,2872,119,3
43731,2302,2872,195,4
43732,2302,2872,197,5
43733,2302,2872,232,5
43734,2302,2872,285,2
43735,2302,2872,291,4.5
43736,2302,2872,358,2
43737,2302,2872,380,4
43738,2302,2872,461,3.5
43739,2302,2872,518,4
43740,2302,2872,564,4
43741,2302,2872,577,5
43742,2302,2872,580,3.5
43743,2301,2871,15,4
43744,2301,2871,23,3.5
43745,2301,2871,30,4
43746,2301,2871,34,4
43747,2301,2871,49,3
43748,2301,2871,65,4
43749,2301,2871,73,4.5
43750,2301,2871,102,4
43751,2301,2871,118,5
43752,2301,2871,119,4
43753,2301,2871,232,4
43754,2301,2871,311,3.5
43755,2301,2871,342,4
43756,2301,2871,345,4
43757,2301,2871,360,4
43758,2301,2871,436,4
43759,2301,2871,452,4
43760,2301,2871,457,4
43761,2301,2871,461,2
43762,2301,2871,463,4
43763,2301,2871,468,3
43764,2301,2871,472,5
43765,2301,2871,509,4.5
43766,2301,2871,521,3.5
43767,2301,2871,527,4
43768,2301,2871,529,5
43769,2301,2871,547,4.5
43770,2301,2871,564,4
43771,2301,2871,573,4
43772,2301,2871,587,4
43773,2301,2871,605,3
43774,2301,2871,613,4
43775,2300,2870,195,3
43776,2300,2870,311,3.5
43777,2300,2870,387,4
43778,2300,2870,452,3
43779,2300,2870,547,2
43780,2300,2870,564,4
43781,2300,2870,585,4
43782,2300,2870,605,4
43783,2299,2869,609,1
43784,2298,2868,95,4
43785,2298,2868,564,2
43786,2297,2867,4,3
43787,2297,2867,73,4
43788,2297,2867,95,4
43789,2297,2867,247,3
43790,2297,2867,285,4
43791,2297,2867,306,3
43792,2297,2867,457,2
43793,2297,2867,470,2.5
43794,2297,2867,482,2
43795,2297,2867,564,5
43796,2296,2866,102,4
43797,2296,2866,294,3
43798,2296,2866,311,3.5
43799,2296,2866,342,4
43800,2296,2866,380,4
43801,2296,2866,452,4
43802,2296,2866,545,4
43803,2296,2866,547,3
43804,2296,2866,564,4
43805,2296,2866,605,4
43806,2295,2864,299,2.5
43807,2295,2864,652,3
43808,2294,2863,34,4
43809,2294,2863,56,4
43810,2294,2863,65,5
43811,2294,2863,83,4
43812,2294,2863,102,3
43813,2294,2863,119,3
43814,2294,2863,186,3.5
43815,2294,2863,195,3
43816,2294,2863,232,5
43817,2294,2863,242,5
43818,2294,2863,285,4
43819,2294,2863,358,2
43820,2294,2863,365,5
43821,2294,2863,386,4
43822,2294,2863,431,4
43823,2294,2863,452,3.5
43824,2294,2863,466,4
43825,2294,2863,468,4
43826,2294,2863,474,3
43827,2294,2863,505,3
43828,2294,2863,510,5
43829,2294,2863,518,3
43830,2294,2863,529,3
43831,2294,2863,547,5
43832,2294,2863,564,3
43833,2294,2863,575,3
43834,2294,2863,582,4.5
43835,2294,2863,585,4
43836,2294,2863,598,5
43837,2294,2863,606,5
43838,2293,2862,73,3.5
43839,2293,2862,105,2.5
43840,2293,2862,262,2.5
43841,2293,2862,299,3.5
43842,2293,2862,306,3
43843,2293,2862,509,2
43844,2293,2862,564,4
43845,2293,2862,580,4
43846,2292,2861,14,2
43847,2292,2861,30,4
43848,2292,2861,189,1
43849,2292,2861,190,3
43850,2292,2861,196,4
43851,2292,2861,292,4.5
43852,2292,2861,358,2
43853,2292,2861,402,4.5
43854,2292,2861,412,3
43855,2292,2861,452,3
43856,2292,2861,472,1
43857,2292,2861,518,4
43858,2292,2861,596,3
43859,2292,2861,598,3
43860,2292,2861,656,4
43861,2291,2860,73,3
43862,2291,2860,232,3
43863,2291,2860,285,3
43864,2291,2860,380,2
43865,2291,2860,472,3
43866,2291,2860,493,4
43867,2291,2860,518,4
43868,2291,2860,564,4
43869,2291,2860,624,3
43870,2291,2860,646,4
43871,2290,2859,102,3
43872,2290,2859,232,5
43873,2290,2859,497,4
43874,2290,2859,547,4
43875,2290,2859,595,4
43876,2289,2858,3,4
43877,2289,2858,8,4.5
43878,2289,2858,15,4
43879,2289,2858,16,4
43880,2289,2858,17,4.5
43881,2289,2858,22,4
43882,2289,2858,23,3.5
43883,2289,2858,26,4
43884,2289,2858,27,5
43885,2289,2858,30,5
43886,2289,2858,34,4
43887,2289,2858,37,4
43888,2289,2858,38,4
43889,2289,2858,41,4.5
43890,2289,2858,43,5
43891,2289,2858,52,4.5
43892,2289,2858,56,5
43893,2289,2858,59,4
43894,2289,2858,63,5
43895,2289,2858,66,4
43896,2289,2858,71,5
43897,2289,2858,72,4
43898,2289,2858,73,4.5
43899,2289,2858,77,3
43900,2289,2858,78,4.5
43901,2289,2858,83,4
43902,2289,2858,84,3.5
43903,2289,2858,88,4
43904,2289,2858,94,4
43905,2289,2858,95,5
43906,2289,2858,96,2.5
43907,2289,2858,98,2.5
43908,2289,2858,99,5
43909,2289,2858,102,5
43910,2289,2858,103,4
43911,2289,2858,105,4
43912,2289,2858,111,4
43913,2289,2858,116,3
43914,2289,2858,119,5
43915,2289,2858,120,3.5
43916,2289,2858,124,4.5
43917,2289,2858,125,5
43918,2289,2858,130,2
43919,2289,2858,131,4
43920,2289,2858,134,4
43921,2289,2858,137,3
43922,2289,2858,143,4.5
43923,2289,2858,147,4.5
43924,2289,2858,148,5
43925,2289,2858,149,3.5
43926,2289,2858,150,3.5
43927,2289,2858,152,4.5
43928,2289,2858,153,5
43929,2289,2858,156,5
43930,2289,2858,157,4
43931,2289,2858,159,4.5
43932,2289,2858,160,3
43933,2289,2858,163,4.5
43934,2289,2858,164,4
43935,2289,2858,165,3.5
43936,2289,2858,171,5
43937,2289,2858,175,4
43938,2289,2858,178,4
43939,2289,2858,183,4
43940,2289,2858,185,5
43941,2289,2858,187,5
43942,2289,2858,189,4
43943,2289,2858,190,4
43944,2289,2858,193,4
43945,2289,2858,195,4
43946,2289,2858,196,5
43947,2289,2858,198,5
43948,2289,2858,199,4
43949,2289,2858,208,5
43950,2289,2858,212,4
43951,2289,2858,214,5
43952,2289,2858,216,5
43953,2289,2858,219,5
43954,2289,2858,220,5
43955,2289,2858,230,5
43956,2289,2858,231,5
43957,2289,2858,232,5
43958,2289,2858,235,5
43959,2289,2858,236,3
43960,2289,2858,237,4.5
43961,2289,2858,239,5
43962,2289,2858,240,4
43963,2289,2858,242,5
43964,2289,2858,243,4
43965,2289,2858,245,5
43966,2289,2858,250,4.5
43967,2289,2858,253,4.5
43968,2289,2858,255,4.5
43969,2289,2858,259,4
43970,2289,2858,261,5
43971,2289,2858,262,4
43972,2289,2858,265,5
43973,2289,2858,267,5
43974,2289,2858,268,3
43975,2289,2858,274,3.5
43976,2289,2858,275,5
43977,2289,2858,281,4.5
43978,2289,2858,282,2.5
43979,2289,2858,283,5
43980,2289,2858,285,5
43981,2289,2858,292,5
43982,2289,2858,295,4
43983,2289,2858,297,5
43984,2289,2858,300,4
43985,2289,2858,303,4
43986,2289,2858,304,4.5
43987,2289,2858,306,4
43988,2289,2858,307,5
43989,2289,2858,312,5
43990,2289,2858,313,3.5
43991,2289,2858,320,3
43992,2289,2858,328,4
43993,2289,2858,345,5
43994,2289,2858,348,5
43995,2289,2858,350,5
43996,2289,2858,353,4
43997,2289,2858,355,5
43998,2289,2858,358,4
43999,2289,2858,359,4
44000,2289,2858,362,5
44001,2289,2858,363,4
44002,2289,2858,367,3.5
44003,2289,2858,368,5
44004,2289,2858,371,4
44005,2289,2858,373,5
44006,2289,2858,378,3.5
44007,2289,2858,379,4.5
44008,2289,2858,380,5
44009,2289,2858,384,4
44010,2289,2858,386,4
44011,2289,2858,387,5
44012,2289,2858,388,4
44013,2289,2858,392,4
44014,2289,2858,405,0.5
44015,2289,2858,407,5
44016,2289,2858,411,4
44017,2289,2858,412,3
44018,2289,2858,424,3
44019,2289,2858,427,5
44020,2289,2858,429,2
44021,2289,2858,430,5
44022,2289,2858,431,4.5
44023,2289,2858,433,4
44024,2289,2858,436,3
44025,2289,2858,439,3
44026,2289,2858,441,4
44027,2289,2858,442,4
44028,2289,2858,450,5
44029,2289,2858,451,4
44030,2289,2858,452,5
44031,2289,2858,454,5
44032,2289,2858,457,3.5
44033,2289,2858,460,4.5
44034,2289,2858,461,2
44035,2289,2858,462,5
44036,2289,2858,463,5
44037,2289,2858,467,5
44038,2289,2858,468,3.5
44039,2289,2858,472,2
44040,2289,2858,474,3
44041,2289,2858,476,5
44042,2289,2858,481,4.5
44043,2289,2858,489,5
44044,2289,2858,491,5
44045,2289,2858,499,5
44046,2289,2858,503,4
44047,2289,2858,509,4.5
44048,2289,2858,510,3
44049,2289,2858,520,4.5
44050,2289,2858,521,5
44051,2289,2858,523,4
44052,2289,2858,527,4.5
44053,2289,2858,529,5
44054,2289,2858,533,2
44055,2289,2858,544,4
44056,2289,2858,545,5
44057,2289,2858,547,5
44058,2289,2858,550,5
44059,2289,2858,558,5
44060,2289,2858,560,4
44061,2289,2858,562,4
44062,2289,2858,564,5
44063,2289,2858,565,4
44064,2289,2858,567,5
44065,2289,2858,569,5
44066,2289,2858,571,4
44067,2289,2858,572,4
44068,2289,2858,574,5
44069,2289,2858,576,5
44070,2289,2858,577,5
44071,2289,2858,580,4.5
44072,2289,2858,583,4
44073,2289,2858,584,3
44074,2289,2858,585,4
44075,2289,2858,587,4.5
44076,2289,2858,595,5
44077,2289,2858,596,5
44078,2289,2858,598,5
44079,2289,2858,605,1
44080,2289,2858,606,4.5
44081,2289,2858,608,4
44082,2289,2858,613,4
44083,2289,2858,615,4
44084,2289,2858,623,3.5
44085,2289,2858,624,4
44086,2289,2858,626,5
44087,2289,2858,627,3.5
44088,2289,2858,644,4
44089,2289,2858,647,5
44090,2289,2858,654,5
44091,2289,2858,656,5
44092,2289,2858,664,4
44093,2289,2858,665,3
44094,2289,2858,670,3
44095,2289,2858,671,4
44096,2288,2857,9,4
44097,2288,2857,61,4
44098,2288,2857,102,4
44099,2288,2857,119,5
44100,2288,2857,195,3
44101,2288,2857,214,4
44102,2288,2857,232,5
44103,2288,2857,234,4.5
44104,2288,2857,242,5
44105,2288,2857,301,4
44106,2288,2857,306,3
44107,2288,2857,405,2
44108,2288,2857,423,3
44109,2288,2857,468,4
44110,2288,2857,518,3
44111,2288,2857,519,5
44112,2288,2857,564,4
44113,2288,2857,575,3
44114,2288,2857,582,2
44115,2288,2857,598,4
44116,2288,2857,624,4
44117,2287,2856,30,4
44118,2287,2856,381,4
44119,2287,2856,384,3
44120,2287,2856,452,3
44121,2287,2856,547,3
44122,2286,2855,564,4
44123,2285,2853,262,3
44124,2285,2853,564,4
44125,2284,2852,30,5
44126,2284,2852,102,4
44127,2284,2852,311,3.5
44128,2284,2852,452,3.5
44129,2284,2852,527,3
44130,2284,2852,547,3
44131,2283,2851,30,2
44132,2283,2851,232,3
44133,2283,2851,564,4
44134,2282,2850,564,2
44135,2281,2849,614,2
44136,2280,2848,306,4
44137,2279,2847,265,4
44138,2279,2847,387,4
44139,2279,2847,505,3
44140,2278,2846,58,4
44141,2278,2846,111,4.5
44142,2278,2846,142,3
44143,2278,2846,286,3
44144,2278,2846,287,4
44145,2278,2846,294,4
44146,2278,2846,306,4
44147,2278,2846,605,5
44148,2278,2846,665,4
44149,2277,2845,165,0.5
44150,2276,2844,102,4
44151,2276,2844,373,4
44152,2276,2844,564,2
44153,2275,2843,132,5
44154,2275,2843,255,5
44155,2275,2843,648,4
44156,2274,2841,3,4
44157,2274,2841,8,3
44158,2274,2841,10,4
44159,2274,2841,15,2
44160,2274,2841,30,4
44161,2274,2841,51,5
44162,2274,2841,73,4
44163,2274,2841,75,4.5
44164,2274,2841,95,5
44165,2274,2841,123,5
44166,2274,2841,128,5
44167,2274,2841,165,3
44168,2274,2841,189,4
44169,2274,2841,292,3
44170,2274,2841,295,4
44171,2274,2841,380,3
44172,2274,2841,422,3
44173,2274,2841,534,4
44174,2274,2841,541,4
44175,2274,2841,564,3
44176,2274,2841,598,3
44177,2274,2841,626,4
44178,2273,2840,10,3
44179,2273,2840,15,1
44180,2273,2840,48,3
44181,2273,2840,51,3
44182,2273,2840,53,2
44183,2273,2840,117,0.5
44184,2273,2840,128,5
44185,2273,2840,189,3
44186,2273,2840,196,4
44187,2273,2840,243,2.5
44188,2273,2840,285,4
44189,2273,2840,327,4
44190,2273,2840,359,3
44191,2273,2840,370,4.5
44192,2273,2840,388,2
44193,2273,2840,412,3
44194,2273,2840,472,2
44195,2273,2840,534,4
44196,2273,2840,541,2
44197,2273,2840,547,1.5
44198,2273,2840,564,1
44199,2273,2840,598,2
44200,2273,2840,626,2
44201,2273,2840,669,4
44202,2272,2839,427,4
44203,2271,2837,407,5
44204,2270,2836,43,3
44205,2270,2836,99,2
44206,2270,2836,528,4.5
44207,2269,2835,213,3
44208,2268,2832,608,3
44209,2267,2829,30,4
44210,2267,2829,222,2
44211,2267,2829,306,3
44212,2267,2829,358,5
44213,2267,2829,427,4
44214,2267,2829,436,1
44215,2267,2829,452,3
44216,2267,2829,460,4
44217,2267,2829,491,2
44218,2267,2829,564,2
44219,2267,2829,624,3
44220,2266,2828,119,2
44221,2266,2828,518,3
44222,2265,2827,10,3
44223,2265,2827,51,4
44224,2265,2827,58,3
44225,2265,2827,189,1
44226,2265,2827,286,3
44227,2265,2827,386,1
44228,2265,2827,412,2
44229,2265,2827,452,3
44230,2265,2827,534,3
44231,2265,2827,564,2
44232,2265,2827,623,1.5
44233,2264,2826,10,5
44234,2264,2826,51,5
44235,2264,2826,119,3
44236,2264,2826,189,2
44237,2264,2826,195,3
44238,2264,2826,213,2
44239,2264,2826,243,3.5
44240,2264,2826,263,4
44241,2264,2826,285,4
44242,2264,2826,286,3
44243,2264,2826,294,3
44244,2264,2826,297,3
44245,2264,2826,327,4
44246,2264,2826,353,3
44247,2264,2826,367,1
44248,2264,2826,388,2
44249,2264,2826,423,2
44250,2264,2826,476,2
44251,2264,2826,488,2.5
44252,2264,2826,534,4
44253,2264,2826,564,1
44254,2264,2826,565,2
44255,2264,2826,580,3.5
44256,2264,2826,664,4
44257,2264,2826,665,1
44258,2263,2824,472,5
44259,2263,2824,609,1
44260,2262,2822,4,3
44261,2262,2822,105,2.5
44262,2262,2822,232,4
44263,2262,2822,294,2.5
44264,2262,2822,311,2
44265,2262,2822,358,2
44266,2262,2822,518,4
44267,2262,2822,534,4
44268,2262,2822,550,3
44269,2262,2822,624,2
44270,2261,2820,102,4
44271,2261,2820,436,5
44272,2260,2819,15,3
44273,2260,2819,30,4
44274,2260,2819,118,4
44275,2260,2819,212,4
44276,2260,2819,214,4
44277,2260,2819,242,5
44278,2260,2819,311,4.5
44279,2260,2819,342,4
44280,2260,2819,373,4
44281,2260,2819,405,3
44282,2260,2819,505,5
44283,2260,2819,529,3
44284,2260,2819,547,3
44285,2260,2819,575,3
44286,2260,2819,607,3.5
44287,2259,2817,49,1
44288,2259,2817,58,2
44289,2259,2817,247,2
44290,2258,2816,49,1
44291,2258,2816,232,2
44292,2258,2816,285,2
44293,2258,2816,518,2
44294,2257,2815,49,1
44295,2257,2815,232,4
44296,2257,2815,285,2
44297,2257,2815,353,2
44298,2257,2815,388,3
44299,2257,2815,518,3
44300,2256,2812,452,3
44301,2255,2810,157,4
44302,2255,2810,257,0.5
44303,2255,2810,423,4
44304,2255,2810,430,5
44305,2255,2810,443,5
44306,2255,2810,608,4
44307,2254,2809,380,1
44308,2254,2809,547,2
44309,2253,2808,41,4
44310,2253,2808,73,2
44311,2253,2808,77,2
44312,2253,2808,212,3.5
44313,2253,2808,213,2.5
44314,2253,2808,263,3
44315,2253,2808,312,1
44316,2253,2808,340,2.5
44317,2253,2808,355,2
44318,2253,2808,363,3
44319,2253,2808,379,1.5
44320,2253,2808,384,3
44321,2253,2808,518,3
44322,2253,2808,525,3
44323,2253,2808,564,2
44324,2253,2808,654,3
44325,2252,2807,213,2
44326,2252,2807,597,3
44327,2251,2806,52,1
44328,2251,2806,128,4
44329,2251,2806,189,2
44330,2251,2806,386,2
44331,2251,2806,452,1
44332,2251,2806,534,3
44333,2251,2806,564,1
44334,2251,2806,574,3.5
44335,2251,2806,624,3.5
44336,2251,2806,626,4
44337,2251,2806,665,2
44338,2250,2805,23,2.5
44339,2250,2805,30,4
44340,2250,2805,107,2
44341,2250,2805,128,5
44342,2250,2805,189,3
44343,2250,2805,220,4
44344,2250,2805,239,2
44345,2250,2805,294,4
44346,2250,2805,311,2.5
44347,2250,2805,340,4
44348,2250,2805,358,2
44349,2250,2805,380,3
44350,2250,2805,386,2
44351,2250,2805,412,3
44352,2250,2805,452,2
44353,2250,2805,472,4
44354,2250,2805,518,4
44355,2250,2805,596,3
44356,2250,2805,598,3
44357,2250,2805,624,2
44358,2250,2805,646,4
44359,2250,2805,654,3.5
44360,2250,2805,656,3
44361,2249,2804,4,5
44362,2249,2804,8,3.5
44363,2249,2804,13,3
44364,2249,2804,30,4
44365,2249,2804,43,4
44366,2249,2804,46,5
44367,2249,2804,56,4
44368,2249,2804,61,1
44369,2249,2804,73,4
44370,2249,2804,83,4.5
44371,2249,2804,94,4
44372,2249,2804,102,4
44373,2249,2804,106,4.5
44374,2249,2804,118,5
44375,2249,2804,119,5
44376,2249,2804,125,4
44377,2249,2804,130,3.5
44378,2249,2804,134,4.5
44379,2249,2804,139,5
44380,2249,2804,146,4
44381,2249,2804,165,2.5
44382,2249,2804,178,1.5
44383,2249,2804,185,2
44384,2249,2804,187,4.5
44385,2249,2804,195,2
44386,2249,2804,210,4.5
44387,2249,2804,212,3
44388,2249,2804,218,4.5
44389,2249,2804,219,5
44390,2249,2804,242,5
44391,2249,2804,259,3
44392,2249,2804,263,3.5
44393,2249,2804,276,3
44394,2249,2804,278,4
44395,2249,2804,285,5
44396,2249,2804,292,5
44397,2249,2804,294,4
44398,2249,2804,328,3
44399,2249,2804,342,5
44400,2249,2804,345,4.5
44401,2249,2804,350,4
44402,2249,2804,358,4
44403,2249,2804,367,5
44404,2249,2804,380,4.5
44405,2249,2804,387,5
44406,2249,2804,388,2
44407,2249,2804,433,4
44408,2249,2804,439,4
44409,2249,2804,451,4
44410,2249,2804,452,5
44411,2249,2804,457,3.5
44412,2249,2804,460,3.5
44413,2249,2804,461,3.5
44414,2249,2804,463,5
44415,2249,2804,468,3.5
44416,2249,2804,472,5
44417,2249,2804,493,5
44418,2249,2804,509,3
44419,2249,2804,515,5
44420,2249,2804,518,5
44421,2249,2804,529,5
44422,2249,2804,547,3
44423,2249,2804,561,3
44424,2249,2804,562,5
44425,2249,2804,564,3
44426,2249,2804,569,5
44427,2249,2804,575,5
44428,2249,2804,580,4
44429,2249,2804,585,5
44430,2249,2804,592,3
44431,2249,2804,598,4
44432,2249,2804,605,5
44433,2249,2804,607,4
44434,2249,2804,654,5
44435,2249,2804,671,5
44436,2248,2803,15,1.5
44437,2248,2803,30,4
44438,2248,2803,187,3.5
44439,2248,2803,213,3
44440,2248,2803,242,4
44441,2248,2803,253,4
44442,2248,2803,263,4
44443,2248,2803,306,3
44444,2248,2803,331,4
44445,2248,2803,350,4
44446,2248,2803,405,4
44447,2248,2803,452,3
44448,2248,2803,457,2
44449,2248,2803,463,3
44450,2248,2803,468,2.5
44451,2248,2803,471,3.5
44452,2248,2803,518,3
44453,2248,2803,529,1
44454,2248,2803,534,4
44455,2248,2803,540,3.5
44456,2248,2803,564,4
44457,2248,2803,596,4
44458,2248,2803,614,3
44459,2248,2803,624,3
44460,2248,2803,654,4
44461,2247,2802,30,4
44462,2247,2802,232,4
44463,2247,2802,242,5
44464,2247,2802,306,3
44465,2247,2802,311,2.5
44466,2247,2802,388,2
44467,2247,2802,518,4
44468,2247,2802,547,2.5
44469,2247,2802,564,4
44470,2247,2802,575,2
44471,2246,2801,99,3
44472,2246,2801,407,4
44473,2246,2801,497,5
44474,2246,2801,510,4
44475,2246,2801,564,3
44476,2245,2800,564,3
44477,2244,2799,165,2.5
44478,2244,2799,564,1
44479,2243,2798,73,3
44480,2243,2798,247,3
44481,2243,2798,518,3
44482,2243,2798,564,1
44483,2242,2797,4,5
44484,2242,2797,8,3.5
44485,2242,2797,15,4
44486,2242,2797,16,3
44487,2242,2797,30,5
44488,2242,2797,34,3
44489,2242,2797,56,4
44490,2242,2797,59,3
44491,2242,2797,60,4
44492,2242,2797,63,5
44493,2242,2797,68,3.5
44494,2242,2797,73,3.5
44495,2242,2797,75,2
44496,2242,2797,77,3.5
44497,2242,2797,88,4
44498,2242,2797,93,4
44499,2242,2797,97,1
44500,2242,2797,102,3
44501,2242,2797,105,3
44502,2242,2797,111,4
44503,2242,2797,119,3
44504,2242,2797,120,5
44505,2242,2797,125,5
44506,2242,2797,130,3.5
44507,2242,2797,134,3.5
44508,2242,2797,136,3.5
44509,2242,2797,137,4
44510,2242,2797,148,4.5
44511,2242,2797,150,3.5
44512,2242,2797,156,5
44513,2242,2797,165,4
44514,2242,2797,166,4.5
44515,2242,2797,185,4
44516,2242,2797,195,2
44517,2242,2797,197,4
44518,2242,2797,201,5
44519,2242,2797,212,2.5
44520,2242,2797,214,5
44521,2242,2797,217,3
44522,2242,2797,221,3
44523,2242,2797,232,4
44524,2242,2797,239,4
44525,2242,2797,240,3.5
44526,2242,2797,242,5
44527,2242,2797,247,4
44528,2242,2797,253,3.5
44529,2242,2797,262,2
44530,2242,2797,268,4.5
44531,2242,2797,271,3
44532,2242,2797,275,5
44533,2242,2797,282,4.5
44534,2242,2797,285,4
44535,2242,2797,291,3.5
44536,2242,2797,294,3.5
44537,2242,2797,295,4.5
44538,2242,2797,297,3
44539,2242,2797,303,4
44540,2242,2797,306,5
44541,2242,2797,311,4
44542,2242,2797,312,3
44543,2242,2797,346,5
44544,2242,2797,353,3
44545,2242,2797,358,5
44546,2242,2797,373,2
44547,2242,2797,388,4
44548,2242,2797,405,4.5
44549,2242,2797,417,3.5
44550,2242,2797,430,4.5
44551,2242,2797,431,4.5
44552,2242,2797,433,3.5
44553,2242,2797,439,3
44554,2242,2797,442,4.5
44555,2242,2797,452,4
44556,2242,2797,457,3
44557,2242,2797,460,4.5
44558,2242,2797,461,3.5
44559,2242,2797,463,4
44560,2242,2797,466,5
44561,2242,2797,468,3.5
44562,2242,2797,472,3
44563,2242,2797,480,4
44564,2242,2797,497,3
44565,2242,2797,500,3.5
44566,2242,2797,509,3
44567,2242,2797,518,5
44568,2242,2797,529,4
44569,2242,2797,531,4
44570,2242,2797,547,5
44571,2242,2797,560,5
44572,2242,2797,561,4
44573,2242,2797,562,4
44574,2242,2797,564,3
44575,2242,2797,573,2
44576,2242,2797,575,4
44577,2242,2797,577,4.5
44578,2242,2797,580,3.5
44579,2242,2797,585,4
44580,2242,2797,596,3.5
44581,2242,2797,597,4
44582,2242,2797,598,4
44583,2242,2797,605,4
44584,2242,2797,607,3
44585,2242,2797,624,4
44586,2242,2797,652,5
44587,2242,2797,654,4.5
44588,2242,2797,665,5
44589,2242,2797,671,4
44590,2241,2796,239,3
44591,2241,2796,285,3
44592,2241,2796,306,3
44593,2241,2796,358,1
44594,2241,2796,388,2
44595,2241,2796,457,2
44596,2241,2796,518,2
44597,2241,2796,564,4
44598,2241,2796,624,3
44599,2240,2795,4,4
44600,2240,2795,15,3.5
44601,2240,2795,30,4
44602,2240,2795,33,4
44603,2240,2795,83,5
44604,2240,2795,94,3.5
44605,2240,2795,102,4
44606,2240,2795,120,3.5
44607,2240,2795,130,3.5
44608,2240,2795,202,5
44609,2240,2795,217,5
44610,2240,2795,306,3
44611,2240,2795,342,4
44612,2240,2795,353,2.5
44613,2240,2795,358,2
44614,2240,2795,373,3
44615,2240,2795,388,4
44616,2240,2795,405,2.5
44617,2240,2795,442,4.5
44618,2240,2795,457,3
44619,2240,2795,460,4
44620,2240,2795,463,4
44621,2240,2795,529,1
44622,2240,2795,547,3.5
44623,2240,2795,549,4
44624,2240,2795,564,5
44625,2240,2795,598,4
44626,2240,2795,599,3.5
44627,2240,2795,654,4.5
44628,2240,2795,671,3.5
44629,2239,2794,30,3
44630,2239,2794,202,5
44631,2239,2794,247,4
44632,2239,2794,285,2
44633,2239,2794,350,3
44634,2239,2794,358,1
44635,2239,2794,373,1
44636,2239,2794,388,4
44637,2239,2794,457,2
44638,2239,2794,460,0.5
44639,2239,2794,509,4
44640,2239,2794,518,2
44641,2239,2794,564,4
44642,2239,2794,621,3.5
44643,2239,2794,624,3
44644,2239,2794,654,4
44645,2238,2793,30,3
44646,2238,2793,33,2
44647,2238,2793,34,3
44648,2238,2793,95,5
44649,2238,2793,102,4
44650,2238,2793,105,2
44651,2238,2793,414,1
44652,2238,2793,564,1
44653,2238,2793,580,2
44654,2237,2792,58,5
44655,2237,2792,130,2
44656,2237,2792,217,4.5
44657,2237,2792,228,5
44658,2237,2792,232,4
44659,2237,2792,239,3
44660,2237,2792,259,3
44661,2237,2792,271,4.5
44662,2237,2792,285,1
44663,2237,2792,294,3.5
44664,2237,2792,351,3
44665,2237,2792,358,1
44666,2237,2792,373,2
44667,2237,2792,387,4
44668,2237,2792,388,3
44669,2237,2792,457,2
44670,2237,2792,461,2.5
44671,2237,2792,547,4
44672,2237,2792,564,4
44673,2237,2792,605,4
44674,2237,2792,615,4
44675,2237,2792,624,3
44676,2237,2792,646,4
44677,2237,2792,654,4
44678,2237,2792,656,4
44679,2236,2791,4,5
44680,2236,2791,8,4.5
44681,2236,2791,15,4
44682,2236,2791,17,2
44683,2236,2791,30,2
44684,2236,2791,43,2
44685,2236,2791,56,4
44686,2236,2791,58,5
44687,2236,2791,63,4
44688,2236,2791,68,3.5
44689,2236,2791,73,3.5
44690,2236,2791,83,5
44691,2236,2791,88,3.5
44692,2236,2791,91,5
44693,2236,2791,102,4
44694,2236,2791,111,4
44695,2236,2791,120,5
44696,2236,2791,125,5
44697,2236,2791,130,3
44698,2236,2791,134,4.5
44699,2236,2791,137,3
44700,2236,2791,139,2
44701,2236,2791,142,3
44702,2236,2791,149,2
44703,2236,2791,155,5
44704,2236,2791,160,3
44705,2236,2791,164,4
44706,2236,2791,165,3
44707,2236,2791,175,4
44708,2236,2791,193,4
44709,2236,2791,195,4
44710,2236,2791,212,2
44711,2236,2791,213,1
44712,2236,2791,216,5
44713,2236,2791,217,5
44714,2236,2791,219,3.5
44715,2236,2791,220,3
44716,2236,2791,228,5
44717,2236,2791,232,5
44718,2236,2791,239,3
44719,2236,2791,242,4
44720,2236,2791,247,3
44721,2236,2791,265,4
44722,2236,2791,268,5
44723,2236,2791,285,2
44724,2236,2791,286,3
44725,2236,2791,294,4
44726,2236,2791,295,3.5
44727,2236,2791,303,3.5
44728,2236,2791,306,4
44729,2236,2791,309,5
44730,2236,2791,324,3.5
44731,2236,2791,342,5
44732,2236,2791,345,4.5
44733,2236,2791,346,3.5
44734,2236,2791,351,5
44735,2236,2791,358,4
44736,2236,2791,372,2
44737,2236,2791,373,4
44738,2236,2791,380,4
44739,2236,2791,387,4
44740,2236,2791,388,5
44741,2236,2791,394,4
44742,2236,2791,402,3.5
44743,2236,2791,405,2.5
44744,2236,2791,422,4
44745,2236,2791,433,3.5
44746,2236,2791,439,3
44747,2236,2791,442,4.5
44748,2236,2791,452,4
44749,2236,2791,460,3.5
44750,2236,2791,461,5
44751,2236,2791,463,4
44752,2236,2791,468,3
44753,2236,2791,472,5
44754,2236,2791,479,4
44755,2236,2791,486,4
44756,2236,2791,494,4.5
44757,2236,2791,505,3.5
44758,2236,2791,509,4
44759,2236,2791,518,2
44760,2236,2791,519,4.5
44761,2236,2791,520,3
44762,2236,2791,523,4
44763,2236,2791,529,4
44764,2236,2791,531,0.5
44765,2236,2791,547,5
44766,2236,2791,561,3
44767,2236,2791,562,4
44768,2236,2791,564,5
44769,2236,2791,569,3
44770,2236,2791,580,3
44771,2236,2791,585,4
44772,2236,2791,587,3.5
44773,2236,2791,594,3
44774,2236,2791,597,4
44775,2236,2791,598,5
44776,2236,2791,605,5
44777,2236,2791,607,3.5
44778,2236,2791,609,5
44779,2236,2791,615,4.5
44780,2236,2791,624,5
44781,2236,2791,646,5
44782,2236,2791,654,4.5
44783,2236,2791,656,5
44784,2236,2791,665,4
44785,2235,2790,30,3
44786,2235,2790,105,3
44787,2235,2790,243,3
44788,2235,2790,262,1
44789,2235,2790,457,1.5
44790,2235,2790,564,3
44791,2234,2789,95,3
44792,2234,2789,262,2
44793,2234,2789,564,3
44794,2234,2789,580,2
44795,2234,2789,605,2
44796,2233,2788,4,5
44797,2233,2788,58,5
44798,2233,2788,77,4
44799,2233,2788,130,3.5
44800,2233,2788,195,3
44801,2233,2788,199,4.5
44802,2233,2788,234,4
44803,2233,2788,293,4
44804,2233,2788,309,4.5
44805,2233,2788,423,3
44806,2233,2788,430,4.5
44807,2233,2788,452,4
44808,2233,2788,494,4.5
44809,2233,2788,528,3
44810,2233,2788,544,5
44811,2233,2788,547,4
44812,2233,2788,564,4
44813,2233,2788,577,5
44814,2233,2788,587,3.5
44815,2233,2788,599,5
44816,2233,2788,605,3
44817,2233,2788,624,4
44818,2232,2787,30,4
44819,2232,2787,33,4
44820,2232,2787,95,4
44821,2232,2787,262,2
44822,2232,2787,461,2
44823,2232,2787,518,4
44824,2232,2787,564,3
44825,2232,2787,580,3
44826,2231,2786,518,2
44827,2231,2786,564,3
44828,2230,2784,102,4
44829,2230,2784,119,4
44830,2230,2784,482,4
44831,2229,2783,262,3
44832,2228,2782,30,4
44833,2228,2782,388,4
44834,2228,2782,547,3.5
44835,2227,2781,482,3
44836,2227,2781,564,3
44837,2226,2780,346,5
44838,2226,2780,482,4
44839,2226,2780,547,3.5
44840,2225,2779,68,3.5
44841,2225,2779,102,4
44842,2225,2779,119,2
44843,2225,2779,195,3
44844,2225,2779,232,4
44845,2225,2779,306,4
44846,2225,2779,311,3
44847,2225,2779,342,4
44848,2225,2779,358,5
44849,2225,2779,373,3
44850,2225,2779,380,4
44851,2225,2779,405,4
44852,2225,2779,452,4
44853,2225,2779,529,3
44854,2225,2779,547,3
44855,2225,2779,564,4
44856,2225,2779,565,3
44857,2225,2779,575,5
44858,2225,2779,585,4
44859,2225,2779,605,4
44860,2225,2779,624,3
44861,2224,2776,436,3
44862,2223,2775,363,3
44863,2223,2775,491,3
44864,2222,2774,239,5
44865,2222,2774,285,4
44866,2222,2774,564,4
44867,2221,2772,189,1
44868,2221,2772,476,3
44869,2221,2772,564,4
44870,2221,2772,592,4
44871,2221,2772,598,3
44872,2221,2772,669,3
44873,2220,2771,189,1
44874,2220,2771,380,2
44875,2220,2771,598,2
44876,2220,2771,665,3
44877,2219,2770,4,1
44878,2219,2770,5,3.5
44879,2219,2770,8,2.5
44880,2219,2770,15,4
44881,2219,2770,30,3
44882,2219,2770,43,3
44883,2219,2770,73,3
44884,2219,2770,101,3
44885,2219,2770,111,1
44886,2219,2770,119,3
44887,2219,2770,150,2
44888,2219,2770,156,1.5
44889,2219,2770,171,4
44890,2219,2770,189,2
44891,2219,2770,190,3
44892,2219,2770,198,2.5
44893,2219,2770,235,4
44894,2219,2770,239,3
44895,2219,2770,282,3.5
44896,2219,2770,306,3
44897,2219,2770,312,3
44898,2219,2770,313,3.5
44899,2219,2770,345,4
44900,2219,2770,350,2
44901,2219,2770,358,4
44902,2219,2770,362,2
44903,2219,2770,370,4
44904,2219,2770,373,3
44905,2219,2770,380,2
44906,2219,2770,387,3
44907,2219,2770,388,3
44908,2219,2770,412,1
44909,2219,2770,424,4
44910,2219,2770,452,3
44911,2219,2770,461,1.5
44912,2219,2770,472,4
44913,2219,2770,491,4
44914,2219,2770,509,2
44915,2219,2770,534,3
44916,2219,2770,547,4
44917,2219,2770,561,3
44918,2219,2770,569,3
44919,2219,2770,580,3.5
44920,2219,2770,597,4
44921,2219,2770,598,2
44922,2219,2770,621,4.5
44923,2219,2770,624,4
44924,2219,2770,626,5
44925,2219,2770,645,3
44926,2219,2770,646,5
44927,2219,2770,670,4
44928,2218,2769,15,2
44929,2218,2769,119,2
44930,2218,2769,248,4
44931,2218,2769,386,2
44932,2218,2769,509,2
44933,2218,2769,624,2
44934,2217,2767,564,2
44935,2217,2767,609,1
44936,2216,2766,564,4
44937,2215,2764,102,4
44938,2215,2764,242,5
44939,2215,2764,265,3
44940,2215,2764,360,4
44941,2215,2764,405,5
44942,2215,2764,547,4
44943,2214,2763,15,1
44944,2214,2763,22,1.5
44945,2214,2763,30,5
44946,2214,2763,51,4
44947,2214,2763,59,1.5
44948,2214,2763,88,2.5
44949,2214,2763,105,3
44950,2214,2763,125,4
44951,2214,2763,130,3
44952,2214,2763,131,3
44953,2214,2763,150,3.5
44954,2214,2763,189,3
44955,2214,2763,195,2
44956,2214,2763,213,3.5
44957,2214,2763,220,4
44958,2214,2763,242,4
44959,2214,2763,247,4
44960,2214,2763,253,4
44961,2214,2763,292,4.5
44962,2214,2763,294,3.5
44963,2214,2763,295,3
44964,2214,2763,306,4
44965,2214,2763,311,3
44966,2214,2763,327,4
44967,2214,2763,346,5
44968,2214,2763,405,4.5
44969,2214,2763,412,4
44970,2214,2763,481,2
44971,2214,2763,491,4
44972,2214,2763,534,4
44973,2214,2763,547,4
44974,2214,2763,550,4
44975,2214,2763,598,3
44976,2214,2763,607,4.5
44977,2214,2763,608,3
44978,2214,2763,624,3
44979,2214,2763,628,2
44980,2214,2763,656,5
44981,2214,2763,665,2
44982,2213,2762,3,3.5
44983,2213,2762,5,3.5
44984,2213,2762,8,4.5
44985,2213,2762,9,4
44986,2213,2762,11,3
44987,2213,2762,13,3
44988,2213,2762,15,1
44989,2213,2762,17,4.5
44990,2213,2762,20,3.5
44991,2213,2762,22,4
44992,2213,2762,23,4
44993,2213,2762,27,5
44994,2213,2762,30,5
44995,2213,2762,34,4
44996,2213,2762,48,3.5
44997,2213,2762,53,5
44998,2213,2762,63,3
44999,2213,2762,68,4
45000,2213,2762,72,4
45001,2213,2762,73,4
45002,2213,2762,74,4
45003,2213,2762,77,4
45004,2213,2762,88,4
45005,2213,2762,89,5
45006,2213,2762,94,3
45007,2213,2762,95,4
45008,2213,2762,98,4
45009,2213,2762,102,4
45010,2213,2762,105,3.5
45011,2213,2762,106,3.5
45012,2213,2762,115,4
45013,2213,2762,116,5
45014,2213,2762,118,5
45015,2213,2762,119,4
45016,2213,2762,120,4.5
45017,2213,2762,123,5
45018,2213,2762,124,4
45019,2213,2762,128,5
45020,2213,2762,131,5
45021,2213,2762,133,0.5
45022,2213,2762,134,4.5
45023,2213,2762,146,3.5
45024,2213,2762,150,4.5
45025,2213,2762,152,2.5
45026,2213,2762,153,5
45027,2213,2762,157,4
45028,2213,2762,159,3
45029,2213,2762,160,5
45030,2213,2762,165,5
45031,2213,2762,169,4.5
45032,2213,2762,183,4
45033,2213,2762,187,5
45034,2213,2762,189,5
45035,2213,2762,190,5
45036,2213,2762,196,5
45037,2213,2762,200,1.5
45038,2213,2762,201,2
45039,2213,2762,205,4
45040,2213,2762,212,3.5
45041,2213,2762,213,2.5
45042,2213,2762,214,5
45043,2213,2762,218,3.5
45044,2213,2762,220,5
45045,2213,2762,230,3.5
45046,2213,2762,231,5
45047,2213,2762,232,3
45048,2213,2762,235,5
45049,2213,2762,240,5
45050,2213,2762,242,5
45051,2213,2762,243,4
45052,2213,2762,244,0.5
45053,2213,2762,245,5
45054,2213,2762,246,4
45055,2213,2762,247,5
45056,2213,2762,251,5
45057,2213,2762,253,4
45058,2213,2762,258,5
45059,2213,2762,262,4
45060,2213,2762,268,3.5
45061,2213,2762,271,4.5
45062,2213,2762,273,4
45063,2213,2762,275,4
45064,2213,2762,282,5
45065,2213,2762,283,3
45066,2213,2762,291,4.5
45067,2213,2762,292,4.5
45068,2213,2762,295,4.5
45069,2213,2762,303,2
45070,2213,2762,306,3
45071,2213,2762,309,4
45072,2213,2762,311,4
45073,2213,2762,312,2
45074,2213,2762,313,3.5
45075,2213,2762,315,3
45076,2213,2762,320,3.5
45077,2213,2762,324,3.5
45078,2213,2762,328,3.5
45079,2213,2762,345,4.5
45080,2213,2762,346,1
45081,2213,2762,353,3.5
45082,2213,2762,355,4.5
45083,2213,2762,358,5
45084,2213,2762,362,4
45085,2213,2762,363,4
45086,2213,2762,370,5
45087,2213,2762,371,3.5
45088,2213,2762,379,3.5
45089,2213,2762,380,5
45090,2213,2762,381,5
45091,2213,2762,384,3
45092,2213,2762,386,4
45093,2213,2762,388,4
45094,2213,2762,394,4.5
45095,2213,2762,402,3
45096,2213,2762,407,5
45097,2213,2762,411,4
45098,2213,2762,412,5
45099,2213,2762,418,3.5
45100,2213,2762,419,4.5
45101,2213,2762,425,5
45102,2213,2762,426,4.5
45103,2213,2762,427,3
45104,2213,2762,428,3
45105,2213,2762,430,4
45106,2213,2762,431,5
45107,2213,2762,442,4.5
45108,2213,2762,452,5
45109,2213,2762,457,3
45110,2213,2762,460,4
45111,2213,2762,461,4.5
45112,2213,2762,463,4
45113,2213,2762,466,4
45114,2213,2762,467,4
45115,2213,2762,468,3
45116,2213,2762,472,5
45117,2213,2762,475,3.5
45118,2213,2762,476,4
45119,2213,2762,479,4
45120,2213,2762,480,4.5
45121,2213,2762,481,4.5
45122,2213,2762,491,5
45123,2213,2762,497,4
45124,2213,2762,500,1.5
45125,2213,2762,501,4
45126,2213,2762,505,3
45127,2213,2762,509,4
45128,2213,2762,510,3
45129,2213,2762,520,3.5
45130,2213,2762,522,2.5
45131,2213,2762,523,4.5
45132,2213,2762,525,5
45133,2213,2762,528,4
45134,2213,2762,529,3
45135,2213,2762,531,2
45136,2213,2762,532,4.5
45137,2213,2762,534,5
45138,2213,2762,541,5
45139,2213,2762,545,3
45140,2213,2762,546,5
45141,2213,2762,547,4
45142,2213,2762,550,5
45143,2213,2762,554,5
45144,2213,2762,562,3
45145,2213,2762,563,4
45146,2213,2762,564,5
45147,2213,2762,574,2.5
45148,2213,2762,575,4
45149,2213,2762,577,5
45150,2213,2762,580,4
45151,2213,2762,584,5
45152,2213,2762,586,5
45153,2213,2762,587,4
45154,2213,2762,592,5
45155,2213,2762,595,3
45156,2213,2762,596,4.5
45157,2213,2762,597,4
45158,2213,2762,598,4
45159,2213,2762,607,4
45160,2213,2762,608,4
45161,2213,2762,615,4
45162,2213,2762,622,5
45163,2213,2762,623,4.5
45164,2213,2762,624,4
45165,2213,2762,626,5
45166,2213,2762,627,4
45167,2213,2762,644,3
45168,2213,2762,646,5
45169,2213,2762,647,5
45170,2213,2762,653,5
45171,2213,2762,654,5
45172,2213,2762,656,5
45173,2213,2762,664,4.5
45174,2213,2762,671,4
45175,2212,2761,6,4.5
45176,2212,2761,13,4
45177,2212,2761,15,2
45178,2212,2761,51,5
45179,2212,2761,53,1
45180,2212,2761,56,4
45181,2212,2761,61,3
45182,2212,2761,73,2.5
45183,2212,2761,99,2
45184,2212,2761,130,3
45185,2212,2761,149,4
45186,2212,2761,185,4
45187,2212,2761,212,3.5
45188,2212,2761,271,4.5
45189,2212,2761,285,5
45190,2212,2761,287,5
45191,2212,2761,297,3.5
45192,2212,2761,328,3
45193,2212,2761,353,3
45194,2212,2761,366,3.5
45195,2212,2761,380,3
45196,2212,2761,386,3
45197,2212,2761,388,4
45198,2212,2761,397,3.5
45199,2212,2761,460,4
45200,2212,2761,461,4.5
45201,2212,2761,463,4
45202,2212,2761,466,5
45203,2212,2761,468,4
45204,2212,2761,472,4
45205,2212,2761,475,4
45206,2212,2761,501,3.5
45207,2212,2761,518,5
45208,2212,2761,546,4
45209,2212,2761,560,4
45210,2212,2761,564,4
45211,2212,2761,597,5
45212,2212,2761,610,2
45213,2212,2761,626,4
45214,2212,2761,646,5
45215,2212,2761,656,5
45216,2212,2761,665,4
45217,2211,2759,15,1
45218,2211,2759,187,4
45219,2211,2759,189,1
45220,2211,2759,190,4
45221,2211,2759,257,3
45222,2211,2759,265,3
45223,2211,2759,294,4
45224,2211,2759,311,4
45225,2211,2759,312,2
45226,2211,2759,380,2
45227,2211,2759,427,2
45228,2211,2759,439,3
45229,2211,2759,452,3
45230,2211,2759,472,4
45231,2211,2759,547,3.5
45232,2211,2759,564,5
45233,2211,2759,594,4
45234,2211,2759,605,1
45235,2211,2759,624,2.5
45236,2211,2759,626,3
45237,2211,2759,654,3.5
45238,2211,2759,670,5
45239,2210,2758,491,4
45240,2209,2757,30,2
45241,2209,2757,102,4
45242,2209,2757,242,5
45243,2209,2757,452,4
45244,2209,2757,545,5
45245,2209,2757,547,3
45246,2209,2757,564,4
45247,2208,2755,547,2
45248,2208,2755,564,5
45249,2207,2754,564,3
45250,2206,2753,510,1
45251,2206,2753,564,4
45252,2206,2753,605,3
45253,2205,2752,452,3
45254,2205,2752,518,5
45255,2205,2752,529,3
45256,2205,2752,564,5
45257,2205,2752,621,4
45258,2204,2751,518,4
45259,2204,2751,564,3
45260,2203,2750,30,4
45261,2203,2750,38,4
45262,2203,2750,102,4
45263,2203,2750,119,4
45264,2203,2750,195,3
45265,2203,2750,232,5
45266,2203,2750,242,4
45267,2203,2750,259,3
45268,2203,2750,306,3
45269,2203,2750,358,5
45270,2203,2750,373,4
45271,2203,2750,388,4
45272,2203,2750,452,3
45273,2203,2750,460,3.5
45274,2203,2750,468,2.5
45275,2203,2750,505,3.5
45276,2203,2750,510,4
45277,2203,2750,529,5
45278,2203,2750,545,4
45279,2203,2750,547,3
45280,2203,2750,564,4
45281,2203,2750,665,3
45282,2202,2749,30,4
45283,2202,2749,102,4
45284,2202,2749,242,4
45285,2202,2749,564,4
45286,2202,2749,575,4
45287,2201,2748,49,3
45288,2201,2748,202,2
45289,2201,2748,232,3
45290,2201,2748,294,3.5
45291,2201,2748,564,2
45292,2200,2747,102,4
45293,2200,2747,185,3
45294,2200,2747,232,4
45295,2200,2747,294,2
45296,2200,2747,304,2
45297,2200,2747,358,2
45298,2200,2747,392,2
45299,2200,2747,393,2
45300,2200,2747,405,3.5
45301,2200,2747,468,4
45302,2200,2747,482,3
45303,2200,2747,564,2
45304,2200,2747,598,4
45305,2200,2747,646,5
45306,2199,2746,23,2
45307,2199,2746,30,4
45308,2199,2746,41,3.5
45309,2199,2746,56,5
45310,2199,2746,68,3.5
45311,2199,2746,73,3
45312,2199,2746,95,4
45313,2199,2746,102,4
45314,2199,2746,105,2
45315,2199,2746,119,5
45316,2199,2746,165,3
45317,2199,2746,195,3
45318,2199,2746,196,3
45319,2199,2746,220,4
45320,2199,2746,232,4
45321,2199,2746,239,4
45322,2199,2746,247,3
45323,2199,2746,285,3
45324,2199,2746,294,4
45325,2199,2746,306,3
45326,2199,2746,355,3.5
45327,2199,2746,358,3
45328,2199,2746,363,5
45329,2199,2746,398,4
45330,2199,2746,428,1
45331,2199,2746,439,3
45332,2199,2746,457,2.5
45333,2199,2746,466,5
45334,2199,2746,468,2.5
45335,2199,2746,470,3
45336,2199,2746,485,4.5
45337,2199,2746,488,4.5
45338,2199,2746,509,1
45339,2199,2746,518,5
45340,2199,2746,561,3.5
45341,2199,2746,564,5
45342,2199,2746,575,3
45343,2199,2746,582,4
45344,2199,2746,585,4
45345,2199,2746,587,4
45346,2199,2746,624,3
45347,2199,2746,637,3.5
45348,2199,2746,646,5
45349,2199,2746,654,4.5
45350,2199,2746,655,4
45351,2198,2745,130,4.5
45352,2198,2745,232,5
45353,2198,2745,294,3.5
45354,2198,2745,388,5
45355,2198,2745,405,2
45356,2198,2745,505,3
45357,2198,2745,509,4
45358,2198,2745,547,4
45359,2198,2745,564,3
45360,2198,2745,647,5
45361,2197,2741,30,4
45362,2197,2741,232,1
45363,2197,2741,564,3
45364,2196,2739,23,4
45365,2196,2739,30,5
45366,2196,2739,102,4
45367,2196,2739,117,5
45368,2196,2739,119,4
45369,2196,2739,133,2
45370,2196,2739,155,3
45371,2196,2739,160,5
45372,2196,2739,195,2
45373,2196,2739,202,4
45374,2196,2739,214,4
45375,2196,2739,232,4
45376,2196,2739,242,5
45377,2196,2739,306,3
45378,2196,2739,311,4
45379,2196,2739,335,4
45380,2196,2739,342,4
45381,2196,2739,366,1
45382,2196,2739,368,4
45383,2196,2739,452,4
45384,2196,2739,466,4
45385,2196,2739,505,3
45386,2196,2739,509,4
45387,2196,2739,510,4
45388,2196,2739,515,5
45389,2196,2739,518,5
45390,2196,2739,529,4
45391,2196,2739,547,4
45392,2196,2739,564,5
45393,2196,2739,576,4
45394,2196,2739,626,5
45395,2195,2738,30,3
45396,2195,2738,242,4
45397,2195,2738,358,2
45398,2195,2738,545,1
45399,2195,2738,547,1
45400,2195,2738,564,5
45401,2194,2736,160,4
45402,2194,2736,232,4
45403,2194,2736,239,5
45404,2194,2736,259,4
45405,2194,2736,306,4
45406,2194,2736,311,3.5
45407,2194,2736,358,4
45408,2194,2736,387,4
45409,2194,2736,452,2
45410,2194,2736,466,4
45411,2194,2736,472,4
45412,2194,2736,518,4
45413,2194,2736,564,4
45414,2194,2736,605,2
45415,2193,2735,214,3
45416,2193,2735,232,1
45417,2193,2735,239,3
45418,2193,2735,247,4
45419,2193,2735,285,2
45420,2193,2735,311,2
45421,2193,2735,355,2.5
45422,2193,2735,358,2
45423,2193,2735,388,3
45424,2193,2735,457,3
45425,2193,2735,460,2
45426,2193,2735,461,2
45427,2193,2735,463,3
45428,2193,2735,509,2
45429,2193,2735,518,3
45430,2193,2735,564,4
45431,2193,2735,624,2
45432,2193,2735,654,4.5
45433,2192,2734,4,4
45434,2192,2734,51,3
45435,2192,2734,73,3
45436,2192,2734,102,4
45437,2192,2734,119,2
45438,2192,2734,171,4
45439,2192,2734,189,4
45440,2192,2734,190,3
45441,2192,2734,202,5
45442,2192,2734,232,4
45443,2192,2734,242,3
45444,2192,2734,388,4
45445,2192,2734,405,1.5
45446,2192,2734,461,1.5
45447,2192,2734,509,3
45448,2192,2734,564,4
45449,2192,2734,587,4
45450,2192,2734,656,3
45451,2191,2733,373,1
45452,2191,2733,518,2
45453,2191,2733,564,4
45454,2190,2732,232,2
45455,2190,2732,236,4
45456,2190,2732,262,2.5
45457,2190,2732,265,5
45458,2190,2732,278,3
45459,2190,2732,407,5
45460,2190,2732,472,3
45461,2190,2732,481,5
45462,2190,2732,529,4
45463,2190,2732,547,5
45464,2189,2731,23,5
45465,2189,2731,102,4
45466,2189,2731,232,2
45467,2189,2731,236,4
45468,2189,2731,262,2.5
45469,2189,2731,265,4
45470,2189,2731,363,4
45471,2189,2731,468,3.5
45472,2189,2731,472,4
45473,2189,2731,481,5
45474,2189,2731,509,4
45475,2189,2731,547,5
45476,2189,2731,587,3.5
45477,2189,2731,608,4
45478,2188,2730,23,4
45479,2188,2730,30,4
45480,2188,2730,81,4
45481,2188,2730,102,4
45482,2188,2730,232,1
45483,2188,2730,362,3.5
45484,2188,2730,373,4
45485,2188,2730,388,5
45486,2188,2730,472,2
45487,2188,2730,481,4.5
45488,2188,2730,529,2
45489,2188,2730,564,2
45490,2187,2729,15,3
45491,2187,2729,23,3.5
45492,2187,2729,30,5
45493,2187,2729,41,3.5
45494,2187,2729,102,5
45495,2187,2729,232,4
45496,2187,2729,236,4
45497,2187,2729,299,4
45498,2187,2729,362,3.5
45499,2187,2729,378,4
45500,2187,2729,452,1.5
45501,2187,2729,468,3.5
45502,2187,2729,472,5
45503,2187,2729,481,3
45504,2187,2729,505,3
45505,2187,2729,547,3.5
45506,2186,2728,23,4
45507,2186,2728,73,4
45508,2186,2728,102,4
45509,2186,2728,119,5
45510,2186,2728,130,4
45511,2186,2728,195,3
45512,2186,2728,212,3
45513,2186,2728,232,5
45514,2186,2728,311,3
45515,2186,2728,358,4
45516,2186,2728,387,3
45517,2186,2728,388,5
45518,2186,2728,405,4
45519,2186,2728,431,4.5
45520,2186,2728,468,3.5
45521,2186,2728,509,3
45522,2186,2728,547,4.5
45523,2186,2728,575,3
45524,2186,2728,577,5
45525,2185,2727,468,3
45526,2185,2727,547,4
45527,2184,2726,15,2.5
45528,2184,2726,17,4.5
45529,2184,2726,23,4.5
45530,2184,2726,102,5
45531,2184,2726,236,4
45532,2184,2726,457,3
45533,2184,2726,468,3.5
45534,2184,2726,472,5
45535,2184,2726,547,5
45536,2184,2726,594,4
45537,2184,2726,608,4
45538,2183,2725,102,4
45539,2183,2725,427,2
45540,2183,2725,452,4
45541,2183,2725,467,3
45542,2183,2725,564,5
45543,2182,2724,14,3
45544,2182,2724,23,2
45545,2182,2724,51,2
45546,2182,2724,73,2.5
45547,2182,2724,98,5
45548,2182,2724,141,2
45549,2182,2724,171,4
45550,2182,2724,189,2
45551,2182,2724,190,3
45552,2182,2724,200,1
45553,2182,2724,212,3
45554,2182,2724,219,3
45555,2182,2724,232,3
45556,2182,2724,242,4
45557,2182,2724,247,3
45558,2182,2724,294,4
45559,2182,2724,311,3
45560,2182,2724,313,2.5
45561,2182,2724,358,2
45562,2182,2724,368,3
45563,2182,2724,372,5
45564,2182,2724,380,2
45565,2182,2724,382,2
45566,2182,2724,405,2.5
45567,2182,2724,408,1
45568,2182,2724,412,3
45569,2182,2724,452,3
45570,2182,2724,463,2
45571,2182,2724,467,4
45572,2182,2724,468,1.5
45573,2182,2724,471,3.5
45574,2182,2724,472,3
45575,2182,2724,476,1
45576,2182,2724,491,1
45577,2182,2724,497,5
45578,2182,2724,500,2.5
45579,2182,2724,518,5
45580,2182,2724,534,2
45581,2182,2724,547,2
45582,2182,2724,575,4
45583,2182,2724,598,3
45584,2182,2724,626,3
45585,2182,2724,654,1.5
45586,2182,2724,656,4
45587,2182,2724,665,3
45588,2181,2723,4,5
45589,2181,2723,6,3
45590,2181,2723,15,1
45591,2181,2723,22,2
45592,2181,2723,43,3
45593,2181,2723,73,3
45594,2181,2723,111,3.5
45595,2181,2723,125,4
45596,2181,2723,170,2.5
45597,2181,2723,212,1
45598,2181,2723,213,3
45599,2181,2723,239,4
45600,2181,2723,268,3
45601,2181,2723,285,4
45602,2181,2723,294,4
45603,2181,2723,312,2
45604,2181,2723,345,4
45605,2181,2723,366,4.5
45606,2181,2723,380,2
45607,2181,2723,408,4
45608,2181,2723,423,3.5
45609,2181,2723,461,3
45610,2181,2723,466,4
45611,2181,2723,472,4
45612,2181,2723,518,4
45613,2181,2723,580,3
45614,2181,2723,594,3
45615,2181,2723,598,1
45616,2181,2723,607,4
45617,2181,2723,613,3
45618,2181,2723,623,4.5
45619,2181,2723,624,4
45620,2181,2723,626,1
45621,2181,2723,654,3.5
45622,2181,2723,665,2
45623,2181,2723,670,2
45624,2180,2722,15,2
45625,2180,2722,48,2.5
45626,2180,2722,51,5
45627,2180,2722,73,2.5
45628,2180,2722,95,3
45629,2180,2722,118,3
45630,2180,2722,128,2
45631,2180,2722,150,2.5
45632,2180,2722,189,3
45633,2180,2722,195,1
45634,2180,2722,213,2
45635,2180,2722,243,2.5
45636,2180,2722,262,0.5
45637,2180,2722,290,5
45638,2180,2722,356,3.5
45639,2180,2722,380,2
45640,2180,2722,386,2
45641,2180,2722,412,3
45642,2180,2722,452,2
45643,2180,2722,461,2.5
45644,2180,2722,468,1
45645,2180,2722,472,3
45646,2180,2722,476,3
45647,2180,2722,491,2
45648,2180,2722,518,4
45649,2180,2722,525,4
45650,2180,2722,564,3
45651,2180,2722,580,2.5
45652,2180,2722,596,2
45653,2180,2722,598,1
45654,2180,2722,626,3
45655,2180,2722,654,3.5
45656,2180,2722,665,2
45657,2180,2722,669,2
45658,2179,2721,23,3.5
45659,2179,2721,407,5
45660,2179,2721,427,4
45661,2179,2721,529,4
45662,2179,2721,564,5
45663,2179,2721,652,5
45664,2178,2720,14,2
45665,2178,2720,53,1
45666,2178,2720,73,1
45667,2178,2720,189,1
45668,2178,2720,213,2.5
45669,2178,2720,247,2
45670,2178,2720,285,2
45671,2178,2720,311,2
45672,2178,2720,342,2
45673,2178,2720,379,3.5
45674,2178,2720,453,3
45675,2178,2720,518,4
45676,2178,2720,557,0.5
45677,2178,2720,564,2
45678,2178,2720,580,2
45679,2178,2720,581,2.5
45680,2178,2720,597,2
45681,2178,2720,605,2
45682,2178,2720,626,2
45683,2178,2720,665,3
45684,2177,2719,117,0.5
45685,2177,2719,119,2
45686,2177,2719,128,3
45687,2177,2719,189,1
45688,2177,2719,195,2
45689,2177,2719,212,2.5
45690,2177,2719,243,3
45691,2177,2719,247,2
45692,2177,2719,262,2
45693,2177,2719,380,2
45694,2177,2719,401,4
45695,2177,2719,412,2
45696,2177,2719,461,1.5
45697,2177,2719,468,1.5
45698,2177,2719,471,2
45699,2177,2719,476,1
45700,2177,2719,564,3
45701,2177,2719,598,3
45702,2177,2719,626,4
45703,2177,2719,665,2
45704,2177,2719,669,2
45705,2176,2718,15,1.5
45706,2176,2718,239,5
45707,2176,2718,285,4
45708,2176,2718,408,3
45709,2176,2718,452,4
45710,2176,2718,472,4
45711,2176,2718,489,5
45712,2176,2718,518,3
45713,2176,2718,564,3
45714,2176,2718,598,3
45715,2176,2718,624,3
45716,2176,2718,626,2
45717,2176,2718,654,4.5
45718,2175,2717,15,3.5
45719,2175,2717,22,3
45720,2175,2717,29,2.5
45721,2175,2717,53,3
45722,2175,2717,73,3
45723,2175,2717,95,4
45724,2175,2717,102,2
45725,2175,2717,105,3
45726,2175,2717,212,2
45727,2175,2717,232,3
45728,2175,2717,239,3
45729,2175,2717,243,2.5
45730,2175,2717,244,4
45731,2175,2717,247,3
45732,2175,2717,285,3
45733,2175,2717,290,5
45734,2175,2717,294,4
45735,2175,2717,306,3
45736,2175,2717,331,1
45737,2175,2717,358,1
45738,2175,2717,373,2
45739,2175,2717,384,3
45740,2175,2717,388,3
45741,2175,2717,452,2
45742,2175,2717,457,1.5
45743,2175,2717,460,3.5
45744,2175,2717,461,1
45745,2175,2717,463,2
45746,2175,2717,468,2.5
45747,2175,2717,472,2
45748,2175,2717,477,4
45749,2175,2717,509,2
45750,2175,2717,518,3
45751,2175,2717,547,2
45752,2175,2717,564,3
45753,2175,2717,574,4
45754,2175,2717,580,2
45755,2175,2717,604,1.5
45756,2175,2717,607,2.5
45757,2175,2717,610,2.5
45758,2175,2717,624,3
45759,2175,2717,654,4
45760,2175,2717,664,4
45761,2174,2716,3,3
45762,2174,2716,4,5
45763,2174,2716,8,3.5
45764,2174,2716,14,3
45765,2174,2716,15,4
45766,2174,2716,22,3
45767,2174,2716,23,3
45768,2174,2716,30,4
45769,2174,2716,34,2
45770,2174,2716,53,3
45771,2174,2716,56,2
45772,2174,2716,59,2
45773,2174,2716,61,3
45774,2174,2716,68,4
45775,2174,2716,73,4.5
45776,2174,2716,77,4
45777,2174,2716,83,4
45778,2174,2716,88,3.5
45779,2174,2716,93,3.5
45780,2174,2716,95,5
45781,2174,2716,97,2.5
45782,2174,2716,101,3.5
45783,2174,2716,102,4
45784,2174,2716,105,4
45785,2174,2716,111,4.5
45786,2174,2716,119,4
45787,2174,2716,120,4
45788,2174,2716,124,4
45789,2174,2716,125,4.5
45790,2174,2716,130,4
45791,2174,2716,134,4.5
45792,2174,2716,146,4
45793,2174,2716,150,2
45794,2174,2716,157,3.5
45795,2174,2716,160,2
45796,2174,2716,165,3.5
45797,2174,2716,171,3
45798,2174,2716,176,2.5
45799,2174,2716,178,3
45800,2174,2716,180,4
45801,2174,2716,185,3
45802,2174,2716,189,3
45803,2174,2716,190,4
45804,2174,2716,199,3.5
45805,2174,2716,201,4
45806,2174,2716,212,2.5
45807,2174,2716,213,2
45808,2174,2716,214,4
45809,2174,2716,216,4.5
45810,2174,2716,217,5
45811,2174,2716,219,4
45812,2174,2716,228,5
45813,2174,2716,232,5
45814,2174,2716,239,3
45815,2174,2716,240,4.5
45816,2174,2716,243,4
45817,2174,2716,247,5
45818,2174,2716,250,4
45819,2174,2716,260,3
45820,2174,2716,262,2.5
45821,2174,2716,263,3.5
45822,2174,2716,265,4
45823,2174,2716,268,4.5
45824,2174,2716,282,4
45825,2174,2716,291,4.5
45826,2174,2716,294,4
45827,2174,2716,297,4
45828,2174,2716,303,4
45829,2174,2716,305,2
45830,2174,2716,306,4
45831,2174,2716,328,3.5
45832,2174,2716,342,3
45833,2174,2716,346,4.5
45834,2174,2716,350,4
45835,2174,2716,352,4
45836,2174,2716,353,3
45837,2174,2716,355,4
45838,2174,2716,358,3
45839,2174,2716,362,4
45840,2174,2716,367,2.5
45841,2174,2716,373,2
45842,2174,2716,384,3.5
45843,2174,2716,388,5
45844,2174,2716,394,3.5
45845,2174,2716,398,4
45846,2174,2716,402,3.5
45847,2174,2716,405,3.5
45848,2174,2716,408,3
45849,2174,2716,423,3.5
45850,2174,2716,428,5
45851,2174,2716,430,4
45852,2174,2716,433,4
45853,2174,2716,439,3
45854,2174,2716,442,4.5
45855,2174,2716,452,4
45856,2174,2716,457,3
45857,2174,2716,458,4
45858,2174,2716,460,5
45859,2174,2716,461,4.5
45860,2174,2716,463,4
45861,2174,2716,467,4
45862,2174,2716,468,3
45863,2174,2716,471,3
45864,2174,2716,472,3
45865,2174,2716,475,4
45866,2174,2716,476,3
45867,2174,2716,482,5
45868,2174,2716,486,4
45869,2174,2716,489,4
45870,2174,2716,491,3
45871,2174,2716,497,4
45872,2174,2716,509,3
45873,2174,2716,510,3
45874,2174,2716,518,4
45875,2174,2716,519,4.5
45876,2174,2716,522,4
45877,2174,2716,528,3
45878,2174,2716,529,4
45879,2174,2716,541,5
45880,2174,2716,544,4.5
45881,2174,2716,547,4
45882,2174,2716,549,3.5
45883,2174,2716,561,4.5
45884,2174,2716,562,5
45885,2174,2716,564,3
45886,2174,2716,574,4
45887,2174,2716,575,5
45888,2174,2716,577,4.5
45889,2174,2716,580,3.5
45890,2174,2716,585,5
45891,2174,2716,586,4.5
45892,2174,2716,594,3
45893,2174,2716,595,3
45894,2174,2716,597,5
45895,2174,2716,598,4
45896,2174,2716,605,3
45897,2174,2716,607,3.5
45898,2174,2716,621,4.5
45899,2174,2716,623,3.5
45900,2174,2716,624,5
45901,2174,2716,626,4
45902,2174,2716,644,4
45903,2174,2716,646,5
45904,2174,2716,654,4.5
45905,2174,2716,655,4.5
45906,2174,2716,658,5
45907,2174,2716,664,4
45908,2173,2715,491,1
45909,2173,2715,564,4
45910,2173,2715,647,3
45911,2172,2714,247,2
45912,2172,2714,408,2
45913,2172,2714,598,3
45914,2171,2713,15,1
45915,2171,2713,29,3
45916,2171,2713,51,5
45917,2171,2713,73,1.5
45918,2171,2713,95,3
45919,2171,2713,119,2
45920,2171,2713,189,1
45921,2171,2713,262,1
45922,2171,2713,287,3.5
45923,2171,2713,452,1
45924,2171,2713,472,2
45925,2171,2713,518,4
45926,2171,2713,554,2
45927,2171,2713,564,1
45928,2171,2713,575,3
45929,2171,2713,598,2
45930,2171,2713,615,1.5
45931,2171,2713,624,2
45932,2171,2713,626,2
45933,2171,2713,654,3.5
45934,2171,2713,669,2
45935,2170,2712,15,4
45936,2170,2712,17,3
45937,2170,2712,22,4.5
45938,2170,2712,23,4.5
45939,2170,2712,27,4
45940,2170,2712,30,4
45941,2170,2712,73,4.5
45942,2170,2712,81,4.5
45943,2170,2712,88,2.5
45944,2170,2712,102,4
45945,2170,2712,105,3
45946,2170,2712,111,1
45947,2170,2712,139,2
45948,2170,2712,187,4
45949,2170,2712,189,5
45950,2170,2712,190,5
45951,2170,2712,196,3
45952,2170,2712,220,2
45953,2170,2712,236,4.5
45954,2170,2712,243,4
45955,2170,2712,245,5
45956,2170,2712,262,2.5
45957,2170,2712,270,4
45958,2170,2712,294,3
45959,2170,2712,297,4
45960,2170,2712,299,5
45961,2170,2712,303,2
45962,2170,2712,313,2.5
45963,2170,2712,342,4
45964,2170,2712,345,2.5
45965,2170,2712,355,4
45966,2170,2712,363,2
45967,2170,2712,373,3
45968,2170,2712,381,2
45969,2170,2712,384,3
45970,2170,2712,386,3
45971,2170,2712,388,3
45972,2170,2712,405,1
45973,2170,2712,422,5
45974,2170,2712,433,5
45975,2170,2712,452,3
45976,2170,2712,457,5
45977,2170,2712,472,2
45978,2170,2712,476,3
45979,2170,2712,481,4
45980,2170,2712,491,5
45981,2170,2712,497,5
45982,2170,2712,505,4
45983,2170,2712,509,3
45984,2170,2712,541,4
45985,2170,2712,544,4.5
45986,2170,2712,545,2
45987,2170,2712,547,3.5
45988,2170,2712,564,5
45989,2170,2712,587,4
45990,2170,2712,598,4
45991,2170,2712,608,4
45992,2170,2712,626,5
45993,2170,2712,627,4
45994,2170,2712,630,5
45995,2170,2712,644,5
45996,2170,2712,654,2
45997,2170,2712,656,4
45998,2169,2710,15,1
45999,2169,2710,17,3.5
46000,2169,2710,22,2
46001,2169,2710,27,1
46002,2169,2710,48,3
46003,2169,2710,53,3
46004,2169,2710,60,4.5
46005,2169,2710,63,4
46006,2169,2710,73,3.5
46007,2169,2710,74,4
46008,2169,2710,75,0.5
46009,2169,2710,77,1
46010,2169,2710,78,5
46011,2169,2710,88,1
46012,2169,2710,94,1.5
46013,2169,2710,95,4
46014,2169,2710,102,3
46015,2169,2710,105,2.5
46016,2169,2710,119,1
46017,2169,2710,123,1
46018,2169,2710,128,1
46019,2169,2710,131,4
46020,2169,2710,134,4.5
46021,2169,2710,157,3.5
46022,2169,2710,165,0.5
46023,2169,2710,171,2
46024,2169,2710,180,1
46025,2169,2710,187,2.5
46026,2169,2710,189,4
46027,2169,2710,195,1
46028,2169,2710,212,3
46029,2169,2710,213,1.5
46030,2169,2710,220,4
46031,2169,2710,240,1.5
46032,2169,2710,243,3.5
46033,2169,2710,262,2
46034,2169,2710,268,3
46035,2169,2710,285,5
46036,2169,2710,292,2.5
46037,2169,2710,306,3
46038,2169,2710,313,3.5
46039,2169,2710,345,2.5
46040,2169,2710,353,0.5
46041,2169,2710,355,4.5
46042,2169,2710,363,5
46043,2169,2710,367,4
46044,2169,2710,373,4
46045,2169,2710,380,2
46046,2169,2710,384,1.5
46047,2169,2710,386,2
46048,2169,2710,388,3
46049,2169,2710,408,5
46050,2169,2710,411,1
46051,2169,2710,430,2
46052,2169,2710,452,1
46053,2169,2710,457,2
46054,2169,2710,461,2.5
46055,2169,2710,471,2
46056,2169,2710,472,3
46057,2169,2710,476,3
46058,2169,2710,489,4
46059,2169,2710,491,5
46060,2169,2710,500,0.5
46061,2169,2710,509,4
46062,2169,2710,522,1
46063,2169,2710,527,3
46064,2169,2710,541,2
46065,2169,2710,545,2
46066,2169,2710,547,2
46067,2169,2710,561,2
46068,2169,2710,562,3.5
46069,2169,2710,564,5
46070,2169,2710,580,2
46071,2169,2710,594,4
46072,2169,2710,596,4
46073,2169,2710,598,3
46074,2169,2710,607,4
46075,2169,2710,617,3
46076,2169,2710,625,1.5
46077,2169,2710,626,3
46078,2169,2710,627,4
46079,2169,2710,644,5
46080,2169,2710,654,4
46081,2169,2710,656,1
46082,2169,2710,664,3
46083,2169,2710,665,3
46084,2168,2709,15,1
46085,2168,2709,53,1
46086,2168,2709,77,3
46087,2168,2709,294,3.5
46088,2168,2709,518,4
46089,2168,2709,624,4
46090,2168,2709,644,2
46091,2167,2708,587,4
46092,2166,2707,15,3
46093,2166,2707,17,3.5
46094,2166,2707,30,3
46095,2166,2707,73,4
46096,2166,2707,75,1.5
46097,2166,2707,119,3
46098,2166,2707,123,2
46099,2166,2707,128,5
46100,2166,2707,150,3
46101,2166,2707,171,4
46102,2166,2707,189,3
46103,2166,2707,203,3.5
46104,2166,2707,229,3
46105,2166,2707,235,5
46106,2166,2707,242,4
46107,2166,2707,341,4
46108,2166,2707,356,3
46109,2166,2707,367,4
46110,2166,2707,380,4
46111,2166,2707,388,4
46112,2166,2707,411,4
46113,2166,2707,428,4
46114,2166,2707,452,3
46115,2166,2707,460,4
46116,2166,2707,468,2.5
46117,2166,2707,476,4
46118,2166,2707,534,4
46119,2166,2707,541,4
46120,2166,2707,547,3
46121,2166,2707,550,4
46122,2166,2707,596,4.5
46123,2166,2707,605,3
46124,2166,2707,608,4
46125,2166,2707,626,3
46126,2166,2707,627,4
46127,2166,2707,665,2
46128,2165,2706,5,4
46129,2165,2706,15,3
46130,2165,2706,16,5
46131,2165,2706,33,3
46132,2165,2706,43,4
46133,2165,2706,48,3.5
46134,2165,2706,69,4
46135,2165,2706,73,3.5
46136,2165,2706,77,3.5
46137,2165,2706,78,5
46138,2165,2706,89,5
46139,2165,2706,91,4
46140,2165,2706,94,3.5
46141,2165,2706,95,5
46142,2165,2706,111,3
46143,2165,2706,115,4
46144,2165,2706,125,0.5
46145,2165,2706,131,3
46146,2165,2706,148,1
46147,2165,2706,149,3
46148,2165,2706,150,3.5
46149,2165,2706,152,3.5
46150,2165,2706,157,3
46151,2165,2706,165,3.5
46152,2165,2706,176,1.5
46153,2165,2706,187,5
46154,2165,2706,189,5
46155,2165,2706,195,2
46156,2165,2706,200,1.5
46157,2165,2706,212,2.5
46158,2165,2706,217,5
46159,2165,2706,219,4
46160,2165,2706,220,2
46161,2165,2706,234,3
46162,2165,2706,235,5
46163,2165,2706,238,3
46164,2165,2706,239,4
46165,2165,2706,243,3.5
46166,2165,2706,247,5
46167,2165,2706,262,2
46168,2165,2706,268,4.5
46169,2165,2706,282,4.5
46170,2165,2706,283,1.5
46171,2165,2706,285,4
46172,2165,2706,292,3
46173,2165,2706,297,4
46174,2165,2706,303,2.5
46175,2165,2706,306,4
46176,2165,2706,313,2.5
46177,2165,2706,350,5
46178,2165,2706,355,3.5
46179,2165,2706,380,4
46180,2165,2706,384,4
46181,2165,2706,386,3
46182,2165,2706,388,4
46183,2165,2706,393,3.5
46184,2165,2706,402,3
46185,2165,2706,412,3
46186,2165,2706,418,4
46187,2165,2706,422,4
46188,2165,2706,423,3
46189,2165,2706,426,1
46190,2165,2706,430,4
46191,2165,2706,433,3.5
46192,2165,2706,442,4.5
46193,2165,2706,451,4
46194,2165,2706,452,2
46195,2165,2706,457,2.5
46196,2165,2706,458,4
46197,2165,2706,461,2.5
46198,2165,2706,462,4.5
46199,2165,2706,463,3
46200,2165,2706,468,1.5
46201,2165,2706,471,3.5
46202,2165,2706,472,3
46203,2165,2706,475,2
46204,2165,2706,476,2
46205,2165,2706,479,4
46206,2165,2706,480,0.5
46207,2165,2706,500,2
46208,2165,2706,509,2
46209,2165,2706,522,3
46210,2165,2706,529,1
46211,2165,2706,531,3.5
46212,2165,2706,534,4
46213,2165,2706,545,2
46214,2165,2706,557,4
46215,2165,2706,561,3
46216,2165,2706,562,4.5
46217,2165,2706,564,3
46218,2165,2706,571,3.5
46219,2165,2706,574,3
46220,2165,2706,580,3.5
46221,2165,2706,584,1.5
46222,2165,2706,594,3
46223,2165,2706,596,3.5
46224,2165,2706,598,3
46225,2165,2706,605,2
46226,2165,2706,607,4
46227,2165,2706,612,3
46228,2165,2706,623,3.5
46229,2165,2706,624,3.5
46230,2165,2706,626,4
46231,2165,2706,627,2.5
46232,2165,2706,644,4
46233,2165,2706,648,2
46234,2165,2706,654,4.5
46235,2165,2706,655,4.5
46236,2165,2706,664,4
46237,2165,2706,665,3
46238,2165,2706,669,4
46239,2164,2704,220,2
46240,2164,2704,363,4
46241,2164,2704,545,5
46242,2163,2702,3,3.5
46243,2163,2702,15,1.5
46244,2163,2702,23,4
46245,2163,2702,30,2
46246,2163,2702,95,3
46247,2163,2702,102,3
46248,2163,2702,123,2
46249,2163,2702,171,4
46250,2163,2702,189,3
46251,2163,2702,190,4
46252,2163,2702,306,3
46253,2163,2702,363,4
46254,2163,2702,380,2
46255,2163,2702,408,5
46256,2163,2702,412,2
46257,2163,2702,509,3.5
46258,2163,2702,545,2
46259,2163,2702,547,2
46260,2163,2702,564,2
46261,2163,2702,598,2
46262,2163,2702,669,3
46263,2162,2701,15,1
46264,2162,2701,22,2
46265,2162,2701,30,2
46266,2162,2701,51,2
46267,2162,2701,73,2
46268,2162,2701,95,3
46269,2162,2701,103,2
46270,2162,2701,105,1
46271,2162,2701,107,0.5
46272,2162,2701,119,1
46273,2162,2701,150,2
46274,2162,2701,176,1.5
46275,2162,2701,189,1
46276,2162,2701,195,1
46277,2162,2701,199,2.5
46278,2162,2701,212,2
46279,2162,2701,213,2
46280,2162,2701,243,1.5
46281,2162,2701,285,3
46282,2162,2701,294,3
46283,2162,2701,306,2
46284,2162,2701,363,1
46285,2162,2701,380,2
46286,2162,2701,384,3
46287,2162,2701,408,2
46288,2162,2701,418,1
46289,2162,2701,453,5
46290,2162,2701,458,3
46291,2162,2701,468,1.5
46292,2162,2701,472,3
46293,2162,2701,475,1
46294,2162,2701,476,1
46295,2162,2701,501,2
46296,2162,2701,505,1
46297,2162,2701,518,3
46298,2162,2701,531,2.5
46299,2162,2701,533,2
46300,2162,2701,561,3.5
46301,2162,2701,564,1
46302,2162,2701,575,2
46303,2162,2701,580,2.5
46304,2162,2701,598,1
46305,2162,2701,607,2.5
46306,2162,2701,608,3
46307,2162,2701,624,3
46308,2162,2701,626,3
46309,2162,2701,646,2
46310,2161,2700,15,3
46311,2161,2700,22,2
46312,2161,2700,43,2
46313,2161,2700,48,3.5
46314,2161,2700,53,1
46315,2161,2700,56,4
46316,2161,2700,73,3.5
46317,2161,2700,74,4
46318,2161,2700,77,4
46319,2161,2700,78,5
46320,2161,2700,83,4.5
46321,2161,2700,119,2
46322,2161,2700,131,2
46323,2161,2700,149,4
46324,2161,2700,165,4.5
46325,2161,2700,176,1
46326,2161,2700,180,2
46327,2161,2700,181,4
46328,2161,2700,185,5
46329,2161,2700,189,1
46330,2161,2700,195,2
46331,2161,2700,239,5
46332,2161,2700,240,4
46333,2161,2700,243,5
46334,2161,2700,247,4
46335,2161,2700,261,3
46336,2161,2700,262,2.5
46337,2161,2700,268,3.5
46338,2161,2700,292,1.5
46339,2161,2700,297,4.5
46340,2161,2700,304,4.5
46341,2161,2700,306,3
46342,2161,2700,312,4
46343,2161,2700,313,4
46344,2161,2700,328,1
46345,2161,2700,345,5
46346,2161,2700,355,4
46347,2161,2700,363,4
46348,2161,2700,370,4
46349,2161,2700,380,5
46350,2161,2700,408,2
46351,2161,2700,412,5
46352,2161,2700,423,3.5
46353,2161,2700,428,4.5
46354,2161,2700,430,3.5
46355,2161,2700,431,0.5
46356,2161,2700,432,4
46357,2161,2700,433,4
46358,2161,2700,439,4
46359,2161,2700,441,1
46360,2161,2700,442,4.5
46361,2161,2700,452,3
46362,2161,2700,457,3
46363,2161,2700,461,4.5
46364,2161,2700,466,3
46365,2161,2700,472,4
46366,2161,2700,476,4
46367,2161,2700,489,5
46368,2161,2700,509,3
46369,2161,2700,519,4.5
46370,2161,2700,528,3.5
46371,2161,2700,547,3
46372,2161,2700,561,3
46373,2161,2700,562,4.5
46374,2161,2700,564,5
46375,2161,2700,580,4
46376,2161,2700,595,1
46377,2161,2700,598,4
46378,2161,2700,607,4
46379,2161,2700,608,4
46380,2161,2700,624,4
46381,2161,2700,626,4
46382,2161,2700,648,4
46383,2161,2700,654,4.5
46384,2161,2700,664,4
46385,2160,2699,4,4
46386,2160,2699,15,3
46387,2160,2699,23,1.5
46388,2160,2699,45,2.5
46389,2160,2699,51,4
46390,2160,2699,53,4
46391,2160,2699,63,4
46392,2160,2699,73,3
46393,2160,2699,95,5
46394,2160,2699,101,3
46395,2160,2699,105,3
46396,2160,2699,120,3
46397,2160,2699,123,2
46398,2160,2699,130,3
46399,2160,2699,142,2
46400,2160,2699,155,3
46401,2160,2699,165,3
46402,2160,2699,167,3
46403,2160,2699,171,4
46404,2160,2699,174,3.5
46405,2160,2699,180,2
46406,2160,2699,189,4
46407,2160,2699,201,3
46408,2160,2699,209,3
46409,2160,2699,212,2
46410,2160,2699,213,3
46411,2160,2699,247,3
46412,2160,2699,268,3
46413,2160,2699,286,5
46414,2160,2699,287,4
46415,2160,2699,291,3
46416,2160,2699,295,3.5
46417,2160,2699,350,1
46418,2160,2699,353,3.5
46419,2160,2699,355,2
46420,2160,2699,358,1
46421,2160,2699,363,2
46422,2160,2699,367,4
46423,2160,2699,408,1
46424,2160,2699,439,3
46425,2160,2699,452,3
46426,2160,2699,457,1.5
46427,2160,2699,461,2.5
46428,2160,2699,462,3
46429,2160,2699,468,3
46430,2160,2699,491,3
46431,2160,2699,509,1
46432,2160,2699,518,3
46433,2160,2699,525,3
46434,2160,2699,547,1.5
46435,2160,2699,564,5
46436,2160,2699,580,3
46437,2160,2699,597,4
46438,2160,2699,598,3
46439,2160,2699,607,3.5
46440,2160,2699,617,3
46441,2160,2699,624,3
46442,2160,2699,626,3
46443,2160,2699,627,2.5
46444,2160,2699,644,2
46445,2160,2699,646,1
46446,2160,2699,654,3.5
46447,2159,2697,472,1
46448,2159,2697,493,3
46449,2159,2697,547,2
46450,2158,2696,220,2
46451,2158,2696,510,3
46452,2158,2696,520,4
46453,2158,2696,547,4
46454,2158,2696,564,5
46455,2157,2694,3,3
46456,2157,2694,5,4.5
46457,2157,2694,56,4
46458,2157,2694,73,3
46459,2157,2694,95,4
46460,2157,2694,150,3.5
46461,2157,2694,171,4
46462,2157,2694,212,3.5
46463,2157,2694,219,5
46464,2157,2694,247,4
46465,2157,2694,306,3
46466,2157,2694,325,2
46467,2157,2694,342,3
46468,2157,2694,380,3
46469,2157,2694,408,1
46470,2157,2694,457,2.5
46471,2157,2694,468,1
46472,2157,2694,500,4
46473,2157,2694,518,5
46474,2157,2694,564,2
46475,2157,2694,579,2
46476,2157,2694,580,3.5
46477,2157,2694,592,4
46478,2157,2694,598,4
46479,2157,2694,617,3
46480,2157,2694,624,4
46481,2157,2694,626,4
46482,2157,2694,654,3.5
46483,2157,2694,665,4
46484,2156,2693,451,3
46485,2156,2693,452,3
46486,2156,2693,460,4
46487,2156,2693,466,4
46488,2156,2693,472,4
46489,2156,2693,541,4
46490,2156,2693,564,5
46491,2156,2693,580,3.5
46492,2156,2693,598,4
46493,2156,2693,624,4
46494,2155,2692,6,4
46495,2155,2692,15,3
46496,2155,2692,17,4.5
46497,2155,2692,23,5
46498,2155,2692,26,4.5
46499,2155,2692,31,4.5
46500,2155,2692,45,4.5
46501,2155,2692,48,3
46502,2155,2692,59,4
46503,2155,2692,72,3.5
46504,2155,2692,73,4.5
46505,2155,2692,75,5
46506,2155,2692,88,4.5
46507,2155,2692,94,2.5
46508,2155,2692,96,3
46509,2155,2692,99,5
46510,2155,2692,102,4
46511,2155,2692,105,3.5
46512,2155,2692,111,5
46513,2155,2692,118,5
46514,2155,2692,131,3
46515,2155,2692,133,0.5
46516,2155,2692,134,4.5
46517,2155,2692,147,5
46518,2155,2692,153,5
46519,2155,2692,157,4
46520,2155,2692,165,3.5
46521,2155,2692,183,5
46522,2155,2692,185,5
46523,2155,2692,189,5
46524,2155,2692,190,5
46525,2155,2692,198,4
46526,2155,2692,212,4
46527,2155,2692,214,5
46528,2155,2692,219,5
46529,2155,2692,230,5
46530,2155,2692,245,3
46531,2155,2692,265,2
46532,2155,2692,268,3.5
46533,2155,2692,283,3.5
46534,2155,2692,303,4
46535,2155,2692,312,5
46536,2155,2692,339,4.5
46537,2155,2692,345,5
46538,2155,2692,355,4.5
46539,2155,2692,363,5
46540,2155,2692,367,3.5
46541,2155,2692,378,3
46542,2155,2692,386,4
46543,2155,2692,388,3
46544,2155,2692,408,5
46545,2155,2692,427,4
46546,2155,2692,430,4.5
46547,2155,2692,431,5
46548,2155,2692,450,5
46549,2155,2692,452,5
46550,2155,2692,456,4
46551,2155,2692,460,3.5
46552,2155,2692,468,3
46553,2155,2692,476,4
46554,2155,2692,481,5
46555,2155,2692,501,5
46556,2155,2692,509,5
46557,2155,2692,520,3.5
46558,2155,2692,531,4
46559,2155,2692,541,4
46560,2155,2692,544,4.5
46561,2155,2692,546,4.5
46562,2155,2692,547,4
46563,2155,2692,558,5
46564,2155,2692,561,4
46565,2155,2692,564,5
46566,2155,2692,577,5
46567,2155,2692,595,5
46568,2155,2692,596,4
46569,2155,2692,598,4
46570,2155,2692,623,4.5
46571,2155,2692,628,3.5
46572,2155,2692,647,5
46573,2155,2692,664,4
46574,2154,2691,294,3.5
46575,2154,2691,468,2
46576,2153,2690,20,5
46577,2153,2690,43,4
46578,2153,2690,53,4
46579,2153,2690,190,4
46580,2153,2690,193,4
46581,2153,2690,201,3
46582,2153,2690,220,5
46583,2153,2690,239,4
46584,2153,2690,294,5
46585,2153,2690,330,4
46586,2153,2690,358,4
46587,2153,2690,363,4
46588,2153,2690,427,4
46589,2153,2690,491,5
46590,2153,2690,547,4
46591,2153,2690,564,3
46592,2153,2690,575,5
46593,2153,2690,605,4
46594,2153,2690,652,5
46595,2153,2690,656,5
46596,2152,2689,33,1
46597,2152,2689,547,3.5
46598,2152,2689,564,4
46599,2151,2688,30,4
46600,2151,2688,43,3
46601,2151,2688,51,4
46602,2151,2688,119,3
46603,2151,2688,128,3
46604,2151,2688,131,2
46605,2151,2688,159,3.5
46606,2151,2688,171,2
46607,2151,2688,189,3
46608,2151,2688,203,4.5
46609,2151,2688,212,3
46610,2151,2688,213,2.5
46611,2151,2688,219,5
46612,2151,2688,232,4
46613,2151,2688,235,4
46614,2151,2688,242,4
46615,2151,2688,247,4
46616,2151,2688,253,1.5
46617,2151,2688,327,4
46618,2151,2688,350,3
46619,2151,2688,356,2.5
46620,2151,2688,380,3
46621,2151,2688,452,3
46622,2151,2688,533,3
46623,2151,2688,534,4
46624,2151,2688,547,1
46625,2151,2688,605,1
46626,2151,2688,626,4
46627,2151,2688,656,5
46628,2151,2688,665,4
46629,2151,2688,669,3
46630,2150,2687,30,5
46631,2150,2687,73,4
46632,2150,2687,99,3
46633,2150,2687,128,5
46634,2150,2687,200,1.5
46635,2150,2687,201,4
46636,2150,2687,212,4
46637,2150,2687,213,2
46638,2150,2687,289,4
46639,2150,2687,294,3
46640,2150,2687,313,4
46641,2150,2687,380,4
46642,2150,2687,381,3
46643,2150,2687,412,3
46644,2150,2687,418,5
46645,2150,2687,461,2
46646,2150,2687,466,5
46647,2150,2687,468,2.5
46648,2150,2687,472,4
46649,2150,2687,475,3
46650,2150,2687,518,5
46651,2150,2687,534,5
46652,2150,2687,560,4
46653,2150,2687,564,3
46654,2150,2687,580,2
46655,2150,2687,595,3
46656,2150,2687,653,4
46657,2150,2687,654,4.5
46658,2149,2686,15,3
46659,2149,2686,38,4
46660,2149,2686,117,3
46661,2149,2686,119,4
46662,2149,2686,147,3
46663,2149,2686,165,4.5
46664,2149,2686,171,4
46665,2149,2686,185,4
46666,2149,2686,189,3
46667,2149,2686,190,5
46668,2149,2686,220,4
46669,2149,2686,253,2
46670,2149,2686,306,4
46671,2149,2686,322,3
46672,2149,2686,341,3.5
46673,2149,2686,386,4
46674,2149,2686,472,3
46675,2149,2686,528,4.5
46676,2149,2686,587,4
46677,2149,2686,621,5
46678,2149,2686,656,5
46679,2149,2686,661,4.5
46680,2148,2683,4,4
46681,2148,2683,5,4
46682,2148,2683,14,2
46683,2148,2683,15,1
46684,2148,2683,17,3
46685,2148,2683,22,2.5
46686,2148,2683,43,2
46687,2148,2683,51,4
46688,2148,2683,58,1
46689,2148,2683,59,1.5
46690,2148,2683,73,3
46691,2148,2683,77,4
46692,2148,2683,78,3.5
46693,2148,2683,79,0.5
46694,2148,2683,89,5
46695,2148,2683,95,4
46696,2148,2683,102,4
46697,2148,2683,105,3
46698,2148,2683,109,2.5
46699,2148,2683,111,1.5
46700,2148,2683,115,4.5
46701,2148,2683,124,3
46702,2148,2683,125,4
46703,2148,2683,131,3
46704,2148,2683,134,5
46705,2148,2683,146,4
46706,2148,2683,150,3
46707,2148,2683,152,2
46708,2148,2683,157,3
46709,2148,2683,164,4
46710,2148,2683,165,2.5
46711,2148,2683,171,3
46712,2148,2683,176,1
46713,2148,2683,187,3.5
46714,2148,2683,189,5
46715,2148,2683,190,3
46716,2148,2683,193,5
46717,2148,2683,202,3
46718,2148,2683,212,2.5
46719,2148,2683,218,3
46720,2148,2683,228,1
46721,2148,2683,234,4
46722,2148,2683,239,3
46723,2148,2683,243,3.5
46724,2148,2683,247,5
46725,2148,2683,262,2.5
46726,2148,2683,268,4
46727,2148,2683,282,5
46728,2148,2683,285,2
46729,2148,2683,292,3.5
46730,2148,2683,294,3
46731,2148,2683,300,3.5
46732,2148,2683,304,3
46733,2148,2683,306,4
46734,2148,2683,312,2
46735,2148,2683,350,4
46736,2148,2683,353,2.5
46737,2148,2683,355,4
46738,2148,2683,358,5
46739,2148,2683,362,2.5
46740,2148,2683,380,5
46741,2148,2683,381,4
46742,2148,2683,386,3
46743,2148,2683,388,4
46744,2148,2683,393,2.5
46745,2148,2683,394,3.5
46746,2148,2683,408,1
46747,2148,2683,412,5
46748,2148,2683,417,0.5
46749,2148,2683,430,4.5
46750,2148,2683,432,4.5
46751,2148,2683,433,3.5
46752,2148,2683,442,4.5
46753,2148,2683,452,3
46754,2148,2683,458,2.5
46755,2148,2683,466,4
46756,2148,2683,468,2
46757,2148,2683,472,4
46758,2148,2683,476,3
46759,2148,2683,479,4
46760,2148,2683,480,4.5
46761,2148,2683,486,4
46762,2148,2683,500,3.5
46763,2148,2683,523,4
46764,2148,2683,531,3
46765,2148,2683,547,1
46766,2148,2683,557,3.5
46767,2148,2683,561,3.5
46768,2148,2683,562,4.5
46769,2148,2683,564,4
46770,2148,2683,571,3
46771,2148,2683,574,2.5
46772,2148,2683,580,3
46773,2148,2683,591,1.5
46774,2148,2683,596,3.5
46775,2148,2683,598,4
46776,2148,2683,605,2
46777,2148,2683,607,4
46778,2148,2683,612,4
46779,2148,2683,617,4
46780,2148,2683,623,2
46781,2148,2683,624,4.5
46782,2148,2683,626,3
46783,2148,2683,627,1.5
46784,2148,2683,644,2
46785,2148,2683,646,3
46786,2148,2683,654,4.5
46787,2148,2683,664,4
46788,2148,2683,665,4
46789,2148,2683,669,4
46790,2148,2683,670,5
46791,2148,2683,671,4
46792,2147,2682,452,4
46793,2147,2682,564,5
46794,2147,2682,587,3.5
46795,2147,2682,608,5
46796,2146,2681,380,3
46797,2145,2678,15,1
46798,2145,2678,547,3
46799,2145,2678,609,1
46800,2144,2677,17,4
46801,2144,2677,99,4
46802,2144,2677,220,4
46803,2144,2677,306,2
46804,2144,2677,422,5
46805,2144,2677,427,4
46806,2144,2677,509,3.5
46807,2144,2677,576,5
46808,2144,2677,587,4
46809,2144,2677,595,4
46810,2144,2677,596,4
46811,2144,2677,618,4
46812,2144,2677,648,2.5
46813,2143,2676,189,3
46814,2143,2676,608,1
46815,2143,2676,626,3
46816,2143,2676,656,4
46817,2142,2674,509,3
46818,2141,2673,81,4.5
46819,2141,2673,608,5
46820,2140,2672,17,3.5
46821,2140,2672,22,2
46822,2140,2672,95,3
46823,2140,2672,102,3
46824,2140,2672,106,3
46825,2140,2672,119,3
46826,2140,2672,123,2
46827,2140,2672,189,2
46828,2140,2672,242,4
46829,2140,2672,245,4
46830,2140,2672,294,3.5
46831,2140,2672,380,3
46832,2140,2672,472,3
46833,2140,2672,533,4
46834,2140,2672,564,1
46835,2140,2672,596,4
46836,2140,2672,652,4
46837,2140,2672,654,3.5
46838,2139,2671,15,4
46839,2139,2671,30,4
46840,2139,2671,43,4
46841,2139,2671,59,1.5
46842,2139,2671,73,3
46843,2139,2671,77,2.5
46844,2139,2671,88,4
46845,2139,2671,105,3
46846,2139,2671,111,3.5
46847,2139,2671,128,5
46848,2139,2671,176,2.5
46849,2139,2671,200,3
46850,2139,2671,212,3
46851,2139,2671,213,2
46852,2139,2671,219,4
46853,2139,2671,220,4
46854,2139,2671,232,4
46855,2139,2671,235,4.5
46856,2139,2671,239,5
46857,2139,2671,242,4
46858,2139,2671,253,1
46859,2139,2671,264,3
46860,2139,2671,282,4
46861,2139,2671,283,3
46862,2139,2671,292,4.5
46863,2139,2671,294,3
46864,2139,2671,311,5
46865,2139,2671,312,4
46866,2139,2671,313,4.5
46867,2139,2671,342,3
46868,2139,2671,358,5
46869,2139,2671,363,4
46870,2139,2671,372,5
46871,2139,2671,380,4
46872,2139,2671,381,2
46873,2139,2671,382,3
46874,2139,2671,384,4
46875,2139,2671,386,3
46876,2139,2671,408,1
46877,2139,2671,417,4
46878,2139,2671,452,4
46879,2139,2671,461,3.5
46880,2139,2671,462,2
46881,2139,2671,463,3
46882,2139,2671,468,2.5
46883,2139,2671,471,3.5
46884,2139,2671,472,3
46885,2139,2671,480,3.5
46886,2139,2671,500,3.5
46887,2139,2671,505,3
46888,2139,2671,510,2
46889,2139,2671,518,5
46890,2139,2671,529,1
46891,2139,2671,547,2
46892,2139,2671,562,4
46893,2139,2671,592,3
46894,2139,2671,596,3.5
46895,2139,2671,599,4
46896,2139,2671,627,3.5
46897,2139,2671,648,3.5
46898,2139,2671,651,3
46899,2139,2671,652,3.5
46900,2139,2671,654,3.5
46901,2139,2671,665,3
46902,2138,2670,51,5
46903,2138,2670,405,3.5
46904,2138,2670,452,3.5
46905,2138,2670,575,4
46906,2138,2670,656,5
46907,2138,2670,658,5
46908,2137,2669,49,3
46909,2137,2669,232,4
46910,2137,2669,248,3
46911,2136,2668,12,2
46912,2136,2668,118,3
46913,2136,2668,189,1
46914,2136,2668,346,3
46915,2136,2668,351,5
46916,2136,2668,439,3
46917,2136,2668,518,3
46918,2136,2668,533,2
46919,2136,2668,564,5
46920,2136,2668,597,3
46921,2135,2664,30,3
46922,2135,2664,102,5
46923,2135,2664,119,4
46924,2135,2664,134,4
46925,2135,2664,199,4.5
46926,2135,2664,294,3.5
46927,2135,2664,306,3
46928,2135,2664,363,4
46929,2135,2664,368,4
46930,2135,2664,423,4.5
46931,2135,2664,452,4
46932,2135,2664,463,4
46933,2135,2664,468,3.5
46934,2135,2664,482,5
46935,2135,2664,547,4
46936,2135,2664,558,5
46937,2135,2664,564,5
46938,2135,2664,579,0.5
46939,2135,2664,597,5
46940,2134,2662,28,4
46941,2134,2662,34,4
46942,2134,2662,49,4
46943,2134,2662,102,4
46944,2134,2662,165,2
46945,2134,2662,195,4
46946,2134,2662,232,4
46947,2134,2662,346,4
46948,2134,2662,353,2
46949,2134,2662,505,2.5
46950,2134,2662,509,3
46951,2134,2662,524,3.5
46952,2134,2662,529,1
46953,2134,2662,542,2.5
46954,2134,2662,558,4
46955,2134,2662,564,5
46956,2134,2662,580,4
46957,2134,2662,597,3
46958,2133,2661,597,4
46959,2133,2661,605,3
46960,2132,2660,119,5
46961,2132,2660,439,4
46962,2131,2659,4,3
46963,2131,2659,232,5
46964,2131,2659,564,4
46965,2130,2657,6,2
46966,2130,2657,15,2
46967,2130,2657,17,3
46968,2130,2657,22,2
46969,2130,2657,23,3
46970,2130,2657,34,4
46971,2130,2657,73,2
46972,2130,2657,78,2
46973,2130,2657,93,3
46974,2130,2657,95,4
46975,2130,2657,102,5
46976,2130,2657,111,4.5
46977,2130,2657,119,4
46978,2130,2657,128,5
46979,2130,2657,130,1
46980,2130,2657,185,5
46981,2130,2657,195,3
46982,2130,2657,209,2
46983,2130,2657,212,3
46984,2130,2657,220,2
46985,2130,2657,232,1
46986,2130,2657,237,3
46987,2130,2657,262,3.5
46988,2130,2657,271,4
46989,2130,2657,273,5
46990,2130,2657,285,4
46991,2130,2657,294,3
46992,2130,2657,303,4.5
46993,2130,2657,306,4
46994,2130,2657,331,4
46995,2130,2657,342,3
46996,2130,2657,345,1.5
46997,2130,2657,346,2
46998,2130,2657,358,1
46999,2130,2657,363,4
47000,2130,2657,373,3
47001,2130,2657,401,5
47002,2130,2657,405,3.5
47003,2130,2657,408,4
47004,2130,2657,433,4
47005,2130,2657,462,3
47006,2130,2657,463,3
47007,2130,2657,468,2.5
47008,2130,2657,472,5
47009,2130,2657,474,3
47010,2130,2657,500,1.5
47011,2130,2657,505,3.5
47012,2130,2657,509,2
47013,2130,2657,518,2
47014,2130,2657,529,2
47015,2130,2657,533,1
47016,2130,2657,541,3
47017,2130,2657,547,4
47018,2130,2657,561,4
47019,2130,2657,564,5
47020,2130,2657,580,3
47021,2130,2657,582,5
47022,2130,2657,585,3
47023,2130,2657,587,3
47024,2130,2657,591,3
47025,2130,2657,597,4
47026,2130,2657,624,4
47027,2130,2657,654,2
47028,2129,2656,525,3
47029,2129,2656,564,4
47030,2128,2655,564,3
47031,2127,2654,268,4
47032,2127,2654,482,5
47033,2127,2654,547,4
47034,2127,2654,564,4
47035,2126,2653,482,2
47036,2125,2652,258,4
47037,2125,2652,482,5
47038,2124,2651,482,5
47039,2124,2651,547,4
47040,2123,2650,482,5
47041,2122,2649,482,5
47042,2121,2648,15,3
47043,2121,2648,23,4.5
47044,2121,2648,34,4
47045,2121,2648,119,4
47046,2121,2648,268,4
47047,2121,2648,423,4
47048,2121,2648,439,3
47049,2121,2648,468,3.5
47050,2121,2648,472,4.5
47051,2121,2648,482,5
47052,2121,2648,547,5
47053,2121,2648,558,5
47054,2121,2648,564,5
47055,2121,2648,585,4
47056,2121,2648,647,4
47057,2120,2647,482,5
47058,2119,2644,23,3.5
47059,2119,2644,34,4
47060,2119,2644,102,4
47061,2119,2644,262,2.5
47062,2119,2644,294,4
47063,2119,2644,472,5
47064,2119,2644,482,5
47065,2119,2644,547,5
47066,2119,2644,564,4
47067,2118,2643,158,2
47068,2118,2643,232,3
47069,2118,2643,239,3
47070,2118,2643,247,2
47071,2118,2643,285,1
47072,2118,2643,294,3
47073,2118,2643,461,0.5
47074,2118,2643,518,2
47075,2118,2643,540,4
47076,2118,2643,564,1
47077,2118,2643,624,2
47078,2118,2643,654,3
47079,2117,2642,30,1
47080,2117,2642,41,3.5
47081,2117,2642,130,2.5
47082,2117,2642,197,1
47083,2117,2642,212,2
47084,2117,2642,232,3
47085,2117,2642,247,3
47086,2117,2642,285,2
47087,2117,2642,297,1
47088,2117,2642,306,3
47089,2117,2642,311,2
47090,2117,2642,363,1
47091,2117,2642,365,4.5
47092,2117,2642,366,2.5
47093,2117,2642,439,1
47094,2117,2642,461,1
47095,2117,2642,466,2
47096,2117,2642,509,2
47097,2117,2642,518,3
47098,2117,2642,529,3
47099,2117,2642,533,2
47100,2117,2642,564,2
47101,2117,2642,624,3
47102,2117,2642,654,3.5
47103,2116,2641,30,4
47104,2116,2641,38,4
47105,2116,2641,41,3.5
47106,2116,2641,77,3
47107,2116,2641,79,2.5
47108,2116,2641,95,3
47109,2116,2641,118,3
47110,2116,2641,195,2
47111,2116,2641,212,2.5
47112,2116,2641,232,5
47113,2116,2641,239,4
47114,2116,2641,244,3
47115,2116,2641,247,3
47116,2116,2641,248,2
47117,2116,2641,285,2
47118,2116,2641,306,3
47119,2116,2641,311,3.5
47120,2116,2641,345,2.5
47121,2116,2641,346,5
47122,2116,2641,363,4
47123,2116,2641,457,1.5
47124,2116,2641,461,3.5
47125,2116,2641,463,4
47126,2116,2641,466,5
47127,2116,2641,475,2.5
47128,2116,2641,505,3
47129,2116,2641,509,2
47130,2116,2641,518,3
47131,2116,2641,529,5
47132,2116,2641,533,2
47133,2116,2641,564,4
47134,2116,2641,575,4
47135,2116,2641,580,3
47136,2116,2641,618,2
47137,2116,2641,624,3
47138,2116,2641,634,2
47139,2116,2641,654,4.5
47140,2116,2641,664,3
47141,2115,2640,4,5
47142,2115,2640,15,4
47143,2115,2640,23,4.5
47144,2115,2640,30,4
47145,2115,2640,41,4
47146,2115,2640,59,1
47147,2115,2640,60,4
47148,2115,2640,63,4.5
47149,2115,2640,74,3
47150,2115,2640,77,3.5
47151,2115,2640,79,2.5
47152,2115,2640,88,2
47153,2115,2640,105,1.5
47154,2115,2640,109,4.5
47155,2115,2640,118,4
47156,2115,2640,120,3.5
47157,2115,2640,130,3
47158,2115,2640,134,4
47159,2115,2640,150,2.5
47160,2115,2640,167,3
47161,2115,2640,181,4
47162,2115,2640,195,2
47163,2115,2640,197,4
47164,2115,2640,212,3
47165,2115,2640,214,3
47166,2115,2640,221,3.5
47167,2115,2640,232,5
47168,2115,2640,235,3
47169,2115,2640,239,4
47170,2115,2640,247,4
47171,2115,2640,248,3
47172,2115,2640,253,4
47173,2115,2640,268,4
47174,2115,2640,285,3
47175,2115,2640,294,3
47176,2115,2640,295,3.5
47177,2115,2640,303,3
47178,2115,2640,306,4
47179,2115,2640,327,5
47180,2115,2640,328,3
47181,2115,2640,363,4
47182,2115,2640,370,4
47183,2115,2640,384,3.5
47184,2115,2640,388,4
47185,2115,2640,395,2
47186,2115,2640,401,3
47187,2115,2640,408,3
47188,2115,2640,430,2
47189,2115,2640,431,3
47190,2115,2640,433,3
47191,2115,2640,439,3
47192,2115,2640,452,3
47193,2115,2640,457,1.5
47194,2115,2640,460,3.5
47195,2115,2640,461,4
47196,2115,2640,463,4
47197,2115,2640,466,4
47198,2115,2640,475,3.5
47199,2115,2640,505,3
47200,2115,2640,509,3
47201,2115,2640,518,4
47202,2115,2640,523,4
47203,2115,2640,525,3
47204,2115,2640,529,3
47205,2115,2640,533,4
47206,2115,2640,547,2
47207,2115,2640,564,4
47208,2115,2640,575,4
47209,2115,2640,580,3
47210,2115,2640,607,4
47211,2115,2640,624,3
47212,2115,2640,627,4
47213,2115,2640,646,3
47214,2115,2640,654,4.5
47215,2115,2640,665,5
47216,2114,2639,30,4
47217,2114,2639,102,4
47218,2114,2639,119,4
47219,2114,2639,160,4
47220,2114,2639,306,4
47221,2114,2639,388,3
47222,2114,2639,452,2
47223,2114,2639,529,1
47224,2114,2639,547,4
47225,2114,2639,564,4
47226,2113,2638,482,3
47227,2112,2637,482,4
47228,2111,2636,482,5
47229,2110,2635,482,5
47230,2110,2635,547,3
47231,2109,2634,482,5
47232,2109,2634,547,3
47233,2109,2634,564,3
47234,2108,2633,482,4
47235,2108,2633,547,4
47236,2108,2633,564,3
47237,2107,2631,547,3
47238,2106,2630,190,4
47239,2106,2630,510,3
47240,2105,2629,190,3
47241,2105,2629,232,4
47242,2105,2629,427,4
47243,2105,2629,518,3
47244,2104,2628,4,5
47245,2104,2628,9,3
47246,2104,2628,14,3
47247,2104,2628,15,2.5
47248,2104,2628,23,2.5
47249,2104,2628,63,4.5
47250,2104,2628,72,3
47251,2104,2628,73,2.5
47252,2104,2628,74,4
47253,2104,2628,77,1.5
47254,2104,2628,78,5
47255,2104,2628,79,3
47256,2104,2628,88,0.5
47257,2104,2628,89,5
47258,2104,2628,94,1
47259,2104,2628,95,5
47260,2104,2628,102,4
47261,2104,2628,111,2.5
47262,2104,2628,118,3
47263,2104,2628,119,3
47264,2104,2628,125,0.5
47265,2104,2628,128,4
47266,2104,2628,130,3.5
47267,2104,2628,131,4
47268,2104,2628,134,4
47269,2104,2628,136,4
47270,2104,2628,137,4
47271,2104,2628,141,2
47272,2104,2628,146,3
47273,2104,2628,148,2.5
47274,2104,2628,150,3.5
47275,2104,2628,152,4
47276,2104,2628,155,4
47277,2104,2628,157,2.5
47278,2104,2628,165,2.5
47279,2104,2628,175,3
47280,2104,2628,176,4
47281,2104,2628,185,3
47282,2104,2628,187,2.5
47283,2104,2628,195,3
47284,2104,2628,196,4
47285,2104,2628,197,5
47286,2104,2628,199,3.5
47287,2104,2628,202,3
47288,2104,2628,212,3.5
47289,2104,2628,213,3
47290,2104,2628,217,4.5
47291,2104,2628,220,3
47292,2104,2628,232,4
47293,2104,2628,234,5
47294,2104,2628,236,2
47295,2104,2628,242,5
47296,2104,2628,243,5
47297,2104,2628,247,4
47298,2104,2628,260,5
47299,2104,2628,268,2
47300,2104,2628,271,2.5
47301,2104,2628,282,3.5
47302,2104,2628,285,5
47303,2104,2628,286,4
47304,2104,2628,287,4
47305,2104,2628,292,3.5
47306,2104,2628,294,2.5
47307,2104,2628,295,3.5
47308,2104,2628,300,5
47309,2104,2628,304,2
47310,2104,2628,306,3
47311,2104,2628,311,2.5
47312,2104,2628,312,1
47313,2104,2628,327,4
47314,2104,2628,328,1
47315,2104,2628,345,3.5
47316,2104,2628,346,1
47317,2104,2628,350,3
47318,2104,2628,353,2
47319,2104,2628,355,4
47320,2104,2628,358,3
47321,2104,2628,363,3
47322,2104,2628,368,4
47323,2104,2628,370,2.5
47324,2104,2628,373,1
47325,2104,2628,380,3
47326,2104,2628,382,3
47327,2104,2628,384,4
47328,2104,2628,388,2
47329,2104,2628,394,4
47330,2104,2628,395,5
47331,2104,2628,401,3
47332,2104,2628,404,4
47333,2104,2628,405,2.5
47334,2104,2628,407,4
47335,2104,2628,408,5
47336,2104,2628,417,2.5
47337,2104,2628,428,1.5
47338,2104,2628,430,3
47339,2104,2628,439,4
47340,2104,2628,442,4
47341,2104,2628,453,3
47342,2104,2628,458,4
47343,2104,2628,461,1.5
47344,2104,2628,463,1
47345,2104,2628,466,3
47346,2104,2628,468,2
47347,2104,2628,471,3
47348,2104,2628,472,4
47349,2104,2628,475,1
47350,2104,2628,481,3
47351,2104,2628,483,0.5
47352,2104,2628,486,2.5
47353,2104,2628,509,3
47354,2104,2628,518,5
47355,2104,2628,523,3.5
47356,2104,2628,525,4
47357,2104,2628,527,1
47358,2104,2628,532,4
47359,2104,2628,533,4
47360,2104,2628,541,2
47361,2104,2628,550,2
47362,2104,2628,561,3.5
47363,2104,2628,562,5
47364,2104,2628,564,2
47365,2104,2628,574,3
47366,2104,2628,577,4
47367,2104,2628,580,2
47368,2104,2628,582,2
47369,2104,2628,592,5
47370,2104,2628,594,4
47371,2104,2628,596,4
47372,2104,2628,598,4
47373,2104,2628,607,3.5
47374,2104,2628,608,2
47375,2104,2628,624,2
47376,2104,2628,644,3
47377,2104,2628,654,3.5
47378,2104,2628,656,5
47379,2104,2628,664,3
47380,2104,2628,665,3
47381,2104,2628,670,4
47382,2103,2627,472,5
47383,2102,2626,363,5
47384,2102,2626,407,4
47385,2102,2626,564,4
47386,2102,2626,652,5
47387,2101,2625,346,4
47388,2100,2624,15,3
47389,2100,2624,220,3
47390,2100,2624,408,5
47391,2099,2622,43,2
47392,2099,2622,119,3
47393,2099,2622,185,3
47394,2099,2622,190,4
47395,2099,2622,232,5
47396,2099,2622,294,4.5
47397,2099,2622,330,4
47398,2099,2622,363,3
47399,2099,2622,377,2.5
47400,2099,2622,386,3
47401,2099,2622,412,3
47402,2099,2622,444,3
47403,2099,2622,463,4
47404,2099,2622,472,1
47405,2099,2622,515,2
47406,2099,2622,518,5
47407,2099,2622,531,3
47408,2099,2622,564,4
47409,2099,2622,598,2
47410,2099,2622,656,5
47411,2099,2622,665,2
47412,2098,2621,405,4
47413,2098,2621,452,3.5
47414,2098,2621,472,3
47415,2098,2621,547,3
47416,2097,2620,128,4
47417,2097,2620,408,5
47418,2097,2620,509,4
47419,2096,2618,306,3
47420,2096,2618,353,3
47421,2096,2618,441,4.5
47422,2095,2617,15,1
47423,2095,2617,22,2.5
47424,2095,2617,23,3.5
47425,2095,2617,30,3
47426,2095,2617,33,2
47427,2095,2617,48,3.5
47428,2095,2617,56,4
47429,2095,2617,59,4
47430,2095,2617,73,3.5
47431,2095,2617,78,5
47432,2095,2617,88,2.5
47433,2095,2617,95,4
47434,2095,2617,98,5
47435,2095,2617,105,3.5
47436,2095,2617,119,2
47437,2095,2617,128,4
47438,2095,2617,134,3.5
47439,2095,2617,150,4
47440,2095,2617,165,3.5
47441,2095,2617,176,1.5
47442,2095,2617,195,3
47443,2095,2617,212,3
47444,2095,2617,213,4
47445,2095,2617,216,3.5
47446,2095,2617,220,1
47447,2095,2617,232,4
47448,2095,2617,239,4
47449,2095,2617,243,2.5
47450,2095,2617,246,3
47451,2095,2617,247,3
47452,2095,2617,253,4.5
47453,2095,2617,262,2
47454,2095,2617,263,3
47455,2095,2617,268,3.5
47456,2095,2617,274,2.5
47457,2095,2617,282,3
47458,2095,2617,285,3
47459,2095,2617,291,4
47460,2095,2617,294,4.5
47461,2095,2617,300,4
47462,2095,2617,306,4
47463,2095,2617,311,2.5
47464,2095,2617,313,4
47465,2095,2617,370,4
47466,2095,2617,373,3
47467,2095,2617,405,1.5
47468,2095,2617,412,2
47469,2095,2617,418,4
47470,2095,2617,431,3
47471,2095,2617,453,4
47472,2095,2617,463,2
47473,2095,2617,466,4
47474,2095,2617,468,2.5
47475,2095,2617,475,3.5
47476,2095,2617,480,4
47477,2095,2617,482,4
47478,2095,2617,518,4
47479,2095,2617,523,3.5
47480,2095,2617,532,3.5
47481,2095,2617,546,5
47482,2095,2617,547,2
47483,2095,2617,561,3
47484,2095,2617,562,3.5
47485,2095,2617,564,4
47486,2095,2617,570,1.5
47487,2095,2617,574,3
47488,2095,2617,575,2
47489,2095,2617,577,4
47490,2095,2617,580,1.5
47491,2095,2617,592,3
47492,2095,2617,607,4
47493,2095,2617,608,3
47494,2095,2617,624,2
47495,2095,2617,645,4
47496,2095,2617,646,4
47497,2095,2617,654,4
47498,2095,2617,655,5
47499,2095,2617,664,3.5
47500,2095,2617,665,4
47501,2094,2616,4,1
47502,2094,2616,22,2.5
47503,2094,2616,30,3
47504,2094,2616,102,3
47505,2094,2616,105,2.5
47506,2094,2616,111,3
47507,2094,2616,119,3
47508,2094,2616,195,3
47509,2094,2616,232,3
47510,2094,2616,234,4.5
47511,2094,2616,242,5
47512,2094,2616,247,3
47513,2094,2616,285,1
47514,2094,2616,294,3
47515,2094,2616,306,2
47516,2094,2616,358,3
47517,2094,2616,360,2
47518,2094,2616,380,2
47519,2094,2616,457,2
47520,2094,2616,461,3.5
47521,2094,2616,468,2.5
47522,2094,2616,518,1
47523,2094,2616,547,0.5
47524,2094,2616,550,3
47525,2094,2616,564,4
47526,2094,2616,575,3
47527,2094,2616,624,2
47528,2093,2615,232,3
47529,2093,2615,285,3
47530,2093,2615,518,4
47531,2092,2613,118,3
47532,2092,2613,380,3
47533,2092,2613,518,4
47534,2092,2613,564,5
47535,2092,2613,597,3
47536,2091,2612,222,3
47537,2091,2612,306,4
47538,2091,2612,427,5
47539,2091,2612,452,3
47540,2091,2612,468,3
47541,2091,2612,547,5
47542,2091,2612,564,5
47543,2091,2612,575,2
47544,2091,2612,587,4
47545,2090,2611,30,5
47546,2090,2611,427,4
47547,2090,2611,452,3
47548,2090,2611,564,3
47549,2089,2610,388,4
47550,2089,2610,472,3
47551,2089,2610,509,3
47552,2089,2610,547,4
47553,2088,2609,472,3
47554,2088,2609,580,4
47555,2087,2607,190,4
47556,2087,2607,358,3
47557,2087,2607,363,3
47558,2087,2607,427,4
47559,2087,2607,564,3
47560,2087,2607,652,5
47561,2086,2606,17,3
47562,2086,2606,73,3.5
47563,2086,2606,408,1
47564,2086,2606,472,3
47565,2086,2606,564,5
47566,2086,2606,626,2
47567,2086,2606,644,3
47568,2085,2605,15,1
47569,2085,2605,22,2
47570,2085,2605,30,4
47571,2085,2605,46,5
47572,2085,2605,51,5
47573,2085,2605,66,4
47574,2085,2605,73,2
47575,2085,2605,103,3
47576,2085,2605,107,3
47577,2085,2605,111,2.5
47578,2085,2605,128,4
47579,2085,2605,150,2.5
47580,2085,2605,186,2
47581,2085,2605,189,2
47582,2085,2605,200,4
47583,2085,2605,212,3
47584,2085,2605,213,3
47585,2085,2605,232,4
47586,2085,2605,235,3.5
47587,2085,2605,242,4
47588,2085,2605,290,4.5
47589,2085,2605,294,4.5
47590,2085,2605,311,3
47591,2085,2605,313,3.5
47592,2085,2605,321,1
47593,2085,2605,350,4
47594,2085,2605,358,2
47595,2085,2605,380,3
47596,2085,2605,384,2.5
47597,2085,2605,412,4
47598,2085,2605,452,2
47599,2085,2605,468,2
47600,2085,2605,472,2
47601,2085,2605,561,3
47602,2085,2605,598,3
47603,2085,2605,601,3
47604,2085,2605,607,2.5
47605,2085,2605,626,4
47606,2085,2605,637,4
47607,2085,2605,646,5
47608,2085,2605,664,3
47609,2084,2600,15,3
47610,2084,2600,17,5
47611,2084,2600,23,4
47612,2084,2600,41,3.5
47613,2084,2600,75,3
47614,2084,2600,77,4
47615,2084,2600,95,5
47616,2084,2600,119,3
47617,2084,2600,190,3
47618,2084,2600,220,2
47619,2084,2600,299,4
47620,2084,2600,327,2
47621,2084,2600,346,2
47622,2084,2600,386,3
47623,2084,2600,452,2
47624,2084,2600,471,1
47625,2084,2600,476,3
47626,2084,2600,509,3
47627,2084,2600,547,2
47628,2084,2600,564,5
47629,2084,2600,580,1.5
47630,2084,2600,608,4
47631,2084,2600,626,2
47632,2084,2600,652,5
47633,2083,2599,15,3
47634,2083,2599,23,3.5
47635,2083,2599,30,5
47636,2083,2599,33,4
47637,2083,2599,34,4
47638,2083,2599,56,5
47639,2083,2599,73,4.5
47640,2083,2599,77,2.5
47641,2083,2599,83,4
47642,2083,2599,88,4
47643,2083,2599,93,4
47644,2083,2599,95,4
47645,2083,2599,98,3.5
47646,2083,2599,99,5
47647,2083,2599,102,4
47648,2083,2599,111,4.5
47649,2083,2599,134,5
47650,2083,2599,143,3
47651,2083,2599,148,5
47652,2083,2599,171,5
47653,2083,2599,185,3
47654,2083,2599,187,4.5
47655,2083,2599,190,4
47656,2083,2599,195,3
47657,2083,2599,198,5
47658,2083,2599,201,4
47659,2083,2599,212,3
47660,2083,2599,217,2.5
47661,2083,2599,239,4
47662,2083,2599,240,4.5
47663,2083,2599,242,4
47664,2083,2599,247,3
47665,2083,2599,259,4
47666,2083,2599,268,3
47667,2083,2599,275,4.5
47668,2083,2599,292,3
47669,2083,2599,294,3.5
47670,2083,2599,306,4
47671,2083,2599,312,4
47672,2083,2599,328,4
47673,2083,2599,350,4
47674,2083,2599,363,5
47675,2083,2599,373,5
47676,2083,2599,380,3
47677,2083,2599,388,5
47678,2083,2599,407,3
47679,2083,2599,424,4.5
47680,2083,2599,427,5
47681,2083,2599,430,4
47682,2083,2599,431,4
47683,2083,2599,439,3
47684,2083,2599,452,4
47685,2083,2599,457,3.5
47686,2083,2599,460,4.5
47687,2083,2599,461,3.5
47688,2083,2599,463,4
47689,2083,2599,466,4
47690,2083,2599,467,4
47691,2083,2599,472,5
47692,2083,2599,491,5
47693,2083,2599,497,5
47694,2083,2599,500,3
47695,2083,2599,509,3
47696,2083,2599,529,4
47697,2083,2599,541,3
47698,2083,2599,547,3.5
47699,2083,2599,558,5
47700,2083,2599,562,4
47701,2083,2599,564,4
47702,2083,2599,580,4
47703,2083,2599,585,5
47704,2083,2599,594,5
47705,2083,2599,595,5
47706,2083,2599,598,4
47707,2083,2599,605,4
47708,2083,2599,608,4
47709,2083,2599,626,5
47710,2083,2599,644,5
47711,2083,2599,669,4
47712,2082,2598,15,1.5
47713,2082,2598,30,4
47714,2082,2598,111,4
47715,2082,2598,171,3
47716,2082,2598,189,3
47717,2082,2598,190,3
47718,2082,2598,232,4
47719,2082,2598,242,5
47720,2082,2598,285,2
47721,2082,2598,306,1
47722,2082,2598,350,3
47723,2082,2598,373,3
47724,2082,2598,380,3
47725,2082,2598,412,1
47726,2082,2598,451,1
47727,2082,2598,452,3
47728,2082,2598,509,4
47729,2082,2598,528,3
47730,2082,2598,547,3
47731,2082,2598,624,3
47732,2081,2597,239,2
47733,2081,2597,380,2
47734,2081,2597,564,2
47735,2080,2596,11,4.5
47736,2080,2596,73,4
47737,2080,2596,273,5
47738,2080,2596,285,4
47739,2080,2596,462,1
47740,2080,2596,524,4.5
47741,2080,2596,564,4
47742,2080,2596,580,3
47743,2080,2596,596,4
47744,2080,2596,648,4
47745,2079,2594,15,4
47746,2079,2594,17,5
47747,2079,2594,111,1.5
47748,2079,2594,350,4
47749,2079,2594,452,4
47750,2079,2594,509,4
47751,2079,2594,564,5
47752,2079,2594,648,3.5
47753,2079,2594,664,4.5
47754,2078,2590,119,3
47755,2078,2590,467,3
47756,2078,2590,472,4
47757,2078,2590,547,4
47758,2077,2589,373,4
47759,2077,2589,509,2
47760,2076,2587,119,2
47761,2076,2587,189,1
47762,2076,2587,239,3
47763,2076,2587,380,3
47764,2076,2587,624,4
47765,2075,2586,564,4
47766,2074,2585,15,1
47767,2074,2585,190,4
47768,2074,2585,283,4
47769,2074,2585,608,5
47770,2073,2583,28,5
47771,2073,2583,265,4
47772,2073,2583,363,4
47773,2073,2583,373,4
47774,2073,2583,427,2
47775,2073,2583,452,3
47776,2073,2583,509,3
47777,2073,2583,547,1
47778,2073,2583,564,4
47779,2072,2582,73,3
47780,2072,2582,239,3
47781,2072,2582,294,3.5
47782,2072,2582,580,3
47783,2071,2581,15,1
47784,2071,2581,95,4
47785,2071,2581,128,3
47786,2071,2581,180,4
47787,2071,2581,187,4
47788,2071,2581,189,2
47789,2071,2581,212,2.5
47790,2071,2581,213,2.5
47791,2071,2581,219,3
47792,2071,2581,239,4
47793,2071,2581,262,1
47794,2071,2581,275,5
47795,2071,2581,294,4
47796,2071,2581,306,3
47797,2071,2581,311,3.5
47798,2071,2581,356,3.5
47799,2071,2581,358,3
47800,2071,2581,363,3
47801,2071,2581,368,3
47802,2071,2581,381,3
47803,2071,2581,382,3
47804,2071,2581,412,3
47805,2071,2581,461,2
47806,2071,2581,465,3
47807,2071,2581,468,2.5
47808,2071,2581,509,1
47809,2071,2581,518,5
47810,2071,2581,534,3
47811,2071,2581,598,3
47812,2071,2581,599,5
47813,2071,2581,626,4
47814,2071,2581,644,3
47815,2071,2581,646,1
47816,2071,2581,654,4
47817,2071,2581,665,2
47818,2070,2580,15,3
47819,2070,2580,23,3.5
47820,2070,2580,73,4.5
47821,2070,2580,95,4
47822,2070,2580,105,4
47823,2070,2580,134,4
47824,2070,2580,150,3
47825,2070,2580,165,4
47826,2070,2580,187,4
47827,2070,2580,189,5
47828,2070,2580,190,5
47829,2070,2580,235,5
47830,2070,2580,240,4.5
47831,2070,2580,275,5
47832,2070,2580,285,4
47833,2070,2580,292,3
47834,2070,2580,298,5
47835,2070,2580,306,3
47836,2070,2580,312,4
47837,2070,2580,345,4.5
47838,2070,2580,363,4
47839,2070,2580,373,4
47840,2070,2580,380,4
47841,2070,2580,386,3
47842,2070,2580,388,5
47843,2070,2580,408,4
47844,2070,2580,412,4
47845,2070,2580,427,5
47846,2070,2580,452,4
47847,2070,2580,460,4
47848,2070,2580,461,3.5
47849,2070,2580,467,4
47850,2070,2580,468,2.5
47851,2070,2580,472,4
47852,2070,2580,476,2
47853,2070,2580,491,4
47854,2070,2580,509,3
47855,2070,2580,518,3
47856,2070,2580,528,3.5
47857,2070,2580,529,4
47858,2070,2580,547,4.5
47859,2070,2580,550,4
47860,2070,2580,564,4
47861,2070,2580,580,1
47862,2070,2580,608,4
47863,2070,2580,624,3
47864,2070,2580,626,5
47865,2070,2580,637,3.5
47866,2070,2580,644,4
47867,2070,2580,647,4
47868,2069,2579,15,2.5
47869,2069,2579,17,5
47870,2069,2579,199,3.5
47871,2069,2579,388,3
47872,2068,2577,30,3
47873,2068,2577,509,3
47874,2068,2577,564,3
47875,2067,2575,15,3
47876,2067,2575,23,3
47877,2067,2575,190,5
47878,2067,2575,236,2.5
47879,2067,2575,363,4
47880,2067,2575,407,4
47881,2067,2575,427,3
47882,2067,2575,467,5
47883,2067,2575,608,4
47884,2066,2574,15,1
47885,2066,2574,30,3
47886,2066,2574,119,1
47887,2066,2574,189,1
47888,2066,2574,306,3
47889,2066,2574,380,0.5
47890,2066,2574,388,2
47891,2066,2574,518,3
47892,2066,2574,564,4
47893,2066,2574,626,3
47894,2066,2574,646,4
47895,2065,2573,436,5
47896,2064,2572,13,3.5
47897,2064,2572,15,5
47898,2064,2572,45,2.5
47899,2064,2572,56,2
47900,2064,2572,61,4
47901,2064,2572,73,3.5
47902,2064,2572,74,4
47903,2064,2572,95,5
47904,2064,2572,98,5
47905,2064,2572,111,4.5
47906,2064,2572,125,4.5
47907,2064,2572,128,5
47908,2064,2572,134,3
47909,2064,2572,149,4
47910,2064,2572,150,2.5
47911,2064,2572,169,4
47912,2064,2572,187,4
47913,2064,2572,207,0.5
47914,2064,2572,212,4
47915,2064,2572,213,1
47916,2064,2572,238,4
47917,2064,2572,239,4
47918,2064,2572,255,3
47919,2064,2572,268,3.5
47920,2064,2572,289,5
47921,2064,2572,293,4.5
47922,2064,2572,294,3
47923,2064,2572,295,4
47924,2064,2572,327,4
47925,2064,2572,353,2
47926,2064,2572,380,3.5
47927,2064,2572,382,3
47928,2064,2572,412,2
47929,2064,2572,418,5
47930,2064,2572,427,3
47931,2064,2572,452,2
47932,2064,2572,468,2
47933,2064,2572,472,2
47934,2064,2572,481,3.5
47935,2064,2572,486,3.5
47936,2064,2572,500,4.5
47937,2064,2572,518,4
47938,2064,2572,532,3
47939,2064,2572,547,2
47940,2064,2572,557,4
47941,2064,2572,571,3.5
47942,2064,2572,580,2
47943,2064,2572,582,4.5
47944,2064,2572,596,3
47945,2064,2572,597,3
47946,2064,2572,598,3
47947,2064,2572,599,5
47948,2064,2572,605,3
47949,2064,2572,617,5
47950,2064,2572,626,3
47951,2064,2572,638,4.5
47952,2064,2572,665,3
47953,2063,2571,6,1
47954,2063,2571,8,5
47955,2063,2571,9,5
47956,2063,2571,10,5
47957,2063,2571,13,3
47958,2063,2571,15,5
47959,2063,2571,17,5
47960,2063,2571,20,4.5
47961,2063,2571,22,4.5
47962,2063,2571,23,4
47963,2063,2571,26,5
47964,2063,2571,28,5
47965,2063,2571,29,5
47966,2063,2571,30,3
47967,2063,2571,31,4.5
47968,2063,2571,34,5
47969,2063,2571,38,4
47970,2063,2571,41,5
47971,2063,2571,42,3.5
47972,2063,2571,48,4.5
47973,2063,2571,54,3.5
47974,2063,2571,61,4
47975,2063,2571,63,4.5
47976,2063,2571,66,3
47977,2063,2571,72,3.5
47978,2063,2571,73,4.5
47979,2063,2571,74,5
47980,2063,2571,75,5
47981,2063,2571,77,4
47982,2063,2571,78,5
47983,2063,2571,79,3
47984,2063,2571,83,1
47985,2063,2571,84,5
47986,2063,2571,88,4
47987,2063,2571,89,5
47988,2063,2571,91,5
47989,2063,2571,94,4.5
47990,2063,2571,97,2.5
47991,2063,2571,101,4.5
47992,2063,2571,103,4
47993,2063,2571,104,3.5
47994,2063,2571,105,3
47995,2063,2571,111,5
47996,2063,2571,116,4
47997,2063,2571,118,3
47998,2063,2571,119,4
47999,2063,2571,120,4.5
48000,2063,2571,124,5
48001,2063,2571,125,4
48002,2063,2571,130,4.5
48003,2063,2571,132,3.5
48004,2063,2571,134,4
48005,2063,2571,137,4
48006,2063,2571,138,3.5
48007,2063,2571,139,4.5
48008,2063,2571,141,4
48009,2063,2571,148,4.5
48010,2063,2571,149,3.5
48011,2063,2571,150,5
48012,2063,2571,152,5
48013,2063,2571,153,4
48014,2063,2571,155,5
48015,2063,2571,157,4.5
48016,2063,2571,159,4
48017,2063,2571,163,2
48018,2063,2571,165,5
48019,2063,2571,167,2
48020,2063,2571,169,5
48021,2063,2571,175,5
48022,2063,2571,176,4.5
48023,2063,2571,178,3
48024,2063,2571,185,5
48025,2063,2571,186,5
48026,2063,2571,187,1
48027,2063,2571,189,5
48028,2063,2571,197,5
48029,2063,2571,199,5
48030,2063,2571,200,5
48031,2063,2571,205,2.5
48032,2063,2571,212,5
48033,2063,2571,213,4
48034,2063,2571,214,4
48035,2063,2571,216,4.5
48036,2063,2571,220,5
48037,2063,2571,228,5
48038,2063,2571,230,3.5
48039,2063,2571,234,5
48040,2063,2571,236,2.5
48041,2063,2571,242,5
48042,2063,2571,243,3.5
48043,2063,2571,244,2.5
48044,2063,2571,245,5
48045,2063,2571,247,4
48046,2063,2571,248,5
48047,2063,2571,250,5
48048,2063,2571,251,5
48049,2063,2571,260,5
48050,2063,2571,268,4.5
48051,2063,2571,270,5
48052,2063,2571,271,5
48053,2063,2571,273,5
48054,2063,2571,275,5
48055,2063,2571,277,5
48056,2063,2571,281,3
48057,2063,2571,283,2.5
48058,2063,2571,285,5
48059,2063,2571,287,5
48060,2063,2571,291,5
48061,2063,2571,292,4
48062,2063,2571,294,4.5
48063,2063,2571,295,5
48064,2063,2571,297,2
48065,2063,2571,298,5
48066,2063,2571,303,4.5
48067,2063,2571,304,3.5
48068,2063,2571,311,4
48069,2063,2571,312,4
48070,2063,2571,313,4
48071,2063,2571,314,4.5
48072,2063,2571,316,3.5
48073,2063,2571,320,4.5
48074,2063,2571,324,4
48075,2063,2571,333,5
48076,2063,2571,334,4
48077,2063,2571,339,5
48078,2063,2571,340,3.5
48079,2063,2571,345,4.5
48080,2063,2571,346,5
48081,2063,2571,347,3
48082,2063,2571,350,4
48083,2063,2571,353,3.5
48084,2063,2571,355,5
48085,2063,2571,358,5
48086,2063,2571,360,4
48087,2063,2571,362,4.5
48088,2063,2571,363,3
48089,2063,2571,367,5
48090,2063,2571,370,4.5
48091,2063,2571,371,5
48092,2063,2571,379,4
48093,2063,2571,380,5
48094,2063,2571,382,3
48095,2063,2571,384,4
48096,2063,2571,388,5
48097,2063,2571,394,5
48098,2063,2571,395,3
48099,2063,2571,401,5
48100,2063,2571,402,4.5
48101,2063,2571,407,5
48102,2063,2571,408,5
48103,2063,2571,410,5
48104,2063,2571,412,4
48105,2063,2571,417,4.5
48106,2063,2571,418,4
48107,2063,2571,422,3
48108,2063,2571,423,2
48109,2063,2571,426,4.5
48110,2063,2571,429,2.5
48111,2063,2571,430,4
48112,2063,2571,431,4.5
48113,2063,2571,432,5
48114,2063,2571,433,4
48115,2063,2571,441,4
48116,2063,2571,442,4.5
48117,2063,2571,443,4.5
48118,2063,2571,448,5
48119,2063,2571,450,5
48120,2063,2571,452,2
48121,2063,2571,453,5
48122,2063,2571,454,4
48123,2063,2571,456,5
48124,2063,2571,457,3
48125,2063,2571,458,4.5
48126,2063,2571,460,4
48127,2063,2571,461,4.5
48128,2063,2571,463,5
48129,2063,2571,466,2
48130,2063,2571,468,3
48131,2063,2571,471,3
48132,2063,2571,472,5
48133,2063,2571,473,5
48134,2063,2571,475,5
48135,2063,2571,478,3.5
48136,2063,2571,479,4
48137,2063,2571,480,5
48138,2063,2571,481,4
48139,2063,2571,483,3.5
48140,2063,2571,486,4
48141,2063,2571,494,4
48142,2063,2571,500,1
48143,2063,2571,501,4
48144,2063,2571,503,4
48145,2063,2571,505,3
48146,2063,2571,509,4.5
48147,2063,2571,520,5
48148,2063,2571,521,5
48149,2063,2571,522,4
48150,2063,2571,523,4.5
48151,2063,2571,525,5
48152,2063,2571,527,4
48153,2063,2571,528,3.5
48154,2063,2571,531,3.5
48155,2063,2571,532,4.5
48156,2063,2571,533,5
48157,2063,2571,534,4
48158,2063,2571,544,4
48159,2063,2571,546,5
48160,2063,2571,547,3.5
48161,2063,2571,550,5
48162,2063,2571,553,3.5
48163,2063,2571,560,3.5
48164,2063,2571,561,4.5
48165,2063,2571,562,5
48166,2063,2571,563,4.5
48167,2063,2571,564,3
48168,2063,2571,565,5
48169,2063,2571,570,3
48170,2063,2571,572,4
48171,2063,2571,574,3.5
48172,2063,2571,576,4
48173,2063,2571,577,4.5
48174,2063,2571,579,3
48175,2063,2571,580,4.5
48176,2063,2571,582,3.5
48177,2063,2571,584,5
48178,2063,2571,586,5
48179,2063,2571,587,3.5
48180,2063,2571,592,5
48181,2063,2571,594,3
48182,2063,2571,595,4
48183,2063,2571,596,4.5
48184,2063,2571,597,5
48185,2063,2571,598,4
48186,2063,2571,606,5
48187,2063,2571,607,4.5
48188,2063,2571,608,5
48189,2063,2571,611,4.5
48190,2063,2571,612,4
48191,2063,2571,613,4
48192,2063,2571,615,4.5
48193,2063,2571,621,5
48194,2063,2571,622,5
48195,2063,2571,623,4.5
48196,2063,2571,624,2
48197,2063,2571,627,5
48198,2063,2571,630,3
48199,2063,2571,632,4.5
48200,2063,2571,643,4.5
48201,2063,2571,646,5
48202,2063,2571,647,4
48203,2063,2571,648,1.5
48204,2063,2571,654,5
48205,2063,2571,655,5
48206,2063,2571,660,4
48207,2063,2571,663,4
48208,2063,2571,664,4.5
48209,2063,2571,665,5
48210,2063,2571,670,4
48211,2063,2571,671,4.5
48212,2062,2570,242,5
48213,2062,2570,330,3
48214,2062,2570,405,4
48215,2062,2570,411,5
48216,2062,2570,547,0.5
48217,2061,2569,220,4
48218,2060,2568,15,0.5
48219,2060,2568,189,2
48220,2060,2568,195,1
48221,2060,2568,408,4
48222,2060,2568,412,1
48223,2060,2568,554,1
48224,2059,2567,150,1
48225,2059,2567,239,4
48226,2059,2567,294,3
48227,2059,2567,311,3
48228,2059,2567,358,3
48229,2059,2567,373,3
48230,2059,2567,392,2
48231,2059,2567,412,3
48232,2059,2567,452,3
48233,2059,2567,467,4
48234,2059,2567,468,1.5
48235,2059,2567,509,3
48236,2059,2567,518,4
48237,2059,2567,531,3.5
48238,2059,2567,564,4
48239,2059,2567,601,3
48240,2059,2567,605,2
48241,2059,2567,624,4
48242,2059,2567,646,2
48243,2059,2567,654,3
48244,2059,2567,665,4
48245,2058,2566,518,3
48246,2057,2565,99,3
48247,2057,2565,140,1.5
48248,2057,2565,147,4
48249,2057,2565,185,3
48250,2057,2565,212,4
48251,2057,2565,214,4
48252,2057,2565,222,5
48253,2057,2565,294,4
48254,2057,2565,306,3
48255,2057,2565,311,3.5
48256,2057,2565,330,3
48257,2057,2565,342,4
48258,2057,2565,363,4
48259,2057,2565,452,3
48260,2057,2565,505,3
48261,2057,2565,518,3
48262,2057,2565,529,3
48263,2057,2565,547,3
48264,2057,2565,575,3
48265,2057,2565,582,4
48266,2057,2565,605,3
48267,2056,2563,111,4.5
48268,2056,2563,292,4.5
48269,2056,2563,609,5
48270,2055,2562,153,5
48271,2054,2561,30,4
48272,2054,2561,242,4
48273,2054,2561,358,3
48274,2054,2561,408,4
48275,2054,2561,452,3
48276,2054,2561,534,4
48277,2054,2561,564,4
48278,2054,2561,608,3
48279,2053,2560,15,3
48280,2053,2560,73,4
48281,2053,2560,346,1
48282,2053,2560,388,2
48283,2053,2560,564,5
48284,2052,2559,518,3
48285,2052,2559,605,2
48286,2051,2558,111,2.5
48287,2051,2558,128,4
48288,2051,2558,239,3
48289,2051,2558,358,2
48290,2051,2558,363,4
48291,2051,2558,380,2
48292,2051,2558,452,2
48293,2051,2558,466,2
48294,2051,2558,493,3
48295,2051,2558,518,2
48296,2051,2558,646,4
48297,2051,2558,665,3
48298,2050,2557,262,2.5
48299,2050,2557,423,4
48300,2050,2557,608,3
48301,2049,2555,73,1
48302,2049,2555,257,0.5
48303,2049,2555,358,1
48304,2049,2555,564,1
48305,2048,2554,472,5
48306,2048,2554,597,3
48307,2048,2554,617,2
48308,2047,2553,34,3
48309,2047,2553,41,4
48310,2047,2553,472,5
48311,2047,2553,564,5
48312,2047,2553,618,5
48313,2046,2552,239,2
48314,2046,2552,646,3
48315,2045,2551,4,4
48316,2045,2551,17,5
48317,2045,2551,30,2
48318,2045,2551,58,2
48319,2045,2551,73,3
48320,2045,2551,81,4
48321,2045,2551,105,4
48322,2045,2551,232,5
48323,2045,2551,299,5
48324,2045,2551,463,4
48325,2045,2551,547,3
48326,2045,2551,564,4
48327,2044,2550,355,4.5
48328,2044,2550,547,3
48329,2044,2550,564,5
48330,2043,2549,74,3
48331,2043,2549,103,1
48332,2043,2549,195,1
48333,2043,2549,287,4
48334,2043,2549,370,0.5
48335,2043,2549,380,2
48336,2043,2549,471,2
48337,2043,2549,550,1
48338,2043,2549,652,4
48339,2042,2548,102,1
48340,2042,2548,128,1
48341,2042,2548,262,0.5
48342,2042,2548,564,2
48343,2041,2546,306,3
48344,2041,2546,315,1
48345,2041,2546,363,3
48346,2041,2546,412,3
48347,2041,2546,452,3
48348,2041,2546,547,2
48349,2041,2546,605,2
48350,2041,2546,626,2
48351,2040,2545,363,4
48352,2040,2545,547,3
48353,2040,2545,564,5
48354,2040,2545,652,5
48355,2039,2542,15,1
48356,2039,2542,22,4.5
48357,2039,2542,23,3.5
48358,2039,2542,26,5
48359,2039,2542,48,3.5
48360,2039,2542,56,4
48361,2039,2542,59,2
48362,2039,2542,73,4.5
48363,2039,2542,77,4.5
48364,2039,2542,78,4.5
48365,2039,2542,97,3.5
48366,2039,2542,105,4
48367,2039,2542,119,3
48368,2039,2542,124,4
48369,2039,2542,130,4.5
48370,2039,2542,147,5
48371,2039,2542,175,4
48372,2039,2542,183,5
48373,2039,2542,199,4
48374,2039,2542,212,5
48375,2039,2542,220,5
48376,2039,2542,230,4.5
48377,2039,2542,250,4.5
48378,2039,2542,262,2.5
48379,2039,2542,268,2.5
48380,2039,2542,275,5
48381,2039,2542,303,4.5
48382,2039,2542,314,4
48383,2039,2542,340,5
48384,2039,2542,349,5
48385,2039,2542,353,3.5
48386,2039,2542,371,4.5
48387,2039,2542,373,4
48388,2039,2542,378,4.5
48389,2039,2542,380,4
48390,2039,2542,384,4.5
48391,2039,2542,423,3
48392,2039,2542,430,5
48393,2039,2542,441,4.5
48394,2039,2542,450,4.5
48395,2039,2542,452,3
48396,2039,2542,454,5
48397,2039,2542,457,3.5
48398,2039,2542,460,4
48399,2039,2542,461,4
48400,2039,2542,463,3
48401,2039,2542,465,5
48402,2039,2542,472,4
48403,2039,2542,478,5
48404,2039,2542,480,5
48405,2039,2542,481,4
48406,2039,2542,486,3
48407,2039,2542,494,4.5
48408,2039,2542,501,5
48409,2039,2542,509,4.5
48410,2039,2542,524,5
48411,2039,2542,528,4.5
48412,2039,2542,544,5
48413,2039,2542,547,1
48414,2039,2542,550,5
48415,2039,2542,563,4
48416,2039,2542,574,4
48417,2039,2542,580,4
48418,2039,2542,584,3
48419,2039,2542,594,5
48420,2039,2542,596,3.5
48421,2039,2542,598,4
48422,2039,2542,607,4.5
48423,2039,2542,623,5
48424,2039,2542,624,4
48425,2039,2542,627,4
48426,2039,2542,648,4.5
48427,2039,2542,655,5
48428,2039,2542,664,4.5
48429,2038,2541,15,1
48430,2038,2541,33,4
48431,2038,2541,46,5
48432,2038,2541,73,2
48433,2038,2541,74,4
48434,2038,2541,77,3.5
48435,2038,2541,78,5
48436,2038,2541,95,4
48437,2038,2541,102,1
48438,2038,2541,111,4
48439,2038,2541,149,3.5
48440,2038,2541,150,2.5
48441,2038,2541,163,4
48442,2038,2541,165,5
48443,2038,2541,171,4
48444,2038,2541,180,3
48445,2038,2541,187,4.5
48446,2038,2541,189,2
48447,2038,2541,212,3.5
48448,2038,2541,213,1.5
48449,2038,2541,247,3
48450,2038,2541,262,2.5
48451,2038,2541,275,3.5
48452,2038,2541,294,3
48453,2038,2541,306,4
48454,2038,2541,380,3.5
48455,2038,2541,384,3.5
48456,2038,2541,386,3
48457,2038,2541,388,3
48458,2038,2541,411,1
48459,2038,2541,412,5
48460,2038,2541,427,4
48461,2038,2541,451,4
48462,2038,2541,452,3
48463,2038,2541,457,2
48464,2038,2541,461,2.5
48465,2038,2541,463,2
48466,2038,2541,468,2
48467,2038,2541,472,1
48468,2038,2541,491,1
48469,2038,2541,500,4.5
48470,2038,2541,528,4
48471,2038,2541,564,4
48472,2038,2541,574,4.5
48473,2038,2541,580,1.5
48474,2038,2541,584,1
48475,2038,2541,596,3.5
48476,2038,2541,598,3
48477,2038,2541,605,2
48478,2038,2541,617,5
48479,2038,2541,665,3
48480,2037,2540,128,4
48481,2037,2540,214,2
48482,2037,2540,247,3
48483,2037,2540,580,2.5
48484,2037,2540,608,4
48485,2036,2539,9,2
48486,2036,2539,10,4
48487,2036,2539,15,2.5
48488,2036,2539,16,4
48489,2036,2539,17,2.5
48490,2036,2539,23,2
48491,2036,2539,30,4
48492,2036,2539,43,2
48493,2036,2539,46,5
48494,2036,2539,99,3
48495,2036,2539,105,3
48496,2036,2539,119,3
48497,2036,2539,193,5
48498,2036,2539,212,3
48499,2036,2539,213,2.5
48500,2036,2539,232,3
48501,2036,2539,236,2
48502,2036,2539,239,4
48503,2036,2539,253,3.5
48504,2036,2539,283,3.5
48505,2036,2539,285,4
48506,2036,2539,303,3.5
48507,2036,2539,306,4
48508,2036,2539,311,4.5
48509,2036,2539,312,3
48510,2036,2539,342,4
48511,2036,2539,358,4
48512,2036,2539,373,3
48513,2036,2539,380,4
48514,2036,2539,387,4
48515,2036,2539,412,1
48516,2036,2539,419,4
48517,2036,2539,423,2
48518,2036,2539,452,3
48519,2036,2539,458,3
48520,2036,2539,461,2
48521,2036,2539,466,3
48522,2036,2539,467,3
48523,2036,2539,468,2.5
48524,2036,2539,472,4
48525,2036,2539,509,3
48526,2036,2539,534,2
48527,2036,2539,547,3
48528,2036,2539,564,4
48529,2036,2539,574,3
48530,2036,2539,575,3
48531,2036,2539,604,4
48532,2036,2539,607,3.5
48533,2036,2539,624,3
48534,2036,2539,654,3
48535,2036,2539,656,5
48536,2035,2537,49,1
48537,2035,2537,624,3
48538,2034,2536,41,2.5
48539,2034,2536,306,3
48540,2034,2536,564,4
48541,2033,2535,30,4
48542,2033,2535,405,2
48543,2033,2535,529,1
48544,2033,2535,547,1
48545,2033,2535,564,5
48546,2033,2535,605,3
48547,2032,2534,564,3
48548,2031,2533,30,2
48549,2031,2533,118,3
48550,2031,2533,158,3
48551,2031,2533,189,1
48552,2031,2533,195,3
48553,2031,2533,202,4
48554,2031,2533,232,2
48555,2031,2533,335,2.5
48556,2031,2533,346,3
48557,2031,2533,353,2
48558,2031,2533,525,4
48559,2031,2533,564,4
48560,2031,2533,624,2
48561,2030,2532,30,3
48562,2030,2532,41,3
48563,2030,2532,189,1
48564,2030,2532,195,3
48565,2030,2532,202,4
48566,2030,2532,232,4
48567,2030,2532,564,4
48568,2029,2531,30,2
48569,2029,2531,41,3
48570,2029,2531,189,1
48571,2029,2531,202,4
48572,2029,2531,232,2
48573,2029,2531,564,4
48574,2028,2530,30,2
48575,2028,2530,41,3
48576,2028,2530,189,1
48577,2028,2530,195,3
48578,2028,2530,202,4
48579,2028,2530,388,4
48580,2028,2530,564,4
48581,2028,2530,624,2
48582,2027,2529,6,4
48583,2027,2529,12,1
48584,2027,2529,30,4
48585,2027,2529,34,4
48586,2027,2529,41,4
48587,2027,2529,73,4.5
48588,2027,2529,77,3.5
48589,2027,2529,99,1
48590,2027,2529,105,3
48591,2027,2529,118,5
48592,2027,2529,119,4
48593,2027,2529,120,4.5
48594,2027,2529,137,5
48595,2027,2529,139,3
48596,2027,2529,155,3
48597,2027,2529,195,4
48598,2027,2529,212,2.5
48599,2027,2529,213,1.5
48600,2027,2529,214,3
48601,2027,2529,220,2
48602,2027,2529,243,3
48603,2027,2529,248,5
48604,2027,2529,263,2
48605,2027,2529,295,4
48606,2027,2529,300,5
48607,2027,2529,311,3.5
48608,2027,2529,342,4
48609,2027,2529,355,4
48610,2027,2529,358,4
48611,2027,2529,372,2
48612,2027,2529,388,5
48613,2027,2529,401,5
48614,2027,2529,405,3.5
48615,2027,2529,423,5
48616,2027,2529,426,2.5
48617,2027,2529,463,4
48618,2027,2529,466,5
48619,2027,2529,468,3
48620,2027,2529,472,3
48621,2027,2529,480,5
48622,2027,2529,481,5
48623,2027,2529,505,2.5
48624,2027,2529,509,4
48625,2027,2529,518,5
48626,2027,2529,525,4
48627,2027,2529,529,3
48628,2027,2529,532,2
48629,2027,2529,533,4
48630,2027,2529,544,4.5
48631,2027,2529,546,4.5
48632,2027,2529,564,4
48633,2027,2529,575,3
48634,2027,2529,580,3
48635,2027,2529,596,3.5
48636,2027,2529,597,4
48637,2027,2529,624,3
48638,2027,2529,664,4
48639,2026,2528,6,3
48640,2026,2528,15,2
48641,2026,2528,30,3
48642,2026,2528,34,3
48643,2026,2528,41,4
48644,2026,2528,73,3.5
48645,2026,2528,77,3.5
48646,2026,2528,118,3
48647,2026,2528,137,4
48648,2026,2528,155,3
48649,2026,2528,195,3
48650,2026,2528,197,3
48651,2026,2528,213,2
48652,2026,2528,232,4
48653,2026,2528,248,4
48654,2026,2528,253,4
48655,2026,2528,294,2.5
48656,2026,2528,304,4
48657,2026,2528,346,5
48658,2026,2528,363,4
48659,2026,2528,373,3
48660,2026,2528,401,4
48661,2026,2528,468,3
48662,2026,2528,529,1
48663,2026,2528,564,4
48664,2026,2528,575,3
48665,2026,2528,597,3
48666,2026,2528,654,4
48667,2025,2527,34,4
48668,2025,2527,102,4
48669,2025,2527,119,2
48670,2025,2527,159,4
48671,2025,2527,195,2
48672,2025,2527,232,4
48673,2025,2527,346,2
48674,2025,2527,401,3
48675,2025,2527,452,3
48676,2025,2527,525,5
48677,2025,2527,533,4
48678,2025,2527,564,4
48679,2025,2527,597,3
48680,2024,2526,525,3
48681,2023,2525,286,2
48682,2023,2525,287,3.5
48683,2023,2525,363,2
48684,2023,2525,564,3
48685,2023,2525,597,3
48686,2022,2524,30,4
48687,2022,2524,49,2
48688,2022,2524,102,4
48689,2022,2524,119,2
48690,2022,2524,195,3
48691,2022,2524,232,3
48692,2022,2524,306,4
48693,2022,2524,564,5
48694,2022,2524,575,2
48695,2022,2524,624,5
48696,2021,2523,30,3
48697,2021,2523,564,3
48698,2021,2523,624,2
48699,2020,2522,41,4
48700,2020,2522,58,2
48701,2020,2522,137,2
48702,2020,2522,142,2
48703,2020,2522,286,3
48704,2020,2522,306,3
48705,2020,2522,554,2
48706,2020,2522,564,3
48707,2020,2522,581,0.5
48708,2020,2522,605,2
48709,2020,2522,624,3
48710,2019,2521,30,3
48711,2019,2521,41,3.5
48712,2019,2521,263,2.5
48713,2019,2521,306,3
48714,2019,2521,452,2
48715,2019,2521,554,2
48716,2019,2521,564,4
48717,2019,2521,575,2
48718,2019,2521,624,3
48719,2018,2520,30,4
48720,2018,2520,41,3
48721,2018,2520,58,2
48722,2018,2520,102,4
48723,2018,2520,160,4
48724,2018,2520,306,4
48725,2018,2520,373,4
48726,2018,2520,405,3.5
48727,2018,2520,529,1
48728,2018,2520,547,2
48729,2018,2520,564,3
48730,2018,2520,575,3
48731,2018,2520,605,5
48732,2018,2520,624,3
48733,2018,2520,656,5
48734,2017,2519,564,2
48735,2016,2518,30,3
48736,2016,2518,306,4
48737,2016,2518,358,4
48738,2016,2518,373,3
48739,2016,2518,472,3
48740,2016,2518,497,2
48741,2016,2518,518,4
48742,2016,2518,564,4
48743,2016,2518,624,3
48744,2015,2517,30,2
48745,2015,2517,102,3
48746,2015,2517,134,4.5
48747,2015,2517,262,3
48748,2015,2517,457,2.5
48749,2015,2517,482,3
48750,2015,2517,518,4
48751,2015,2517,564,5
48752,2014,2516,353,0.5
48753,2014,2516,564,1
48754,2013,2515,564,2
48755,2012,2514,471,2
48756,2012,2514,518,2
48757,2012,2514,560,3.5
48758,2012,2514,564,1
48759,2011,2513,3,3
48760,2011,2513,29,3
48761,2011,2513,30,1
48762,2011,2513,95,4
48763,2011,2513,105,2
48764,2011,2513,130,1
48765,2011,2513,243,4
48766,2011,2513,262,3
48767,2011,2513,301,3
48768,2011,2513,388,4
48769,2011,2513,457,2.5
48770,2011,2513,461,2
48771,2011,2513,463,4
48772,2011,2513,471,2.5
48773,2011,2513,518,3
48774,2011,2513,560,4
48775,2011,2513,564,5
48776,2011,2513,632,3.5
48777,2010,2511,509,4
48778,2010,2511,547,4
48779,2010,2511,585,4
48780,2009,2507,33,1
48781,2008,2506,358,1
48782,2008,2506,363,2
48783,2008,2506,466,4
48784,2008,2506,518,4
48785,2007,2505,15,0.5
48786,2007,2505,30,3
48787,2007,2505,58,4
48788,2007,2505,150,3
48789,2007,2505,253,1
48790,2007,2505,306,3
48791,2007,2505,350,1
48792,2007,2505,381,1
48793,2007,2505,412,2
48794,2007,2505,427,4
48795,2007,2505,452,1.5
48796,2007,2505,461,1
48797,2007,2505,463,2
48798,2007,2505,472,1
48799,2007,2505,534,4
48800,2007,2505,558,4
48801,2007,2505,564,2
48802,2007,2505,596,3.5
48803,2006,2504,134,4.5
48804,2006,2504,363,4
48805,2006,2504,373,2
48806,2006,2504,452,3
48807,2006,2504,518,3
48808,2006,2504,558,4
48809,2006,2504,564,4
48810,2005,2502,5,3.5
48811,2005,2502,6,3.5
48812,2005,2502,8,5
48813,2005,2502,15,5
48814,2005,2502,17,1
48815,2005,2502,22,1.5
48816,2005,2502,23,4
48817,2005,2502,27,4
48818,2005,2502,31,4
48819,2005,2502,33,5
48820,2005,2502,56,4
48821,2005,2502,61,5
48822,2005,2502,73,4.5
48823,2005,2502,75,4
48824,2005,2502,77,4.5
48825,2005,2502,83,5
48826,2005,2502,88,4
48827,2005,2502,97,4
48828,2005,2502,105,4
48829,2005,2502,111,4.5
48830,2005,2502,115,5
48831,2005,2502,119,4
48832,2005,2502,123,5
48833,2005,2502,125,4.5
48834,2005,2502,130,4.5
48835,2005,2502,134,4
48836,2005,2502,143,4.5
48837,2005,2502,150,3.5
48838,2005,2502,157,3
48839,2005,2502,165,3
48840,2005,2502,180,2
48841,2005,2502,187,4
48842,2005,2502,189,5
48843,2005,2502,190,4
48844,2005,2502,195,3
48845,2005,2502,212,1.5
48846,2005,2502,216,5
48847,2005,2502,217,5
48848,2005,2502,219,5
48849,2005,2502,230,5
48850,2005,2502,237,4.5
48851,2005,2502,239,3
48852,2005,2502,244,5
48853,2005,2502,253,4.5
48854,2005,2502,257,4
48855,2005,2502,268,2.5
48856,2005,2502,270,4
48857,2005,2502,274,3
48858,2005,2502,275,5
48859,2005,2502,285,4
48860,2005,2502,292,4.5
48861,2005,2502,294,4
48862,2005,2502,295,4
48863,2005,2502,297,3
48864,2005,2502,306,3
48865,2005,2502,307,4
48866,2005,2502,309,5
48867,2005,2502,324,4
48868,2005,2502,345,4
48869,2005,2502,350,5
48870,2005,2502,370,3.5
48871,2005,2502,378,3
48872,2005,2502,380,4
48873,2005,2502,382,1
48874,2005,2502,388,4
48875,2005,2502,417,3.5
48876,2005,2502,423,4.5
48877,2005,2502,428,5
48878,2005,2502,431,2
48879,2005,2502,432,4
48880,2005,2502,439,4
48881,2005,2502,452,3
48882,2005,2502,455,4
48883,2005,2502,457,4
48884,2005,2502,460,4
48885,2005,2502,461,4
48886,2005,2502,463,5
48887,2005,2502,468,3.5
48888,2005,2502,472,4
48889,2005,2502,479,4
48890,2005,2502,494,5
48891,2005,2502,500,3.5
48892,2005,2502,509,2
48893,2005,2502,519,4.5
48894,2005,2502,527,4.5
48895,2005,2502,534,3
48896,2005,2502,547,2.5
48897,2005,2502,553,4
48898,2005,2502,561,4
48899,2005,2502,562,4.5
48900,2005,2502,567,5
48901,2005,2502,580,4.5
48902,2005,2502,591,4
48903,2005,2502,598,4
48904,2005,2502,607,4.5
48905,2005,2502,612,3
48906,2005,2502,615,3.5
48907,2005,2502,621,4.5
48908,2005,2502,624,3
48909,2005,2502,626,4
48910,2005,2502,652,4
48911,2005,2502,654,4.5
48912,2005,2502,655,4
48913,2005,2502,664,4
48914,2005,2502,665,3
48915,2005,2502,671,3.5
48916,2004,2501,9,4
48917,2004,2501,15,3
48918,2004,2501,23,4
48919,2004,2501,27,4
48920,2004,2501,94,4.5
48921,2004,2501,212,3.5
48922,2004,2501,214,5
48923,2004,2501,216,4.5
48924,2004,2501,234,4
48925,2004,2501,242,5
48926,2004,2501,287,5
48927,2004,2501,292,4.5
48928,2004,2501,294,4
48929,2004,2501,311,5
48930,2004,2501,333,4
48931,2004,2501,342,4
48932,2004,2501,356,5
48933,2004,2501,380,4
48934,2004,2501,382,3.5
48935,2004,2501,405,5
48936,2004,2501,407,5
48937,2004,2501,411,4
48938,2004,2501,427,5
48939,2004,2501,466,4
48940,2004,2501,467,2
48941,2004,2501,468,3
48942,2004,2501,497,4
48943,2004,2501,509,4
48944,2004,2501,534,4
48945,2004,2501,547,3.5
48946,2004,2501,607,5
48947,2004,2501,632,5
48948,2004,2501,638,2
48949,2004,2501,654,4.5
48950,2004,2501,668,3
48951,2003,2500,294,3
48952,2003,2500,378,2.5
48953,2003,2500,564,1
48954,2002,2499,312,4
48955,2002,2499,564,3
48956,2001,2498,119,3
48957,2001,2498,358,1
48958,2001,2498,453,3
48959,2000,2497,255,3
48960,2000,2497,311,2.5
48961,2000,2497,358,1
48962,2000,2497,362,2
48963,2000,2497,452,2
48964,2000,2497,461,1
48965,2000,2497,463,2
48966,2000,2497,493,1
48967,2000,2497,599,1.5
48968,2000,2497,665,2
48969,1999,2496,43,2
48970,1999,2496,150,3.5
48971,1999,2496,200,4
48972,1999,2496,213,2.5
48973,1999,2496,285,3
48974,1999,2496,292,4.5
48975,1999,2496,293,4.5
48976,1999,2496,294,4
48977,1999,2496,311,4
48978,1999,2496,355,3.5
48979,1999,2496,402,4.5
48980,1999,2496,408,3
48981,1999,2496,452,2
48982,1999,2496,461,2.5
48983,1999,2496,468,2
48984,1999,2496,493,2
48985,1999,2496,497,4
48986,1999,2496,518,4
48987,1999,2496,528,2
48988,1999,2496,564,4
48989,1999,2496,575,4
48990,1998,2495,73,3.5
48991,1998,2495,185,4
48992,1998,2495,457,3
48993,1998,2495,564,5
48994,1997,2494,388,4
48995,1997,2494,427,4
48996,1996,2493,529,3.5
48997,1995,2492,134,3
48998,1995,2492,306,3
48999,1995,2492,373,3
49000,1995,2492,509,4.5
49001,1995,2492,558,2
49002,1994,2491,294,2.5
49003,1994,2491,564,3
49004,1994,2491,626,3
49005,1994,2491,652,4
49006,1994,2491,665,3
49007,1993,2490,9,3
49008,1993,2490,15,1
49009,1993,2490,17,4
49010,1993,2490,30,5
49011,1993,2490,73,3.5
49012,1993,2490,74,5
49013,1993,2490,128,3
49014,1993,2490,150,3.5
49015,1993,2490,165,0.5
49016,1993,2490,180,4
49017,1993,2490,189,3
49018,1993,2490,212,3.5
49019,1993,2490,213,3
49020,1993,2490,232,5
49021,1993,2490,247,5
49022,1993,2490,311,3.5
49023,1993,2490,313,3
49024,1993,2490,380,5
49025,1993,2490,388,3
49026,1993,2490,412,3
49027,1993,2490,452,2
49028,1993,2490,460,3.5
49029,1993,2490,472,5
49030,1993,2490,476,2
49031,1993,2490,518,4
49032,1993,2490,525,4
49033,1993,2490,534,4
49034,1993,2490,541,3
49035,1993,2490,586,3.5
49036,1993,2490,607,4.5
49037,1993,2490,608,5
49038,1993,2490,626,4
49039,1992,2488,262,3.5
49040,1992,2488,468,3
49041,1992,2488,470,2.5
49042,1992,2488,472,5
49043,1992,2488,608,5
49044,1991,2487,220,3
49045,1990,2486,363,3
49046,1989,2485,95,4
49047,1989,2485,128,5
49048,1989,2485,149,3.5
49049,1989,2485,150,2.5
49050,1989,2485,187,4
49051,1989,2485,212,1.5
49052,1989,2485,213,3
49053,1989,2485,239,4
49054,1989,2485,294,4
49055,1989,2485,307,3
49056,1989,2485,311,2
49057,1989,2485,380,3
49058,1989,2485,382,2
49059,1989,2485,386,2
49060,1989,2485,408,5
49061,1989,2485,412,4
49062,1989,2485,461,2.5
49063,1989,2485,472,3
49064,1989,2485,493,4
49065,1989,2485,518,3
49066,1989,2485,524,2
49067,1989,2485,534,3
49068,1989,2485,547,2
49069,1989,2485,596,3.5
49070,1989,2485,598,2
49071,1989,2485,599,4.5
49072,1989,2485,626,4
49073,1989,2485,654,3.5
49074,1989,2485,665,3
49075,1988,2483,501,0.5
49076,1988,2483,564,5
49077,1987,2482,220,4
49078,1987,2482,472,3
49079,1987,2482,509,2
49080,1987,2482,609,4
49081,1986,2481,509,4.5
49082,1986,2481,510,3
49083,1985,2479,564,2
49084,1984,2478,15,4
49085,1984,2478,105,3.5
49086,1984,2478,111,4
49087,1984,2478,119,3
49088,1984,2478,146,3.5
49089,1984,2478,228,5
49090,1984,2478,232,4
49091,1984,2478,247,4
49092,1984,2478,285,4
49093,1984,2478,294,3
49094,1984,2478,306,3
49095,1984,2478,358,1
49096,1984,2478,380,2
49097,1984,2478,388,4
49098,1984,2478,408,2
49099,1984,2478,452,2
49100,1984,2478,457,1.5
49101,1984,2478,466,3
49102,1984,2478,468,3
49103,1984,2478,472,3
49104,1984,2478,509,2
49105,1984,2478,518,4
49106,1984,2478,564,3
49107,1984,2478,575,3
49108,1984,2478,580,3.5
49109,1984,2478,581,3.5
49110,1984,2478,621,3.5
49111,1984,2478,624,3
49112,1984,2478,638,4.5
49113,1984,2478,646,4
49114,1984,2478,654,4.5
49115,1983,2476,195,2
49116,1983,2476,232,3
49117,1983,2476,388,3
49118,1982,2475,58,3
49119,1982,2475,558,4
49120,1982,2475,564,5
49121,1982,2475,597,2
49122,1981,2474,23,2.5
49123,1981,2474,30,5
49124,1981,2474,120,3.5
49125,1981,2474,180,3
49126,1981,2474,196,4
49127,1981,2474,202,4
49128,1981,2474,232,5
49129,1981,2474,242,5
49130,1981,2474,306,3
49131,1981,2474,468,3
49132,1981,2474,509,4
49133,1981,2474,528,4
49134,1981,2474,529,3
49135,1981,2474,533,3
49136,1981,2474,547,5
49137,1981,2474,596,4
49138,1981,2474,624,4
49139,1980,2473,239,2
49140,1980,2473,358,1
49141,1980,2473,373,1
49142,1980,2473,461,1
49143,1980,2473,466,2
49144,1980,2473,509,3.5
49145,1980,2473,518,3
49146,1980,2473,564,1
49147,1980,2473,621,4
49148,1979,2472,358,3
49149,1979,2472,388,3
49150,1979,2472,564,4
49151,1979,2472,624,3
49152,1978,2471,49,4
49153,1978,2471,54,2.5
49154,1978,2471,200,4
49155,1978,2471,232,3
49156,1978,2471,239,3
49157,1978,2471,247,4
49158,1978,2471,285,2
49159,1978,2471,289,3.5
49160,1978,2471,301,0.5
49161,1978,2471,358,2
49162,1978,2471,405,3.5
49163,1978,2471,418,3.5
49164,1978,2471,463,1
49165,1978,2471,518,3
49166,1978,2471,554,1
49167,1978,2471,560,3.5
49168,1978,2471,564,1
49169,1978,2471,575,2
49170,1978,2471,598,2
49171,1978,2471,605,2
49172,1978,2471,624,3
49173,1978,2471,654,3.5
49174,1977,2470,28,4
49175,1977,2470,30,4
49176,1977,2470,33,4
49177,1977,2470,53,4
49178,1977,2470,59,0.5
49179,1977,2470,73,3
49180,1977,2470,93,2.5
49181,1977,2470,95,5
49182,1977,2470,111,3.5
49183,1977,2470,119,4
49184,1977,2470,120,3.5
49185,1977,2470,130,3.5
49186,1977,2470,140,4
49187,1977,2470,157,2.5
49188,1977,2470,200,4.5
49189,1977,2470,212,1
49190,1977,2470,213,2.5
49191,1977,2470,232,5
49192,1977,2470,235,4
49193,1977,2470,239,3
49194,1977,2470,243,1.5
49195,1977,2470,247,4
49196,1977,2470,253,4
49197,1977,2470,285,2
49198,1977,2470,303,3.5
49199,1977,2470,311,4
49200,1977,2470,331,3
49201,1977,2470,358,4
49202,1977,2470,362,2.5
49203,1977,2470,370,3
49204,1977,2470,388,3
49205,1977,2470,405,5
49206,1977,2470,408,2
49207,1977,2470,418,3
49208,1977,2470,439,3
49209,1977,2470,452,2
49210,1977,2470,455,3.5
49211,1977,2470,457,2
49212,1977,2470,461,2
49213,1977,2470,463,3
49214,1977,2470,466,3
49215,1977,2470,468,3
49216,1977,2470,472,4
49217,1977,2470,497,2
49218,1977,2470,500,1
49219,1977,2470,509,3
49220,1977,2470,518,4
49221,1977,2470,554,2
49222,1977,2470,560,4
49223,1977,2470,564,3
49224,1977,2470,575,3
49225,1977,2470,577,4
49226,1977,2470,580,3
49227,1977,2470,597,5
49228,1977,2470,605,4
49229,1977,2470,607,4
49230,1977,2470,621,3.5
49231,1977,2470,624,4
49232,1977,2470,627,2.5
49233,1977,2470,654,4
49234,1976,2469,68,3.5
49235,1976,2469,119,4
49236,1976,2469,160,2
49237,1976,2469,232,5
49238,1976,2469,239,4
49239,1976,2469,242,4
49240,1976,2469,247,2
49241,1976,2469,306,3
49242,1976,2469,311,3
49243,1976,2469,358,1
49244,1976,2469,373,3
49245,1976,2469,381,3
49246,1976,2469,405,3
49247,1976,2469,439,4
49248,1976,2469,452,4
49249,1976,2469,466,3
49250,1976,2469,467,4
49251,1976,2469,468,2.5
49252,1976,2469,518,3
49253,1976,2469,529,3
49254,1976,2469,564,5
49255,1976,2469,652,4
49256,1975,2468,30,2
49257,1975,2468,68,4
49258,1975,2468,195,1
49259,1975,2468,232,4
49260,1975,2468,242,4
49261,1975,2468,247,4
49262,1975,2468,285,3
49263,1975,2468,358,1
49264,1975,2468,380,2
49265,1975,2468,457,2.5
49266,1975,2468,472,3
49267,1975,2468,518,4
49268,1975,2468,564,5
49269,1975,2468,605,1
49270,1975,2468,652,4
49271,1974,2467,4,5
49272,1974,2467,15,1
49273,1974,2467,17,5
49274,1974,2467,23,4
49275,1974,2467,73,4.5
49276,1974,2467,105,3.5
49277,1974,2467,130,4
49278,1974,2467,199,4
49279,1974,2467,214,5
49280,1974,2467,232,5
49281,1974,2467,248,5
49282,1974,2467,322,5
49283,1974,2467,330,4
49284,1974,2467,355,4.5
49285,1974,2467,407,4
49286,1974,2467,430,5
49287,1974,2467,472,5
49288,1974,2467,564,5
49289,1974,2467,575,2
49290,1974,2467,580,4
49291,1974,2467,587,4
49292,1974,2467,596,4
49293,1974,2467,597,5
49294,1973,2465,95,3
49295,1973,2465,564,5
49296,1972,2464,518,3
49297,1972,2464,564,2
49298,1971,2463,30,4
49299,1971,2463,119,4
49300,1971,2463,232,3
49301,1971,2463,239,4
49302,1971,2463,247,5
49303,1971,2463,306,3
49304,1971,2463,311,4
49305,1971,2463,358,4
49306,1971,2463,373,3
49307,1971,2463,439,3
49308,1971,2463,452,3.5
49309,1971,2463,457,3
49310,1971,2463,472,4
49311,1971,2463,509,3
49312,1971,2463,518,5
49313,1971,2463,529,4
49314,1971,2463,547,2
49315,1971,2463,564,5
49316,1971,2463,624,4
49317,1971,2463,654,4
49318,1970,2462,95,2
49319,1970,2462,165,3
49320,1970,2462,210,2.5
49321,1970,2462,564,1
49322,1969,2461,95,4
49323,1969,2461,210,2.5
49324,1968,2460,12,4
49325,1968,2460,73,3
49326,1968,2460,285,5
49327,1968,2460,353,1
49328,1968,2460,564,4
49329,1967,2459,22,4
49330,1967,2459,29,3.5
49331,1967,2459,73,4.5
49332,1967,2459,95,5
49333,1967,2459,102,5
49334,1967,2459,210,2.5
49335,1967,2459,262,3.5
49336,1967,2459,285,4
49337,1967,2459,299,4.5
49338,1967,2459,355,4
49339,1967,2459,426,2
49340,1967,2459,457,3.5
49341,1967,2459,471,3.5
49342,1967,2459,509,3
49343,1967,2459,518,1
49344,1967,2459,564,5
49345,1967,2459,617,1
49346,1966,2458,247,4
49347,1966,2458,388,3
49348,1966,2458,518,3
49349,1966,2458,564,3
49350,1966,2458,597,2
49351,1965,2457,30,4
49352,1965,2457,294,2
49353,1965,2457,373,3
49354,1965,2457,518,4
49355,1965,2457,564,3
49356,1964,2456,66,2
49357,1964,2456,243,2
49358,1964,2456,306,1
49359,1964,2456,380,3
49360,1964,2456,518,3
49361,1964,2456,560,3.5
49362,1964,2456,564,1
49363,1963,2455,1,2.5
49364,1963,2455,15,3.5
49365,1963,2455,17,4
49366,1963,2455,41,3
49367,1963,2455,43,3
49368,1963,2455,48,2.5
49369,1963,2455,66,3
49370,1963,2455,73,4
49371,1963,2455,75,4.5
49372,1963,2455,95,4
49373,1963,2455,102,3
49374,1963,2455,105,3
49375,1963,2455,118,4
49376,1963,2455,119,3
49377,1963,2455,130,3
49378,1963,2455,155,4
49379,1963,2455,157,4.5
49380,1963,2455,165,3
49381,1963,2455,167,5
49382,1963,2455,199,4
49383,1963,2455,212,2
49384,1963,2455,214,4
49385,1963,2455,299,5
49386,1963,2455,303,3.5
49387,1963,2455,306,4
49388,1963,2455,310,2.5
49389,1963,2455,346,1
49390,1963,2455,355,4.5
49391,1963,2455,363,3
49392,1963,2455,380,4
49393,1963,2455,395,2
49394,1963,2455,401,5
49395,1963,2455,461,4
49396,1963,2455,463,4
49397,1963,2455,468,2.5
49398,1963,2455,482,2
49399,1963,2455,518,4
49400,1963,2455,533,2
49401,1963,2455,544,4.5
49402,1963,2455,546,1
49403,1963,2455,547,4
49404,1963,2455,560,4
49405,1963,2455,564,5
49406,1963,2455,599,3.5
49407,1963,2455,606,2
49408,1963,2455,624,3
49409,1963,2455,626,3
49410,1962,2454,4,5
49411,1962,2454,30,4
49412,1962,2454,41,3
49413,1962,2454,43,3
49414,1962,2454,102,5
49415,1962,2454,119,3
49416,1962,2454,167,5
49417,1962,2454,248,4
49418,1962,2454,468,3
49419,1962,2454,482,2
49420,1962,2454,533,4
49421,1962,2454,547,3.5
49422,1962,2454,597,4
49423,1962,2454,605,3
49424,1961,2453,102,3
49425,1961,2453,195,3
49426,1961,2453,232,5
49427,1961,2453,342,4
49428,1961,2453,393,1.5
49429,1961,2453,452,3.5
49430,1961,2453,518,3
49431,1960,2451,73,3.5
49432,1960,2451,95,4
49433,1960,2451,564,4
49434,1959,2450,77,3.5
49435,1959,2450,118,1
49436,1959,2450,185,2
49437,1959,2450,232,1
49438,1959,2450,285,2
49439,1959,2450,326,1
49440,1959,2450,363,2
49441,1959,2450,423,3
49442,1959,2450,463,1
49443,1959,2450,509,1
49444,1959,2450,518,2
49445,1959,2450,564,2
49446,1958,2449,165,3
49447,1958,2449,564,1
49448,1957,2448,381,1
49449,1957,2448,564,3
49450,1956,2447,15,2.5
49451,1956,2447,43,3
49452,1956,2447,111,3
49453,1956,2447,219,4
49454,1956,2447,245,3
49455,1956,2447,358,1
49456,1956,2447,402,4
49457,1956,2447,407,3
49458,1956,2447,408,1
49459,1956,2447,412,4
49460,1956,2447,457,1.5
49461,1956,2447,617,5
49462,1956,2447,665,3
49463,1955,2446,363,1
49464,1955,2446,452,2
49465,1955,2446,461,1
49466,1955,2446,547,2
49467,1955,2446,564,1
49468,1954,2445,95,3
49469,1954,2445,295,2.5
49470,1954,2445,533,3
49471,1954,2445,598,2
49472,1953,2443,95,4
49473,1953,2443,292,3.5
49474,1953,2443,373,3
49475,1953,2443,412,5
49476,1953,2443,652,4.5
49477,1952,2442,99,4
49478,1952,2442,306,4
49479,1952,2442,373,3
49480,1952,2442,407,4
49481,1952,2442,452,4
49482,1952,2442,472,4
49483,1952,2442,564,5
49484,1951,2441,509,3
49485,1951,2441,547,3
49486,1950,2440,119,4
49487,1950,2440,299,5
49488,1950,2440,509,3
49489,1950,2440,564,4
49490,1949,2439,15,2
49491,1949,2439,102,4
49492,1949,2439,407,4
49493,1949,2439,411,3
49494,1949,2439,452,4
49495,1949,2439,472,3
49496,1949,2439,509,4
49497,1949,2439,510,3
49498,1949,2439,564,3
49499,1949,2439,608,4
49500,1948,2438,348,4
49501,1947,2437,509,3
49502,1946,2436,99,3
49503,1946,2436,193,4
49504,1946,2436,220,5
49505,1946,2436,243,3
49506,1946,2436,312,3
49507,1946,2436,363,4
49508,1946,2436,427,2
49509,1946,2436,529,4
49510,1945,2435,30,2
49511,1945,2435,118,3
49512,1945,2435,388,3
49513,1945,2435,407,4
49514,1944,2434,190,5
49515,1944,2434,452,4
49516,1944,2434,467,5
49517,1944,2434,609,1
49518,1943,2433,30,4
49519,1943,2433,53,5
49520,1943,2433,189,2
49521,1943,2433,190,3
49522,1943,2433,306,3
49523,1943,2433,350,4
49524,1943,2433,380,4
49525,1943,2433,408,2
49526,1943,2433,412,2
49527,1943,2433,452,3
49528,1943,2433,467,5
49529,1943,2433,468,2
49530,1943,2433,472,2
49531,1943,2433,510,2
49532,1943,2433,533,4
49533,1943,2433,559,4
49534,1943,2433,617,3
49535,1943,2433,626,2
49536,1943,2433,646,4
49537,1942,2432,30,4
49538,1942,2432,111,3.5
49539,1942,2432,382,4
49540,1942,2432,452,3
49541,1942,2432,518,5
49542,1941,2431,22,2
49543,1941,2431,73,4
49544,1941,2431,152,2
49545,1941,2431,160,4
49546,1941,2431,212,4
49547,1941,2431,219,4
49548,1941,2431,239,5
49549,1941,2431,287,4.5
49550,1941,2431,294,3.5
49551,1941,2431,311,3
49552,1941,2431,333,4.5
49553,1941,2431,358,1
49554,1941,2431,407,2
49555,1941,2431,460,0.5
49556,1941,2431,468,1.5
49557,1941,2431,473,5
49558,1941,2431,505,3
49559,1941,2431,518,5
49560,1941,2431,528,2.5
49561,1941,2431,529,1
49562,1941,2431,533,3
49563,1941,2431,554,3
49564,1941,2431,559,4
49565,1941,2431,564,1
49566,1941,2431,575,2
49567,1941,2431,646,5
49568,1941,2431,654,4
49569,1941,2431,665,3
49570,1940,2430,49,5
49571,1940,2430,232,3
49572,1940,2430,518,4
49573,1940,2430,533,3
49574,1940,2430,564,4
49575,1939,2429,73,2
49576,1939,2429,213,2
49577,1939,2429,219,3
49578,1939,2429,246,4
49579,1939,2429,518,4
49580,1939,2429,533,3
49581,1939,2429,534,4
49582,1939,2429,564,2
49583,1938,2428,15,1
49584,1938,2428,73,2
49585,1938,2428,95,4
49586,1938,2428,123,5
49587,1938,2428,189,3
49588,1938,2428,212,2.5
49589,1938,2428,213,3
49590,1938,2428,262,3
49591,1938,2428,299,3.5
49592,1938,2428,355,2
49593,1938,2428,380,1
49594,1938,2428,384,3
49595,1938,2428,386,2
49596,1938,2428,388,1
49597,1938,2428,412,1
49598,1938,2428,476,2
49599,1938,2428,564,3
49600,1938,2428,597,3
49601,1938,2428,605,2
49602,1938,2428,617,3
49603,1938,2428,626,4
49604,1938,2428,644,3
49605,1937,2427,9,2
49606,1937,2427,15,3
49607,1937,2427,30,1
49608,1937,2427,73,4
49609,1937,2427,99,5
49610,1937,2427,105,3
49611,1937,2427,141,2
49612,1937,2427,200,3
49613,1937,2427,212,4.5
49614,1937,2427,220,3
49615,1937,2427,229,3.5
49616,1937,2427,232,5
49617,1937,2427,245,3
49618,1937,2427,248,3
49619,1937,2427,285,2
49620,1937,2427,312,2
49621,1937,2427,342,5
49622,1937,2427,380,3
49623,1937,2427,388,5
49624,1937,2427,408,4
49625,1937,2427,414,3
49626,1937,2427,417,2
49627,1937,2427,461,1
49628,1937,2427,466,4
49629,1937,2427,471,3.5
49630,1937,2427,472,4
49631,1937,2427,509,2
49632,1937,2427,527,4
49633,1937,2427,528,3
49634,1937,2427,534,4
49635,1937,2427,544,5
49636,1937,2427,596,4
49637,1937,2427,608,5
49638,1937,2427,634,4
49639,1937,2427,654,3
49640,1937,2427,664,3
49641,1936,2425,119,3
49642,1936,2425,388,4
49643,1936,2425,472,3
49644,1936,2425,509,4
49645,1936,2425,608,4
49646,1935,2424,5,4
49647,1935,2424,15,1.5
49648,1935,2424,23,3
49649,1935,2424,30,4
49650,1935,2424,73,1.5
49651,1935,2424,75,2.5
49652,1935,2424,81,2
49653,1935,2424,99,3
49654,1935,2424,128,5
49655,1935,2424,150,1.5
49656,1935,2424,160,4
49657,1935,2424,165,3
49658,1935,2424,169,4
49659,1935,2424,175,2
49660,1935,2424,196,4
49661,1935,2424,212,2.5
49662,1935,2424,232,4
49663,1935,2424,235,4.5
49664,1935,2424,238,3
49665,1935,2424,239,5
49666,1935,2424,242,5
49667,1935,2424,250,4
49668,1935,2424,275,4
49669,1935,2424,285,3
49670,1935,2424,292,3.5
49671,1935,2424,294,4
49672,1935,2424,306,4
49673,1935,2424,311,4
49674,1935,2424,312,1
49675,1935,2424,313,3
49676,1935,2424,358,3
49677,1935,2424,364,5
49678,1935,2424,372,4
49679,1935,2424,380,1
49680,1935,2424,382,3.5
49681,1935,2424,384,2
49682,1935,2424,402,4
49683,1935,2424,405,3.5
49684,1935,2424,424,0.5
49685,1935,2424,452,3
49686,1935,2424,461,1.5
49687,1935,2424,467,4
49688,1935,2424,468,2.5
49689,1935,2424,480,3.5
49690,1935,2424,493,4
49691,1935,2424,505,3
49692,1935,2424,512,4
49693,1935,2424,518,5
49694,1935,2424,531,2.5
49695,1935,2424,534,3
49696,1935,2424,547,1
49697,1935,2424,559,4
49698,1935,2424,564,4
49699,1935,2424,596,3
49700,1935,2424,607,2
49701,1935,2424,614,3
49702,1935,2424,646,4
49703,1935,2424,652,4
49704,1935,2424,654,3.5
49705,1935,2424,665,4
49706,1934,2423,8,3.5
49707,1934,2423,75,4.5
49708,1934,2423,94,4
49709,1934,2423,102,3
49710,1934,2423,105,3
49711,1934,2423,195,2
49712,1934,2423,202,4
49713,1934,2423,217,5
49714,1934,2423,247,4
49715,1934,2423,253,3.5
49716,1934,2423,285,3
49717,1934,2423,296,5
49718,1934,2423,358,3
49719,1934,2423,388,4
49720,1934,2423,439,3
49721,1934,2423,463,4
49722,1934,2423,509,3
49723,1934,2423,518,3
49724,1934,2423,559,4
49725,1934,2423,564,4
49726,1934,2423,574,3.5
49727,1934,2423,592,5
49728,1934,2423,598,4
49729,1934,2423,654,4.5
49730,1934,2423,655,4
49731,1933,2422,73,3
49732,1933,2422,79,2
49733,1933,2422,119,1
49734,1933,2422,136,3
49735,1933,2422,150,3.5
49736,1933,2422,165,3
49737,1933,2422,169,3.5
49738,1933,2422,232,1
49739,1933,2422,285,2
49740,1933,2422,313,3.5
49741,1933,2422,461,1.5
49742,1933,2422,463,1
49743,1933,2422,515,5
49744,1933,2422,518,2
49745,1933,2422,560,3
49746,1933,2422,564,1
49747,1933,2422,580,1.5
49748,1933,2422,605,1
49749,1933,2422,665,1
49750,1932,2421,73,4
49751,1932,2421,95,3
49752,1932,2421,119,2
49753,1932,2421,130,2.5
49754,1932,2421,150,3
49755,1932,2421,157,2.5
49756,1932,2421,165,4
49757,1932,2421,212,2
49758,1932,2421,232,1
49759,1932,2421,242,3
49760,1932,2421,243,2
49761,1932,2421,285,2
49762,1932,2421,295,3.5
49763,1932,2421,306,2
49764,1932,2421,311,3
49765,1932,2421,313,3.5
49766,1932,2421,402,3
49767,1932,2421,463,2
49768,1932,2421,466,2
49769,1932,2421,518,3
49770,1932,2421,524,3
49771,1932,2421,560,3
49772,1932,2421,564,1
49773,1932,2421,580,2.5
49774,1932,2421,605,2
49775,1932,2421,624,2
49776,1932,2421,665,3
49777,1931,2420,30,2
49778,1931,2420,56,4
49779,1931,2420,68,3.5
49780,1931,2420,73,4.5
49781,1931,2420,102,3
49782,1931,2420,119,3
49783,1931,2420,131,3
49784,1931,2420,150,3.5
49785,1931,2420,165,4.5
49786,1931,2420,200,3.5
49787,1931,2420,201,3
49788,1931,2420,212,3.5
49789,1931,2420,232,1
49790,1931,2420,242,5
49791,1931,2420,244,4
49792,1931,2420,294,3.5
49793,1931,2420,295,4
49794,1931,2420,306,4
49795,1931,2420,311,4
49796,1931,2420,313,3.5
49797,1931,2420,388,4
49798,1931,2420,402,3.5
49799,1931,2420,457,3
49800,1931,2420,461,3.5
49801,1931,2420,463,3
49802,1931,2420,468,2
49803,1931,2420,480,4.5
49804,1931,2420,500,3.5
49805,1931,2420,509,3
49806,1931,2420,518,4
49807,1931,2420,560,3.5
49808,1931,2420,564,1
49809,1931,2420,580,3
49810,1931,2420,605,3
49811,1931,2420,624,2
49812,1931,2420,648,3.5
49813,1931,2420,654,4.5
49814,1931,2420,664,3.5
49815,1930,2419,452,3
49816,1930,2419,564,5
49817,1930,2419,609,1
49818,1929,2418,30,3
49819,1929,2418,306,3
49820,1929,2418,358,4
49821,1929,2418,518,3
49822,1929,2418,529,4
49823,1929,2418,564,4
49824,1928,2417,30,3
49825,1928,2417,242,3
49826,1928,2417,373,3
49827,1928,2417,452,3
49828,1928,2417,564,3
49829,1927,2416,120,5
49830,1927,2416,232,4
49831,1927,2416,285,1
49832,1927,2416,306,2
49833,1927,2416,358,3
49834,1927,2416,373,3
49835,1927,2416,388,2
49836,1927,2416,452,1
49837,1927,2416,457,2
49838,1927,2416,472,3
49839,1927,2416,518,3
49840,1927,2416,547,2
49841,1927,2416,564,3
49842,1927,2416,651,4
49843,1926,2415,242,4
49844,1926,2415,564,4
49845,1925,2414,49,3
49846,1925,2414,119,3
49847,1925,2414,195,2
49848,1925,2414,232,4
49849,1925,2414,398,4
49850,1925,2414,466,4
49851,1925,2414,564,3
49852,1925,2414,597,4
49853,1925,2414,624,3
49854,1924,2413,15,4.5
49855,1924,2413,212,2.5
49856,1924,2413,213,3
49857,1924,2413,228,5
49858,1924,2413,239,4
49859,1924,2413,285,3
49860,1924,2413,294,4.5
49861,1924,2413,358,2
49862,1924,2413,373,1
49863,1924,2413,388,3
49864,1924,2413,468,2.5
49865,1924,2413,564,4
49866,1924,2413,575,1
49867,1924,2413,582,2.5
49868,1924,2413,597,3
49869,1924,2413,605,3
49870,1924,2413,624,3
49871,1924,2413,646,4
49872,1924,2413,654,4
49873,1923,2412,30,4
49874,1923,2412,53,1
49875,1923,2412,73,2
49876,1923,2412,119,2
49877,1923,2412,158,4
49878,1923,2412,163,0.5
49879,1923,2412,195,1
49880,1923,2412,239,4
49881,1923,2412,258,3
49882,1923,2412,306,4
49883,1923,2412,333,4
49884,1923,2412,340,3
49885,1923,2412,468,2
49886,1923,2412,509,2
49887,1923,2412,518,3
49888,1923,2412,564,1
49889,1923,2412,581,3.5
49890,1923,2412,624,2
49891,1923,2412,665,4
49892,1922,2411,30,4
49893,1922,2411,73,3.5
49894,1922,2411,119,2
49895,1922,2411,130,2.5
49896,1922,2411,195,1
49897,1922,2411,199,3.5
49898,1922,2411,239,4
49899,1922,2411,333,4.5
49900,1922,2411,388,3
49901,1922,2411,457,2
49902,1922,2411,463,3
49903,1922,2411,468,2.5
49904,1922,2411,509,2
49905,1922,2411,518,3
49906,1922,2411,522,4
49907,1922,2411,554,1
49908,1922,2411,564,1
49909,1922,2411,570,3
49910,1922,2411,574,3
49911,1922,2411,624,3
49912,1922,2411,665,4
49913,1921,2410,10,2
49914,1921,2410,30,4
49915,1921,2410,73,3
49916,1921,2410,195,1
49917,1921,2410,199,4
49918,1921,2410,203,3
49919,1921,2410,239,4
49920,1921,2410,306,3
49921,1921,2410,313,3.5
49922,1921,2410,333,4.5
49923,1921,2410,445,3.5
49924,1921,2410,457,2
49925,1921,2410,461,3.5
49926,1921,2410,463,3
49927,1921,2410,468,2.5
49928,1921,2410,471,4
49929,1921,2410,505,3
49930,1921,2410,509,3
49931,1921,2410,518,3
49932,1921,2410,564,2
49933,1921,2410,624,3
49934,1920,2409,4,4
49935,1920,2409,30,4
49936,1920,2409,73,4
49937,1920,2409,130,3
49938,1920,2409,239,5
49939,1920,2409,306,3
49940,1920,2409,313,4
49941,1920,2409,333,4.5
49942,1920,2409,445,4
49943,1920,2409,457,2
49944,1920,2409,461,3
49945,1920,2409,468,2.5
49946,1920,2409,471,4
49947,1920,2409,509,3
49948,1920,2409,518,3
49949,1920,2409,564,3
49950,1920,2409,624,3
49951,1919,2408,52,0.5
49952,1919,2408,239,3
49953,1919,2408,242,3
49954,1919,2408,457,1.5
49955,1919,2408,518,3
49956,1919,2408,564,3
49957,1919,2408,607,3.5
49958,1919,2408,624,2
49959,1918,2407,15,3
49960,1918,2407,30,4
49961,1918,2407,34,3
49962,1918,2407,102,3
49963,1918,2407,118,4
49964,1918,2407,119,4
49965,1918,2407,120,3
49966,1918,2407,125,4
49967,1918,2407,130,3
49968,1918,2407,167,4
49969,1918,2407,195,3
49970,1918,2407,213,2.5
49971,1918,2407,214,4
49972,1918,2407,232,3
49973,1918,2407,239,4
49974,1918,2407,242,5
49975,1918,2407,285,2
49976,1918,2407,303,4
49977,1918,2407,310,4
49978,1918,2407,311,4
49979,1918,2407,346,1
49980,1918,2407,358,4
49981,1918,2407,363,3
49982,1918,2407,373,1
49983,1918,2407,423,3
49984,1918,2407,439,3
49985,1918,2407,457,2.5
49986,1918,2407,463,3
49987,1918,2407,468,2.5
49988,1918,2407,472,3
49989,1918,2407,505,2.5
49990,1918,2407,518,4
49991,1918,2407,525,2
49992,1918,2407,529,3
49993,1918,2407,533,4
49994,1918,2407,546,4.5
49995,1918,2407,564,3
49996,1918,2407,591,4
49997,1918,2407,605,3
49998,1918,2407,607,1
49999,1918,2407,621,2.5
50000,1918,2407,624,4
50001,1918,2407,654,4
50002,1917,2406,4,5
50003,1917,2406,10,4
50004,1917,2406,15,3.5
50005,1917,2406,23,4
50006,1917,2406,28,2
50007,1917,2406,49,4
50008,1917,2406,73,3
50009,1917,2406,83,4
50010,1917,2406,93,3.5
50011,1917,2406,102,3
50012,1917,2406,105,3.5
50013,1917,2406,119,3
50014,1917,2406,130,4
50015,1917,2406,195,1
50016,1917,2406,201,3
50017,1917,2406,209,3
50018,1917,2406,212,2
50019,1917,2406,213,3
50020,1917,2406,214,5
50021,1917,2406,221,3
50022,1917,2406,232,5
50023,1917,2406,239,4
50024,1917,2406,240,4
50025,1917,2406,247,4
50026,1917,2406,264,5
50027,1917,2406,268,3.5
50028,1917,2406,291,4
50029,1917,2406,292,4
50030,1917,2406,294,4.5
50031,1917,2406,306,3
50032,1917,2406,311,4
50033,1917,2406,328,3.5
50034,1917,2406,342,3
50035,1917,2406,346,4
50036,1917,2406,353,3
50037,1917,2406,358,4
50038,1917,2406,367,5
50039,1917,2406,373,3
50040,1917,2406,395,2
50041,1917,2406,405,4
50042,1917,2406,423,4
50043,1917,2406,431,3
50044,1917,2406,439,3
50045,1917,2406,463,3
50046,1917,2406,466,4
50047,1917,2406,468,2.5
50048,1917,2406,472,3
50049,1917,2406,497,4
50050,1917,2406,498,4
50051,1917,2406,509,3
50052,1917,2406,518,5
50053,1917,2406,529,4
50054,1917,2406,547,3
50055,1917,2406,550,4
50056,1917,2406,562,4
50057,1917,2406,564,4
50058,1917,2406,575,4
50059,1917,2406,580,3.5
50060,1917,2406,591,2.5
50061,1917,2406,594,4
50062,1917,2406,597,4
50063,1917,2406,607,4
50064,1917,2406,624,3
50065,1917,2406,654,4.5
50066,1917,2406,665,3
50067,1916,2405,15,3
50068,1916,2405,20,4.5
50069,1916,2405,103,3
50070,1916,2405,105,3
50071,1916,2405,195,1
50072,1916,2405,213,2.5
50073,1916,2405,214,4
50074,1916,2405,232,4
50075,1916,2405,239,4
50076,1916,2405,242,5
50077,1916,2405,243,3.5
50078,1916,2405,247,3
50079,1916,2405,294,4
50080,1916,2405,306,3
50081,1916,2405,311,2
50082,1916,2405,358,4
50083,1916,2405,359,3
50084,1916,2405,405,3
50085,1916,2405,457,2
50086,1916,2405,460,4
50087,1916,2405,466,4
50088,1916,2405,509,2
50089,1916,2405,518,4
50090,1916,2405,550,2
50091,1916,2405,564,4
50092,1916,2405,577,4
50093,1916,2405,580,3
50094,1916,2405,605,3
50095,1916,2405,624,3
50096,1916,2405,652,4.5
50097,1916,2405,654,4
50098,1915,2404,73,3
50099,1915,2404,119,2
50100,1915,2404,163,0.5
50101,1915,2404,195,1
50102,1915,2404,285,2
50103,1915,2404,350,4
50104,1915,2404,353,1.5
50105,1915,2404,384,3
50106,1915,2404,388,3
50107,1915,2404,463,2
50108,1915,2404,564,1
50109,1915,2404,570,5
50110,1915,2404,624,1
50111,1914,2403,4,4
50112,1914,2403,30,3
50113,1914,2403,73,3.5
50114,1914,2403,120,4.5
50115,1914,2403,200,2.5
50116,1914,2403,311,3
50117,1914,2403,353,3.5
50118,1914,2403,384,4
50119,1914,2403,404,2
50120,1914,2403,417,4
50121,1914,2403,463,4
50122,1914,2403,483,5
50123,1914,2403,505,3
50124,1914,2403,518,3
50125,1914,2403,522,3.5
50126,1914,2403,570,4
50127,1914,2403,624,2
50128,1914,2403,664,4
50129,1913,2402,22,3
50130,1913,2402,30,3
50131,1913,2402,49,2
50132,1913,2402,73,3
50133,1913,2402,120,4
50134,1913,2402,195,1
50135,1913,2402,285,3
50136,1913,2402,350,4
50137,1913,2402,388,2
50138,1913,2402,518,3
50139,1913,2402,564,2
50140,1913,2402,579,0.5
50141,1913,2402,615,3
50142,1913,2402,624,2
50143,1912,2401,155,3
50144,1912,2401,353,3
50145,1912,2401,405,3.5
50146,1912,2401,423,4
50147,1912,2401,472,4
50148,1912,2401,608,4
50149,1912,2401,671,4
50150,1911,2400,575,2
50151,1910,2399,232,1
50152,1910,2399,294,3.5
50153,1909,2398,30,4
50154,1909,2398,46,5
50155,1909,2398,119,4
50156,1909,2398,212,3
50157,1909,2398,222,2
50158,1909,2398,232,4
50159,1909,2398,235,4.5
50160,1909,2398,268,4.5
50161,1909,2398,311,3.5
50162,1909,2398,358,4
50163,1909,2398,366,1
50164,1909,2398,405,3.5
50165,1909,2398,442,4.5
50166,1909,2398,452,3.5
50167,1909,2398,453,3
50168,1909,2398,468,3.5
50169,1909,2398,505,3
50170,1909,2398,518,4
50171,1909,2398,547,5
50172,1909,2398,564,5
50173,1909,2398,575,4
50174,1909,2398,614,2
50175,1908,2397,102,3
50176,1908,2397,564,4
50177,1907,2396,9,4
50178,1907,2396,15,2
50179,1907,2396,17,4.5
50180,1907,2396,23,4.5
50181,1907,2396,27,2
50182,1907,2396,30,5
50183,1907,2396,34,4
50184,1907,2396,43,4
50185,1907,2396,51,2
50186,1907,2396,52,4
50187,1907,2396,53,4
50188,1907,2396,59,3.5
50189,1907,2396,73,4
50190,1907,2396,74,5
50191,1907,2396,88,4.5
50192,1907,2396,93,4
50193,1907,2396,95,4
50194,1907,2396,99,3
50195,1907,2396,102,4
50196,1907,2396,105,3
50197,1907,2396,111,4
50198,1907,2396,130,2.5
50199,1907,2396,131,5
50200,1907,2396,137,4
50201,1907,2396,150,1.5
50202,1907,2396,152,3.5
50203,1907,2396,153,4
50204,1907,2396,171,5
50205,1907,2396,185,4
50206,1907,2396,187,4.5
50207,1907,2396,190,5
50208,1907,2396,193,4
50209,1907,2396,195,5
50210,1907,2396,212,3.5
50211,1907,2396,216,4.5
50212,1907,2396,220,3
50213,1907,2396,236,3
50214,1907,2396,239,4
50215,1907,2396,240,4
50216,1907,2396,242,5
50217,1907,2396,245,5
50218,1907,2396,251,5
50219,1907,2396,259,3
50220,1907,2396,265,5
50221,1907,2396,268,4
50222,1907,2396,278,3
50223,1907,2396,283,3.5
50224,1907,2396,292,4.5
50225,1907,2396,294,4
50226,1907,2396,303,3.5
50227,1907,2396,306,4
50228,1907,2396,311,4
50229,1907,2396,312,3
50230,1907,2396,313,3
50231,1907,2396,321,5
50232,1907,2396,341,4
50233,1907,2396,342,4
50234,1907,2396,345,5
50235,1907,2396,358,5
50236,1907,2396,367,5
50237,1907,2396,373,4
50238,1907,2396,376,5
50239,1907,2396,380,3
50240,1907,2396,382,3
50241,1907,2396,386,4
50242,1907,2396,387,4
50243,1907,2396,394,4
50244,1907,2396,405,3.5
50245,1907,2396,407,5
50246,1907,2396,412,3
50247,1907,2396,427,5
50248,1907,2396,428,1.5
50249,1907,2396,430,4.5
50250,1907,2396,431,5
50251,1907,2396,452,5
50252,1907,2396,461,3
50253,1907,2396,463,5
50254,1907,2396,466,5
50255,1907,2396,467,5
50256,1907,2396,472,2
50257,1907,2396,476,3
50258,1907,2396,489,5
50259,1907,2396,491,4
50260,1907,2396,493,4
50261,1907,2396,505,3
50262,1907,2396,509,5
50263,1907,2396,510,5
50264,1907,2396,518,5
50265,1907,2396,522,3
50266,1907,2396,523,4
50267,1907,2396,527,3.5
50268,1907,2396,529,3
50269,1907,2396,541,2
50270,1907,2396,544,4
50271,1907,2396,547,3
50272,1907,2396,554,4
50273,1907,2396,561,3.5
50274,1907,2396,562,4
50275,1907,2396,564,3
50276,1907,2396,565,5
50277,1907,2396,569,4
50278,1907,2396,577,4.5
50279,1907,2396,580,3.5
50280,1907,2396,585,5
50281,1907,2396,587,5
50282,1907,2396,595,5
50283,1907,2396,597,5
50284,1907,2396,598,4
50285,1907,2396,607,3.5
50286,1907,2396,608,3
50287,1907,2396,614,3
50288,1907,2396,617,5
50289,1907,2396,626,4
50290,1907,2396,644,5
50291,1907,2396,646,4
50292,1907,2396,654,4.5
50293,1907,2396,656,5
50294,1907,2396,658,5
50295,1907,2396,665,2
50296,1907,2396,669,4
50297,1907,2396,671,4
50298,1906,2395,15,5
50299,1906,2395,33,3
50300,1906,2395,43,3
50301,1906,2395,56,5
50302,1906,2395,72,3.5
50303,1906,2395,73,4.5
50304,1906,2395,77,2
50305,1906,2395,83,5
50306,1906,2395,95,5
50307,1906,2395,97,4
50308,1906,2395,102,4
50309,1906,2395,105,3
50310,1906,2395,106,5
50311,1906,2395,111,3.5
50312,1906,2395,132,5
50313,1906,2395,139,3.5
50314,1906,2395,156,4
50315,1906,2395,165,3.5
50316,1906,2395,171,5
50317,1906,2395,190,4
50318,1906,2395,209,2
50319,1906,2395,230,5
50320,1906,2395,232,4
50321,1906,2395,262,5
50322,1906,2395,275,5
50323,1906,2395,285,4
50324,1906,2395,312,5
50325,1906,2395,321,4
50326,1906,2395,342,3
50327,1906,2395,350,4
50328,1906,2395,358,5
50329,1906,2395,373,5
50330,1906,2395,380,4
50331,1906,2395,387,4
50332,1906,2395,388,4
50333,1906,2395,407,5
50334,1906,2395,424,3.5
50335,1906,2395,431,3
50336,1906,2395,433,4.5
50337,1906,2395,441,4
50338,1906,2395,452,3
50339,1906,2395,457,3
50340,1906,2395,460,3
50341,1906,2395,461,4
50342,1906,2395,466,4
50343,1906,2395,467,4
50344,1906,2395,468,3.5
50345,1906,2395,472,5
50346,1906,2395,476,4
50347,1906,2395,486,4.5
50348,1906,2395,491,3
50349,1906,2395,497,5
50350,1906,2395,509,4.5
50351,1906,2395,519,4.5
50352,1906,2395,547,2
50353,1906,2395,562,3.5
50354,1906,2395,564,4
50355,1906,2395,574,3.5
50356,1906,2395,580,4
50357,1906,2395,585,4
50358,1906,2395,597,5
50359,1906,2395,598,4
50360,1906,2395,606,5
50361,1906,2395,608,4
50362,1906,2395,617,1
50363,1906,2395,626,2
50364,1906,2395,644,5
50365,1906,2395,669,4
50366,1905,2394,14,3
50367,1905,2394,23,3.5
50368,1905,2394,53,1
50369,1905,2394,73,3.5
50370,1905,2394,78,4
50371,1905,2394,95,4
50372,1905,2394,105,3
50373,1905,2394,136,4
50374,1905,2394,175,4
50375,1905,2394,190,3
50376,1905,2394,212,3
50377,1905,2394,219,3
50378,1905,2394,243,4
50379,1905,2394,287,3
50380,1905,2394,294,4.5
50381,1905,2394,313,5
50382,1905,2394,327,3.5
50383,1905,2394,358,4
50384,1905,2394,363,4
50385,1905,2394,382,4
50386,1905,2394,386,3
50387,1905,2394,461,2
50388,1905,2394,466,4
50389,1905,2394,468,2.5
50390,1905,2394,472,3
50391,1905,2394,518,4
50392,1905,2394,560,4
50393,1905,2394,580,2.5
50394,1905,2394,582,4
50395,1905,2394,598,4
50396,1905,2394,626,3
50397,1905,2394,644,4
50398,1905,2394,646,4
50399,1905,2394,654,4
50400,1905,2394,656,4
50401,1904,2393,63,4.5
50402,1904,2393,78,4
50403,1904,2393,99,2
50404,1904,2393,118,3
50405,1904,2393,202,3
50406,1904,2393,232,4
50407,1904,2393,247,4
50408,1904,2393,294,3
50409,1904,2393,311,3.5
50410,1904,2393,453,4
50411,1904,2393,463,3
50412,1904,2393,468,2.5
50413,1904,2393,533,4
50414,1904,2393,564,3
50415,1904,2393,607,3.5
50416,1904,2393,624,4
50417,1904,2393,646,4
50418,1903,2392,189,1
50419,1903,2392,227,4
50420,1903,2392,287,3.5
50421,1903,2392,358,1
50422,1903,2392,380,1
50423,1903,2392,531,3
50424,1903,2392,533,2
50425,1903,2392,564,1
50426,1903,2392,575,1
50427,1903,2392,598,1
50428,1902,2391,9,4
50429,1902,2391,15,3
50430,1902,2391,27,3
50431,1902,2391,30,5
50432,1902,2391,66,3
50433,1902,2391,73,3.5
50434,1902,2391,99,5
50435,1902,2391,102,4
50436,1902,2391,118,5
50437,1902,2391,119,3
50438,1902,2391,214,3
50439,1902,2391,242,5
50440,1902,2391,311,3
50441,1902,2391,312,4
50442,1902,2391,360,3
50443,1902,2391,373,5
50444,1902,2391,388,4
50445,1902,2391,452,4
50446,1902,2391,457,3.5
50447,1902,2391,460,3
50448,1902,2391,463,4
50449,1902,2391,472,4
50450,1902,2391,509,3
50451,1902,2391,547,4.5
50452,1902,2391,550,4
50453,1902,2391,564,3
50454,1902,2391,595,5
50455,1902,2391,608,4
50456,1902,2391,638,1
50457,1902,2391,647,4
50458,1902,2391,654,4
50459,1901,2390,43,3
50460,1901,2390,190,4
50461,1901,2390,220,5
50462,1901,2390,311,2
50463,1901,2390,372,3
50464,1901,2390,373,4
50465,1901,2390,467,3
50466,1901,2390,564,3
50467,1901,2390,573,3
50468,1901,2390,652,3.5
50469,1901,2390,656,4
50470,1900,2389,30,3
50471,1900,2389,95,4
50472,1900,2389,128,2
50473,1900,2389,227,5
50474,1900,2389,232,4
50475,1900,2389,358,1
50476,1900,2389,373,3
50477,1900,2389,388,1
50478,1900,2389,461,0.5
50479,1900,2389,520,2
50480,1900,2389,564,2
50481,1900,2389,596,3.5
50482,1900,2389,608,4
50483,1899,2388,407,4
50484,1898,2387,15,3.5
50485,1898,2387,73,3.5
50486,1898,2387,227,5
50487,1898,2387,285,1
50488,1898,2387,380,3
50489,1898,2387,384,3.5
50490,1898,2387,412,1
50491,1898,2387,457,3
50492,1898,2387,460,2.5
50493,1898,2387,472,4
50494,1898,2387,564,3
50495,1898,2387,608,3
50496,1898,2387,627,3.5
50497,1897,2386,227,5
50498,1897,2386,452,1
50499,1897,2386,564,3
50500,1896,2385,128,3
50501,1896,2385,227,2
50502,1896,2385,285,3
50503,1896,2385,294,2
50504,1896,2385,358,2
50505,1896,2385,452,2
50506,1896,2385,518,1
50507,1896,2385,564,3
50508,1895,2384,29,1.5
50509,1895,2384,43,4
50510,1895,2384,61,2
50511,1895,2384,68,2.5
50512,1895,2384,227,1
50513,1895,2384,294,3.5
50514,1895,2384,311,2
50515,1895,2384,312,2
50516,1895,2384,313,4.5
50517,1895,2384,321,4
50518,1895,2384,358,4
50519,1895,2384,359,4
50520,1895,2384,445,1.5
50521,1895,2384,452,3
50522,1895,2384,466,3
50523,1895,2384,472,1
50524,1895,2384,493,3
50525,1895,2384,529,3
50526,1895,2384,542,1.5
50527,1895,2384,547,4
50528,1895,2384,554,4
50529,1895,2384,560,3.5
50530,1895,2384,564,5
50531,1895,2384,585,4
50532,1895,2384,605,4
50533,1895,2384,608,5
50534,1895,2384,615,3.5
50535,1895,2384,623,3.5
50536,1895,2384,654,4
50537,1895,2384,665,2
50538,1894,2383,46,5
50539,1894,2383,157,2
50540,1894,2383,212,0.5
50541,1894,2383,247,2
50542,1894,2383,345,0.5
50543,1894,2383,358,1
50544,1894,2383,373,1
50545,1894,2383,471,3
50546,1894,2383,518,2
50547,1894,2383,564,1
50548,1894,2383,574,0.5
50549,1894,2383,624,2
50550,1893,2382,91,2.5
50551,1893,2382,157,2
50552,1893,2382,247,3
50553,1893,2382,345,1
50554,1893,2382,358,1
50555,1893,2382,373,1
50556,1893,2382,388,3
50557,1893,2382,518,2
50558,1893,2382,564,1
50559,1893,2382,574,0.5
50560,1893,2382,577,0.5
50561,1893,2382,623,4
50562,1893,2382,624,2
50563,1892,2381,46,5
50564,1892,2381,91,3
50565,1892,2381,247,3
50566,1892,2381,295,2.5
50567,1892,2381,345,0.5
50568,1892,2381,358,1
50569,1892,2381,373,1
50570,1892,2381,387,1
50571,1892,2381,388,1
50572,1892,2381,518,2
50573,1892,2381,564,1
50574,1892,2381,574,2
50575,1892,2381,624,2
50576,1892,2381,643,2.5
50577,1891,2380,91,3
50578,1891,2380,111,3
50579,1891,2380,247,3
50580,1891,2380,285,1
50581,1891,2380,345,0.5
50582,1891,2380,358,1
50583,1891,2380,373,1
50584,1891,2380,388,1
50585,1891,2380,445,3.5
50586,1891,2380,518,2
50587,1891,2380,564,1
50588,1891,2380,574,1
50589,1891,2380,577,1.5
50590,1891,2380,598,3
50591,1891,2380,624,2
50592,1890,2379,46,5
50593,1890,2379,69,3.5
50594,1890,2379,91,3
50595,1890,2379,232,3
50596,1890,2379,239,4
50597,1890,2379,247,3
50598,1890,2379,285,1
50599,1890,2379,335,2
50600,1890,2379,358,1
50601,1890,2379,373,1
50602,1890,2379,388,2
50603,1890,2379,452,0.5
50604,1890,2379,515,3.5
50605,1890,2379,518,2
50606,1890,2379,522,2.5
50607,1890,2379,531,2
50608,1890,2379,564,2
50609,1890,2379,624,3
50610,1890,2379,643,2
50611,1889,2378,15,3
50612,1889,2378,73,3.5
50613,1889,2378,89,4
50614,1889,2378,123,1
50615,1889,2378,142,1
50616,1889,2378,200,0.5
50617,1889,2378,239,3
50618,1889,2378,247,4
50619,1889,2378,285,1
50620,1889,2378,358,1
50621,1889,2378,373,1
50622,1889,2378,388,3
50623,1889,2378,457,2.5
50624,1889,2378,463,4
50625,1889,2378,509,2
50626,1889,2378,518,3
50627,1889,2378,522,3.5
50628,1889,2378,564,4
50629,1889,2378,574,3
50630,1889,2378,580,2.5
50631,1889,2378,596,3
50632,1889,2378,624,4.5
50633,1888,2377,533,2
50634,1888,2377,564,3
50635,1887,2376,30,4
50636,1887,2376,150,3
50637,1887,2376,158,2.5
50638,1887,2376,195,3
50639,1887,2376,214,3
50640,1887,2376,294,3
50641,1887,2376,353,1.5
50642,1887,2376,355,4
50643,1887,2376,388,2
50644,1887,2376,405,3
50645,1887,2376,461,1.5
50646,1887,2376,463,3
50647,1887,2376,471,4.5
50648,1887,2376,518,4
50649,1887,2376,564,4
50650,1887,2376,592,5
50651,1887,2376,624,2.5
50652,1887,2376,626,4
50653,1887,2376,654,3
50654,1886,2375,119,4
50655,1886,2375,160,3
50656,1886,2375,232,2
50657,1886,2375,239,3
50658,1886,2375,285,3
50659,1886,2375,294,4.5
50660,1886,2375,306,2
50661,1886,2375,311,3
50662,1886,2375,358,1
50663,1886,2375,373,1
50664,1886,2375,388,3
50665,1886,2375,398,4
50666,1886,2375,452,1
50667,1886,2375,457,2
50668,1886,2375,463,2
50669,1886,2375,465,3
50670,1886,2375,472,3
50671,1886,2375,509,2
50672,1886,2375,518,4
50673,1886,2375,564,4
50674,1886,2375,594,2
50675,1886,2375,624,3
50676,1885,2374,30,3
50677,1885,2374,232,3
50678,1885,2374,239,4
50679,1885,2374,358,3
50680,1885,2374,388,3
50681,1885,2374,564,4
50682,1885,2374,605,2
50683,1885,2374,652,3.5
50684,1884,2373,119,2
50685,1884,2373,388,3
50686,1884,2373,461,1.5
50687,1884,2373,518,3
50688,1884,2373,564,3
50689,1884,2373,580,3
50690,1883,2372,247,4
50691,1883,2372,285,3
50692,1883,2372,350,4
50693,1883,2372,358,1
50694,1883,2372,373,1
50695,1883,2372,388,3
50696,1883,2372,408,1
50697,1883,2372,457,1.5
50698,1883,2372,460,4
50699,1883,2372,509,3
50700,1883,2372,624,2
50701,1882,2371,4,4
50702,1882,2371,15,3.5
50703,1882,2371,30,3
50704,1882,2371,33,4
50705,1882,2371,75,3
50706,1882,2371,83,3.5
50707,1882,2371,119,3
50708,1882,2371,120,3.5
50709,1882,2371,217,4.5
50710,1882,2371,232,2
50711,1882,2371,247,4
50712,1882,2371,285,4
50713,1882,2371,327,4
50714,1882,2371,350,5
50715,1882,2371,358,4
50716,1882,2371,373,1
50717,1882,2371,408,1
50718,1882,2371,423,3.5
50719,1882,2371,463,4
50720,1882,2371,466,2
50721,1882,2371,468,2.5
50722,1882,2371,472,4
50723,1882,2371,497,4
50724,1882,2371,509,4
50725,1882,2371,575,3
50726,1882,2371,580,3.5
50727,1882,2371,607,4
50728,1882,2371,624,3
50729,1881,2370,232,4
50730,1881,2370,388,4
50731,1881,2370,564,2
50732,1880,2369,15,1
50733,1880,2369,30,4
50734,1880,2369,51,3
50735,1880,2369,95,3
50736,1880,2369,119,3
50737,1880,2369,123,3
50738,1880,2369,160,4
50739,1880,2369,189,1
50740,1880,2369,232,4
50741,1880,2369,239,3
50742,1880,2369,242,4
50743,1880,2369,306,3
50744,1880,2369,311,3
50745,1880,2369,358,3
50746,1880,2369,373,3
50747,1880,2369,386,3
50748,1880,2369,388,2
50749,1880,2369,407,3
50750,1880,2369,414,4
50751,1880,2369,431,3
50752,1880,2369,439,4
50753,1880,2369,452,1
50754,1880,2369,461,3.5
50755,1880,2369,463,2
50756,1880,2369,466,3
50757,1880,2369,476,2
50758,1880,2369,497,2
50759,1880,2369,509,3
50760,1880,2369,518,4
50761,1880,2369,529,2
50762,1880,2369,547,4.5
50763,1880,2369,564,4
50764,1880,2369,605,2
50765,1880,2369,624,3
50766,1880,2369,656,4
50767,1879,2368,53,3
50768,1879,2368,564,3
50769,1879,2368,624,2
50770,1878,2367,29,0.5
50771,1878,2367,30,2
50772,1878,2367,102,3
50773,1878,2367,195,3
50774,1878,2367,232,4
50775,1878,2367,294,3.5
50776,1878,2367,518,3
50777,1878,2367,529,1
50778,1878,2367,564,5
50779,1878,2367,605,2
50780,1878,2367,624,3
50781,1877,2366,15,3
50782,1877,2366,34,4
50783,1877,2366,49,3
50784,1877,2366,102,4
50785,1877,2366,119,4
50786,1877,2366,195,5
50787,1877,2366,232,5
50788,1877,2366,294,3.5
50789,1877,2366,387,4
50790,1877,2366,405,3
50791,1877,2366,439,2
50792,1877,2366,468,4
50793,1877,2366,472,5
50794,1877,2366,482,4
50795,1877,2366,509,4
50796,1877,2366,518,3
50797,1877,2366,547,4
50798,1877,2366,564,4
50799,1877,2366,580,4
50800,1877,2366,587,5
50801,1877,2366,594,5
50802,1877,2366,605,3
50803,1877,2366,624,5
50804,1876,2365,119,1
50805,1876,2365,167,2
50806,1876,2365,232,1
50807,1876,2365,401,5
50808,1876,2365,564,5
50809,1875,2364,381,2
50810,1875,2364,533,2
50811,1875,2364,547,3
50812,1875,2364,564,4
50813,1874,2363,157,3
50814,1874,2363,232,4
50815,1874,2363,346,3.5
50816,1874,2363,401,5
50817,1874,2363,408,5
50818,1874,2363,509,3
50819,1874,2363,519,4
50820,1874,2363,547,4
50821,1874,2363,564,4
50822,1874,2363,580,3
50823,1874,2363,597,4
50824,1873,2362,102,4
50825,1873,2362,232,1
50826,1873,2362,547,4
50827,1873,2362,564,2
50828,1872,2361,23,4
50829,1872,2361,102,5
50830,1872,2361,119,4
50831,1872,2361,262,3
50832,1872,2361,299,4.5
50833,1872,2361,481,4
50834,1872,2361,529,1
50835,1872,2361,564,5
50836,1871,2360,15,2
50837,1871,2360,23,3.5
50838,1871,2360,73,4
50839,1871,2360,149,2
50840,1871,2360,183,5
50841,1871,2360,356,0.5
50842,1871,2360,472,3
50843,1871,2360,481,5
50844,1871,2360,547,3
50845,1871,2360,608,5
50846,1871,2360,648,4
50847,1870,2359,83,4
50848,1870,2359,119,4
50849,1870,2359,125,5
50850,1870,2359,130,4
50851,1870,2359,185,3
50852,1870,2359,193,5
50853,1870,2359,195,3
50854,1870,2359,212,3.5
50855,1870,2359,226,3.5
50856,1870,2359,245,5
50857,1870,2359,358,5
50858,1870,2359,380,4
50859,1870,2359,388,4
50860,1870,2359,414,3
50861,1870,2359,417,4
50862,1870,2359,422,5
50863,1870,2359,452,4
50864,1870,2359,463,3
50865,1870,2359,472,5
50866,1870,2359,509,3
50867,1870,2359,510,5
50868,1870,2359,564,3
50869,1870,2359,565,5
50870,1870,2359,569,5
50871,1870,2359,575,5
50872,1870,2359,585,5
50873,1870,2359,638,3.5
50874,1870,2359,646,5
50875,1870,2359,654,3.5
50876,1870,2359,671,4
50877,1869,2357,15,3
50878,1869,2357,23,4
50879,1869,2357,131,4
50880,1869,2357,132,4.5
50881,1869,2357,283,5
50882,1869,2357,363,4
50883,1869,2357,427,5
50884,1869,2357,452,4
50885,1869,2357,547,5
50886,1869,2357,558,5
50887,1869,2357,576,4
50888,1868,2356,27,2
50889,1868,2356,102,4
50890,1868,2356,187,4
50891,1868,2356,306,4
50892,1868,2356,358,4
50893,1868,2356,373,4
50894,1868,2356,387,4
50895,1868,2356,491,2
50896,1868,2356,509,3
50897,1868,2356,547,0.5
50898,1867,2355,5,3.5
50899,1867,2355,12,2
50900,1867,2355,13,4
50901,1867,2355,14,2
50902,1867,2355,15,2
50903,1867,2355,26,4
50904,1867,2355,30,5
50905,1867,2355,43,4
50906,1867,2355,48,3.5
50907,1867,2355,61,3.5
50908,1867,2355,69,4.5
50909,1867,2355,73,3
50910,1867,2355,75,2
50911,1867,2355,77,3.5
50912,1867,2355,88,3.5
50913,1867,2355,93,3
50914,1867,2355,99,4
50915,1867,2355,119,3
50916,1867,2355,124,4
50917,1867,2355,125,3
50918,1867,2355,128,5
50919,1867,2355,130,2
50920,1867,2355,134,3
50921,1867,2355,150,2.5
50922,1867,2355,157,3
50923,1867,2355,166,4
50924,1867,2355,167,4
50925,1867,2355,170,2.5
50926,1867,2355,171,4
50927,1867,2355,185,5
50928,1867,2355,189,1
50929,1867,2355,195,4
50930,1867,2355,201,5
50931,1867,2355,210,3.5
50932,1867,2355,212,2.5
50933,1867,2355,213,1.5
50934,1867,2355,219,4
50935,1867,2355,227,3
50936,1867,2355,234,3.5
50937,1867,2355,239,5
50938,1867,2355,240,4
50939,1867,2355,268,3.5
50940,1867,2355,275,4.5
50941,1867,2355,283,3
50942,1867,2355,285,4
50943,1867,2355,287,5
50944,1867,2355,292,4
50945,1867,2355,293,4.5
50946,1867,2355,294,4
50947,1867,2355,295,4
50948,1867,2355,303,2.5
50949,1867,2355,311,3.5
50950,1867,2355,328,3.5
50951,1867,2355,334,3
50952,1867,2355,353,3
50953,1867,2355,358,4
50954,1867,2355,363,4
50955,1867,2355,380,4
50956,1867,2355,401,4
50957,1867,2355,405,4
50958,1867,2355,412,3
50959,1867,2355,426,3.5
50960,1867,2355,442,4.5
50961,1867,2355,452,4
50962,1867,2355,457,1.5
50963,1867,2355,461,3.5
50964,1867,2355,463,4
50965,1867,2355,466,5
50966,1867,2355,468,3.5
50967,1867,2355,471,3.5
50968,1867,2355,472,3
50969,1867,2355,475,3.5
50970,1867,2355,500,2.5
50971,1867,2355,501,4
50972,1867,2355,505,3
50973,1867,2355,518,5
50974,1867,2355,520,3.5
50975,1867,2355,527,0.5
50976,1867,2355,531,3.5
50977,1867,2355,534,4
50978,1867,2355,554,4
50979,1867,2355,559,5
50980,1867,2355,560,4
50981,1867,2355,561,3.5
50982,1867,2355,562,4
50983,1867,2355,564,4
50984,1867,2355,573,4
50985,1867,2355,575,4
50986,1867,2355,577,4.5
50987,1867,2355,580,3.5
50988,1867,2355,584,3.5
50989,1867,2355,585,4
50990,1867,2355,592,3
50991,1867,2355,595,5
50992,1867,2355,596,3
50993,1867,2355,597,5
50994,1867,2355,598,4
50995,1867,2355,607,4
50996,1867,2355,617,3
50997,1867,2355,624,4
50998,1867,2355,626,2
50999,1867,2355,646,5
51000,1867,2355,654,4.5
51001,1867,2355,656,5
51002,1867,2355,671,4
51003,1866,2354,227,1
51004,1866,2354,518,4
51005,1865,2353,8,3.5
51006,1865,2353,15,0.5
51007,1865,2353,17,3.5
51008,1865,2353,23,3
51009,1865,2353,30,5
51010,1865,2353,34,3
51011,1865,2353,73,2.5
51012,1865,2353,78,5
51013,1865,2353,88,3.5
51014,1865,2353,95,4
51015,1865,2353,101,4
51016,1865,2353,105,2.5
51017,1865,2353,118,4
51018,1865,2353,119,3
51019,1865,2353,128,4
51020,1865,2353,150,4
51021,1865,2353,165,4
51022,1865,2353,181,4
51023,1865,2353,195,3
51024,1865,2353,200,4
51025,1865,2353,213,3
51026,1865,2353,214,3
51027,1865,2353,227,5
51028,1865,2353,232,4
51029,1865,2353,237,2.5
51030,1865,2353,242,4
51031,1865,2353,247,4
51032,1865,2353,268,2.5
51033,1865,2353,285,4
51034,1865,2353,292,2.5
51035,1865,2353,311,4
51036,1865,2353,312,2
51037,1865,2353,313,4.5
51038,1865,2353,330,3
51039,1865,2353,353,3.5
51040,1865,2353,355,2.5
51041,1865,2353,380,3.5
51042,1865,2353,384,2.5
51043,1865,2353,388,3
51044,1865,2353,405,4
51045,1865,2353,452,3
51046,1865,2353,453,5
51047,1865,2353,457,2
51048,1865,2353,462,3.5
51049,1865,2353,468,2.5
51050,1865,2353,480,5
51051,1865,2353,505,4
51052,1865,2353,520,2
51053,1865,2353,525,4
51054,1865,2353,528,3
51055,1865,2353,534,4
51056,1865,2353,547,3.5
51057,1865,2353,550,3
51058,1865,2353,559,5
51059,1865,2353,561,3.5
51060,1865,2353,564,4
51061,1865,2353,574,3.5
51062,1865,2353,577,3.5
51063,1865,2353,592,5
51064,1865,2353,596,3.5
51065,1865,2353,605,3
51066,1865,2353,607,4
51067,1865,2353,608,4
51068,1865,2353,624,3
51069,1865,2353,627,3.5
51070,1865,2353,647,4
51071,1865,2353,648,2
51072,1864,2352,30,4
51073,1864,2352,102,3
51074,1864,2352,105,3.5
51075,1864,2352,119,4
51076,1864,2352,160,4
51077,1864,2352,195,4
51078,1864,2352,212,3
51079,1864,2352,214,5
51080,1864,2352,232,5
51081,1864,2352,242,5
51082,1864,2352,265,4
51083,1864,2352,268,3
51084,1864,2352,311,3
51085,1864,2352,321,3
51086,1864,2352,358,2
51087,1864,2352,365,3
51088,1864,2352,373,4
51089,1864,2352,387,4
51090,1864,2352,452,4
51091,1864,2352,463,3
51092,1864,2352,466,3
51093,1864,2352,493,4
51094,1864,2352,497,5
51095,1864,2352,505,3.5
51096,1864,2352,509,4
51097,1864,2352,533,3
51098,1864,2352,539,4
51099,1864,2352,545,5
51100,1864,2352,547,4.5
51101,1864,2352,575,4
51102,1864,2352,580,4
51103,1864,2352,585,5
51104,1864,2352,587,3.5
51105,1864,2352,597,4
51106,1864,2352,605,3
51107,1864,2352,661,3
51108,1863,2351,15,1
51109,1863,2351,23,5
51110,1863,2351,102,5
51111,1863,2351,255,3.5
51112,1863,2351,436,5
51113,1863,2351,481,4.5
51114,1863,2351,564,3
51115,1862,2350,564,3
51116,1861,2349,118,4
51117,1861,2349,242,4
51118,1861,2349,265,3
51119,1861,2349,373,3
51120,1861,2349,472,4
51121,1861,2349,547,4.5
51122,1861,2349,564,5
51123,1861,2349,585,4
51124,1861,2349,597,4
51125,1861,2349,624,2
51126,1861,2349,647,4
51127,1860,2348,4,4
51128,1860,2348,214,3
51129,1860,2348,232,2
51130,1860,2348,299,5
51131,1860,2348,306,3
51132,1860,2348,408,5
51133,1860,2348,509,4
51134,1860,2348,545,4
51135,1860,2348,547,2
51136,1860,2348,564,5
51137,1860,2348,609,1
51138,1859,2347,30,3
51139,1859,2347,239,3
51140,1859,2347,564,4
51141,1858,2346,30,3
51142,1858,2346,118,3
51143,1858,2346,119,3
51144,1858,2346,169,1
51145,1858,2346,214,2
51146,1858,2346,248,2
51147,1858,2346,401,4
51148,1858,2346,452,3
51149,1858,2346,461,2
51150,1858,2346,518,3
51151,1858,2346,529,4
51152,1858,2346,557,4
51153,1858,2346,564,5
51154,1858,2346,608,4
51155,1857,2345,102,3
51156,1857,2345,232,4
51157,1857,2345,518,4
51158,1857,2345,545,4
51159,1856,2344,10,5
51160,1856,2344,102,4
51161,1856,2344,118,5
51162,1856,2344,242,4
51163,1856,2344,472,4
51164,1856,2344,564,4
51165,1855,2342,587,3
51166,1854,2340,15,2
51167,1854,2340,22,2.5
51168,1854,2340,73,0.5
51169,1854,2340,119,3
51170,1854,2340,128,5
51171,1854,2340,189,1
51172,1854,2340,213,3
51173,1854,2340,226,4
51174,1854,2340,227,4
51175,1854,2340,245,4
51176,1854,2340,311,3
51177,1854,2340,342,3
51178,1854,2340,380,2
51179,1854,2340,405,0.5
51180,1854,2340,407,3
51181,1854,2340,509,2
51182,1854,2340,518,3
51183,1854,2340,574,3.5
51184,1854,2340,596,3.5
51185,1854,2340,608,3
51186,1854,2340,652,4
51187,1854,2340,654,4
51188,1854,2340,665,4
51189,1853,2339,227,3
51190,1852,2338,34,2
51191,1852,2338,52,1
51192,1852,2338,119,2
51193,1852,2338,150,3
51194,1852,2338,165,2
51195,1852,2338,227,5
51196,1852,2338,412,3
51197,1852,2338,452,1.5
51198,1852,2338,564,3
51199,1852,2338,574,3
51200,1852,2338,596,3
51201,1852,2338,597,3
51202,1852,2338,648,1
51203,1851,2337,119,4
51204,1851,2337,299,4
51205,1851,2337,414,2
51206,1851,2337,429,2.5
51207,1851,2337,564,5
51208,1851,2337,644,4
51209,1850,2336,15,2
51210,1850,2336,23,3
51211,1850,2336,30,5
51212,1850,2336,35,2
51213,1850,2336,53,4
51214,1850,2336,76,4
51215,1850,2336,78,5
51216,1850,2336,95,4
51217,1850,2336,96,3
51218,1850,2336,102,4
51219,1850,2336,119,5
51220,1850,2336,153,5
51221,1850,2336,171,5
51222,1850,2336,189,3
51223,1850,2336,190,3
51224,1850,2336,199,4
51225,1850,2336,207,0.5
51226,1850,2336,212,3
51227,1850,2336,220,4
51228,1850,2336,227,3
51229,1850,2336,232,5
51230,1850,2336,242,4
51231,1850,2336,292,4
51232,1850,2336,294,3.5
51233,1850,2336,311,3
51234,1850,2336,330,5
51235,1850,2336,341,4
51236,1850,2336,359,4.5
51237,1850,2336,386,3
51238,1850,2336,388,4
51239,1850,2336,407,5
51240,1850,2336,431,4
51241,1850,2336,452,4
51242,1850,2336,460,4
51243,1850,2336,461,2
51244,1850,2336,465,5
51245,1850,2336,467,3
51246,1850,2336,468,3
51247,1850,2336,491,4
51248,1850,2336,544,4.5
51249,1850,2336,547,4
51250,1850,2336,564,3
51251,1850,2336,576,4
51252,1850,2336,605,3
51253,1850,2336,608,4
51254,1850,2336,644,3
51255,1850,2336,646,3
51256,1850,2336,647,5
51257,1849,2335,73,3
51258,1849,2335,91,3
51259,1849,2335,150,4
51260,1849,2335,219,3
51261,1849,2335,227,5
51262,1849,2335,232,1
51263,1849,2335,239,4
51264,1849,2335,247,4
51265,1849,2335,294,3.5
51266,1849,2335,358,2
51267,1849,2335,388,3
51268,1849,2335,402,4.5
51269,1849,2335,457,2.5
51270,1849,2335,460,3
51271,1849,2335,461,3
51272,1849,2335,468,1.5
51273,1849,2335,472,3.5
51274,1849,2335,473,4
51275,1849,2335,518,5
51276,1849,2335,560,3
51277,1849,2335,564,4
51278,1849,2335,580,3
51279,1849,2335,612,3
51280,1849,2335,624,4
51281,1849,2335,654,3.5
51282,1849,2335,665,3
51283,1848,2334,15,3
51284,1848,2334,23,2.5
51285,1848,2334,30,3
51286,1848,2334,78,5
51287,1848,2334,150,2.5
51288,1848,2334,213,3.5
51289,1848,2334,227,5
51290,1848,2334,247,3
51291,1848,2334,311,2
51292,1848,2334,380,4
51293,1848,2334,388,3
51294,1848,2334,452,3
51295,1848,2334,463,3
51296,1848,2334,550,3
51297,1848,2334,608,4
51298,1848,2334,664,4
51299,1847,2333,15,3
51300,1847,2333,23,3.5
51301,1847,2333,74,4
51302,1847,2333,102,4
51303,1847,2333,119,4
51304,1847,2333,143,5
51305,1847,2333,189,2
51306,1847,2333,190,4
51307,1847,2333,227,4
51308,1847,2333,312,3
51309,1847,2333,373,4
51310,1847,2333,407,5
51311,1847,2333,452,3
51312,1847,2333,460,3.5
51313,1847,2333,461,3.5
51314,1847,2333,468,3
51315,1847,2333,509,4
51316,1847,2333,518,4
51317,1847,2333,524,1.5
51318,1847,2333,545,4
51319,1847,2333,547,4
51320,1847,2333,564,4
51321,1847,2333,575,3
51322,1846,2331,239,4
51323,1846,2331,242,5
51324,1846,2331,312,4
51325,1846,2331,427,5
51326,1846,2331,452,3
51327,1846,2331,472,3
51328,1846,2331,491,4
51329,1846,2331,518,2
51330,1846,2331,529,4
51331,1845,2330,111,5
51332,1845,2330,427,4
51333,1845,2330,472,5
51334,1844,2329,8,5
51335,1844,2329,15,1
51336,1844,2329,17,4
51337,1844,2329,23,2.5
51338,1844,2329,26,4
51339,1844,2329,30,3
51340,1844,2329,31,4.5
51341,1844,2329,33,4
51342,1844,2329,48,4.5
51343,1844,2329,56,4
51344,1844,2329,59,4
51345,1844,2329,73,4.5
51346,1844,2329,78,5
51347,1844,2329,84,3
51348,1844,2329,88,2.5
51349,1844,2329,94,4.5
51350,1844,2329,103,4.5
51351,1844,2329,105,4
51352,1844,2329,119,4
51353,1844,2329,133,3
51354,1844,2329,138,3
51355,1844,2329,140,3.5
51356,1844,2329,143,4.5
51357,1844,2329,149,4
51358,1844,2329,159,4.5
51359,1844,2329,165,4.5
51360,1844,2329,178,4
51361,1844,2329,181,5
51362,1844,2329,186,4
51363,1844,2329,187,5
51364,1844,2329,199,3
51365,1844,2329,201,4
51366,1844,2329,212,4.5
51367,1844,2329,220,5
51368,1844,2329,230,4
51369,1844,2329,243,3.5
51370,1844,2329,245,5
51371,1844,2329,250,4
51372,1844,2329,253,5
51373,1844,2329,267,5
51374,1844,2329,268,2.5
51375,1844,2329,271,4
51376,1844,2329,291,4.5
51377,1844,2329,293,4.5
51378,1844,2329,297,3.5
51379,1844,2329,298,3.5
51380,1844,2329,303,3.5
51381,1844,2329,304,5
51382,1844,2329,307,4.5
51383,1844,2329,345,5
51384,1844,2329,352,3
51385,1844,2329,355,4
51386,1844,2329,362,4.5
51387,1844,2329,379,4
51388,1844,2329,380,4
51389,1844,2329,384,4
51390,1844,2329,392,4.5
51391,1844,2329,407,4
51392,1844,2329,423,3.5
51393,1844,2329,425,5
51394,1844,2329,426,4
51395,1844,2329,429,0.5
51396,1844,2329,430,5
51397,1844,2329,431,5
51398,1844,2329,432,5
51399,1844,2329,433,3
51400,1844,2329,439,4
51401,1844,2329,450,4
51402,1844,2329,452,4
51403,1844,2329,454,3.5
51404,1844,2329,455,4.5
51405,1844,2329,457,4
51406,1844,2329,461,3
51407,1844,2329,463,4
51408,1844,2329,468,1.5
51409,1844,2329,472,2
51410,1844,2329,478,5
51411,1844,2329,483,5
51412,1844,2329,494,4.5
51413,1844,2329,501,5
51414,1844,2329,505,3.5
51415,1844,2329,509,4
51416,1844,2329,520,4.5
51417,1844,2329,521,4.5
51418,1844,2329,522,3.5
51419,1844,2329,523,4.5
51420,1844,2329,524,4
51421,1844,2329,527,4
51422,1844,2329,528,3.5
51423,1844,2329,544,4
51424,1844,2329,547,4
51425,1844,2329,560,4
51426,1844,2329,571,4
51427,1844,2329,572,4
51428,1844,2329,580,4.5
51429,1844,2329,583,4
51430,1844,2329,584,4
51431,1844,2329,596,5
51432,1844,2329,598,5
51433,1844,2329,608,4
51434,1844,2329,613,5
51435,1844,2329,615,4
51436,1844,2329,623,4.5
51437,1844,2329,627,4
51438,1844,2329,635,4
51439,1844,2329,648,4
51440,1844,2329,664,4.5
51441,1843,2328,227,5
51442,1843,2328,243,3
51443,1843,2328,285,4
51444,1843,2328,564,2
51445,1842,2327,73,3.5
51446,1842,2327,95,4
51447,1842,2327,401,4
51448,1842,2327,518,3
51449,1842,2327,564,5
51450,1841,2325,285,3
51451,1841,2325,472,4
51452,1841,2325,546,4.5
51453,1841,2325,564,3
51454,1840,2324,8,4
51455,1840,2324,15,2
51456,1840,2324,17,4.5
51457,1840,2324,23,3.5
51458,1840,2324,28,5
51459,1840,2324,38,4.5
51460,1840,2324,48,4.5
51461,1840,2324,56,2
51462,1840,2324,60,5
51463,1840,2324,72,4
51464,1840,2324,73,3.5
51465,1840,2324,83,4
51466,1840,2324,94,5
51467,1840,2324,97,4.5
51468,1840,2324,99,4
51469,1840,2324,111,4
51470,1840,2324,117,4
51471,1840,2324,118,5
51472,1840,2324,130,4.5
51473,1840,2324,131,5
51474,1840,2324,133,4
51475,1840,2324,139,5
51476,1840,2324,147,4.5
51477,1840,2324,148,4
51478,1840,2324,152,3
51479,1840,2324,163,3
51480,1840,2324,175,4
51481,1840,2324,185,5
51482,1840,2324,212,4
51483,1840,2324,220,5
51484,1840,2324,232,5
51485,1840,2324,245,5
51486,1840,2324,250,4.5
51487,1840,2324,253,5
51488,1840,2324,255,4.5
51489,1840,2324,283,5
51490,1840,2324,295,4
51491,1840,2324,306,4
51492,1840,2324,320,3.5
51493,1840,2324,333,5
51494,1840,2324,345,2.5
51495,1840,2324,348,1
51496,1840,2324,350,5
51497,1840,2324,358,5
51498,1840,2324,359,3
51499,1840,2324,362,4.5
51500,1840,2324,371,3.5
51501,1840,2324,373,5
51502,1840,2324,379,4
51503,1840,2324,380,4
51504,1840,2324,381,5
51505,1840,2324,382,3
51506,1840,2324,411,1
51507,1840,2324,417,5
51508,1840,2324,418,4.5
51509,1840,2324,422,5
51510,1840,2324,423,3.5
51511,1840,2324,426,4
51512,1840,2324,427,2
51513,1840,2324,428,2.5
51514,1840,2324,430,4
51515,1840,2324,431,4.5
51516,1840,2324,439,4
51517,1840,2324,441,4.5
51518,1840,2324,450,5
51519,1840,2324,452,5
51520,1840,2324,460,3.5
51521,1840,2324,462,4
51522,1840,2324,466,4
51523,1840,2324,468,3
51524,1840,2324,472,3
51525,1840,2324,486,4
51526,1840,2324,493,4
51527,1840,2324,497,2
51528,1840,2324,500,5
51529,1840,2324,509,3
51530,1840,2324,519,5
51531,1840,2324,521,4.5
51532,1840,2324,522,3.5
51533,1840,2324,523,4
51534,1840,2324,529,4.5
51535,1840,2324,547,5
51536,1840,2324,554,4
51537,1840,2324,561,3.5
51538,1840,2324,565,5
51539,1840,2324,569,4
51540,1840,2324,573,5
51541,1840,2324,574,4
51542,1840,2324,578,4
51543,1840,2324,580,4
51544,1840,2324,585,3
51545,1840,2324,595,4
51546,1840,2324,596,4.5
51547,1840,2324,598,4
51548,1840,2324,608,2
51549,1840,2324,620,2.5
51550,1840,2324,648,4.5
51551,1840,2324,668,5
51552,1840,2324,671,4
51553,1839,2323,509,2
51554,1838,2322,41,3.5
51555,1838,2322,213,3
51556,1838,2322,311,3.5
51557,1838,2322,533,4
51558,1838,2322,564,2
51559,1838,2322,575,2
51560,1838,2322,597,3
51561,1837,2321,15,3.5
51562,1837,2321,23,5
51563,1837,2321,30,5
51564,1837,2321,43,4
51565,1837,2321,56,4
51566,1837,2321,69,4
51567,1837,2321,73,3
51568,1837,2321,77,4
51569,1837,2321,88,3
51570,1837,2321,93,4
51571,1837,2321,98,5
51572,1837,2321,102,3
51573,1837,2321,111,1.5
51574,1837,2321,119,4
51575,1837,2321,120,3
51576,1837,2321,150,2
51577,1837,2321,164,4
51578,1837,2321,165,3
51579,1837,2321,187,4
51580,1837,2321,200,4
51581,1837,2321,212,4.5
51582,1837,2321,213,3
51583,1837,2321,216,4.5
51584,1837,2321,227,1
51585,1837,2321,232,5
51586,1837,2321,240,4
51587,1837,2321,242,4
51588,1837,2321,253,4
51589,1837,2321,255,3
51590,1837,2321,268,4
51591,1837,2321,285,4
51592,1837,2321,292,4.5
51593,1837,2321,294,4
51594,1837,2321,295,4
51595,1837,2321,309,3
51596,1837,2321,311,3
51597,1837,2321,358,5
51598,1837,2321,367,3
51599,1837,2321,387,4
51600,1837,2321,388,4
51601,1837,2321,419,3
51602,1837,2321,439,2
51603,1837,2321,452,5
51604,1837,2321,453,4
51605,1837,2321,460,4
51606,1837,2321,462,3.5
51607,1837,2321,463,4
51608,1837,2321,466,2
51609,1837,2321,468,3
51610,1837,2321,472,3
51611,1837,2321,500,3.5
51612,1837,2321,520,3
51613,1837,2321,529,5
51614,1837,2321,531,3.5
51615,1837,2321,534,3
51616,1837,2321,547,4.5
51617,1837,2321,564,4
51618,1837,2321,585,4
51619,1837,2321,591,3.5
51620,1837,2321,596,3.5
51621,1837,2321,617,2
51622,1837,2321,654,3.5
51623,1837,2321,658,5
51624,1837,2321,665,2
51625,1836,2320,30,4
51626,1836,2320,452,2
51627,1836,2320,461,2
51628,1836,2320,564,3
51629,1835,2318,3,4
51630,1835,2318,15,4.5
51631,1835,2318,48,3.5
51632,1835,2318,73,4.5
51633,1835,2318,102,5
51634,1835,2318,189,5
51635,1835,2318,230,5
51636,1835,2318,299,4
51637,1835,2318,373,5
51638,1835,2318,386,5
51639,1835,2318,430,4.5
51640,1835,2318,439,4
51641,1835,2318,450,5
51642,1835,2318,452,5
51643,1835,2318,457,4
51644,1835,2318,460,4
51645,1835,2318,472,5
51646,1835,2318,476,4
51647,1835,2318,509,4.5
51648,1835,2318,547,1
51649,1835,2318,564,5
51650,1835,2318,608,4
51651,1835,2318,652,4
51652,1834,2316,128,4
51653,1834,2316,187,4
51654,1834,2316,189,1
51655,1834,2316,227,4
51656,1834,2316,294,2
51657,1834,2316,358,1
51658,1834,2316,412,1
51659,1834,2316,429,3
51660,1834,2316,452,2
51661,1834,2316,463,3
51662,1834,2316,493,4
51663,1834,2316,518,3
51664,1834,2316,564,4
51665,1834,2316,665,3
51666,1833,2315,73,2.5
51667,1833,2315,195,1
51668,1833,2315,227,5
51669,1833,2315,457,1.5
51670,1833,2315,564,5
51671,1833,2315,617,3
51672,1832,2314,388,3
51673,1832,2314,452,4
51674,1831,2313,15,3.5
51675,1831,2313,23,3.5
51676,1831,2313,30,4
51677,1831,2313,57,5
51678,1831,2313,102,5
51679,1831,2313,119,5
51680,1831,2313,160,4
51681,1831,2313,195,3
51682,1831,2313,232,5
51683,1831,2313,262,3.5
51684,1831,2313,268,3.5
51685,1831,2313,278,3
51686,1831,2313,299,4.5
51687,1831,2313,306,3
51688,1831,2313,311,3
51689,1831,2313,342,4
51690,1831,2313,360,2
51691,1831,2313,373,4
51692,1831,2313,436,4
51693,1831,2313,442,4
51694,1831,2313,452,4
51695,1831,2313,468,4
51696,1831,2313,497,3
51697,1831,2313,510,2
51698,1831,2313,545,5
51699,1831,2313,547,4
51700,1831,2313,564,5
51701,1831,2313,587,4.5
51702,1830,2312,102,3
51703,1830,2312,119,3
51704,1830,2312,195,3
51705,1830,2312,232,4
51706,1830,2312,242,5
51707,1830,2312,306,4
51708,1830,2312,311,3.5
51709,1830,2312,321,2
51710,1830,2312,373,4
51711,1830,2312,405,4.5
51712,1830,2312,452,4
51713,1830,2312,497,5
51714,1830,2312,505,3
51715,1830,2312,545,5
51716,1830,2312,605,3
51717,1829,2311,15,2
51718,1829,2311,30,3
51719,1829,2311,34,4
51720,1829,2311,41,4
51721,1829,2311,58,5
51722,1829,2311,75,2.5
51723,1829,2311,118,4
51724,1829,2311,134,4
51725,1829,2311,177,3
51726,1829,2311,197,3
51727,1829,2311,248,4
51728,1829,2311,463,4
51729,1829,2311,468,2.5
51730,1829,2311,558,3
51731,1829,2311,594,2
51732,1828,2310,190,4
51733,1828,2310,212,2
51734,1828,2310,472,4
51735,1828,2310,518,5
51736,1828,2310,647,5
51737,1827,2307,30,4
51738,1826,2306,119,2
51739,1826,2306,227,4
51740,1826,2306,239,4
51741,1826,2306,358,2
51742,1826,2306,452,2
51743,1825,2305,73,4.5
51744,1824,2304,407,4
51745,1824,2304,564,4
51746,1824,2304,608,5
51747,1824,2304,609,4
51748,1823,2303,15,3
51749,1823,2303,102,5
51750,1823,2303,119,5
51751,1823,2303,232,2
51752,1823,2303,265,4
51753,1823,2303,312,5
51754,1823,2303,373,4
51755,1823,2303,387,5
51756,1823,2303,452,3
51757,1823,2303,468,4.5
51758,1823,2303,472,4
51759,1823,2303,474,4
51760,1823,2303,509,4
51761,1823,2303,510,2
51762,1823,2303,529,5
51763,1823,2303,547,5
51764,1823,2303,564,4
51765,1823,2303,575,3
51766,1823,2303,595,5
51767,1823,2303,608,4
51768,1823,2303,647,4
51769,1822,2302,8,4.5
51770,1822,2302,9,4
51771,1822,2302,15,3.5
51772,1822,2302,30,4
51773,1822,2302,57,5
51774,1822,2302,59,3.5
51775,1822,2302,63,2
51776,1822,2302,69,4.5
51777,1822,2302,73,3
51778,1822,2302,75,4
51779,1822,2302,83,4
51780,1822,2302,88,3
51781,1822,2302,93,4
51782,1822,2302,101,2.5
51783,1822,2302,119,3
51784,1822,2302,130,1
51785,1822,2302,134,4
51786,1822,2302,139,3.5
51787,1822,2302,146,3.5
51788,1822,2302,159,3.5
51789,1822,2302,165,3
51790,1822,2302,166,4
51791,1822,2302,174,2.5
51792,1822,2302,181,5
51793,1822,2302,189,2
51794,1822,2302,193,4
51795,1822,2302,195,3
51796,1822,2302,201,4
51797,1822,2302,212,3
51798,1822,2302,247,4
51799,1822,2302,268,3
51800,1822,2302,291,2.5
51801,1822,2302,292,4.5
51802,1822,2302,295,5
51803,1822,2302,303,4.5
51804,1822,2302,306,4
51805,1822,2302,311,4
51806,1822,2302,312,3
51807,1822,2302,321,3
51808,1822,2302,342,5
51809,1822,2302,345,4
51810,1822,2302,350,4
51811,1822,2302,358,4
51812,1822,2302,367,3.5
51813,1822,2302,373,3
51814,1822,2302,380,3
51815,1822,2302,387,5
51816,1822,2302,388,5
51817,1822,2302,405,4
51818,1822,2302,408,2
51819,1822,2302,419,4.5
51820,1822,2302,424,2
51821,1822,2302,452,4
51822,1822,2302,457,3
51823,1822,2302,461,2.5
51824,1822,2302,462,4
51825,1822,2302,472,3
51826,1822,2302,509,3
51827,1822,2302,518,3
51828,1822,2302,523,2.5
51829,1822,2302,529,5
51830,1822,2302,534,3
51831,1822,2302,545,1
51832,1822,2302,547,3.5
51833,1822,2302,550,4
51834,1822,2302,562,4
51835,1822,2302,564,4
51836,1822,2302,580,3.5
51837,1822,2302,592,5
51838,1822,2302,607,3.5
51839,1822,2302,617,2
51840,1822,2302,624,3
51841,1822,2302,654,4.5
51842,1822,2302,655,4
51843,1822,2302,658,5
51844,1822,2302,665,3
51845,1821,2301,22,3.5
51846,1821,2301,30,4
51847,1821,2301,57,3
51848,1821,2301,102,4
51849,1821,2301,171,4
51850,1821,2301,285,5
51851,1821,2301,294,3
51852,1821,2301,295,4
51853,1821,2301,358,3
51854,1821,2301,373,3
51855,1821,2301,398,5
51856,1821,2301,439,3
51857,1821,2301,457,2.5
51858,1821,2301,472,3
51859,1821,2301,518,3
51860,1821,2301,564,4
51861,1821,2301,614,4
51862,1821,2301,654,5
51863,1820,2300,28,4
51864,1820,2300,30,5
51865,1820,2300,56,4
51866,1820,2300,57,3
51867,1820,2300,61,5
51868,1820,2300,75,4
51869,1820,2300,83,4
51870,1820,2300,102,5
51871,1820,2300,232,4
51872,1820,2300,257,4
51873,1820,2300,265,5
51874,1820,2300,297,4
51875,1820,2300,303,4
51876,1820,2300,306,5
51877,1820,2300,315,5
51878,1820,2300,358,5
51879,1820,2300,387,4
51880,1820,2300,452,4
51881,1820,2300,468,3
51882,1820,2300,472,5
51883,1820,2300,474,4
51884,1820,2300,505,2
51885,1820,2300,510,4
51886,1820,2300,529,5
51887,1820,2300,531,2
51888,1820,2300,547,5
51889,1820,2300,558,4
51890,1820,2300,564,4
51891,1820,2300,575,5
51892,1820,2300,585,5
51893,1820,2300,587,5
51894,1820,2300,608,4
51895,1820,2300,624,4
51896,1819,2297,78,4
51897,1819,2297,119,2
51898,1819,2297,133,3.5
51899,1819,2297,292,5
51900,1819,2297,306,3
51901,1819,2297,358,1
51902,1819,2297,407,3
51903,1819,2297,452,3
51904,1819,2297,493,4
51905,1819,2297,520,2.5
51906,1819,2297,529,3
51907,1819,2297,564,2
51908,1819,2297,580,3.5
51909,1818,2296,30,2
51910,1818,2296,212,1
51911,1818,2296,227,2
51912,1818,2296,306,3
51913,1818,2296,472,3
51914,1818,2296,486,3
51915,1818,2296,518,3
51916,1818,2296,566,3.5
51917,1817,2295,564,4
51918,1817,2295,587,4
51919,1816,2294,1,2
51920,1816,2294,5,4
51921,1816,2294,9,2
51922,1816,2294,15,2
51923,1816,2294,48,3
51924,1816,2294,73,3.5
51925,1816,2294,95,4
51926,1816,2294,105,3.5
51927,1816,2294,130,3
51928,1816,2294,150,2.5
51929,1816,2294,185,3
51930,1816,2294,190,3
51931,1816,2294,193,4
51932,1816,2294,195,4
51933,1816,2294,212,2.5
51934,1816,2294,213,2
51935,1816,2294,220,5
51936,1816,2294,226,2
51937,1816,2294,236,3.5
51938,1816,2294,276,3.5
51939,1816,2294,285,4
51940,1816,2294,290,5
51941,1816,2294,295,3
51942,1816,2294,304,3.5
51943,1816,2294,328,3
51944,1816,2294,363,4
51945,1816,2294,373,3
51946,1816,2294,381,5
51947,1816,2294,412,3
51948,1816,2294,452,3
51949,1816,2294,458,2
51950,1816,2294,461,1.5
51951,1816,2294,468,2.5
51952,1816,2294,472,4
51953,1816,2294,480,4.5
51954,1816,2294,518,3
51955,1816,2294,534,4
51956,1816,2294,546,5
51957,1816,2294,557,1.5
51958,1816,2294,559,3
51959,1816,2294,560,4
51960,1816,2294,561,2.5
51961,1816,2294,562,4
51962,1816,2294,564,4
51963,1816,2294,580,3
51964,1816,2294,582,2
51965,1816,2294,595,1
51966,1816,2294,607,3.5
51967,1816,2294,608,4
51968,1816,2294,611,3
51969,1816,2294,646,4
51970,1816,2294,654,4
51971,1816,2294,656,5
51972,1815,2292,518,4
51973,1814,2291,9,4
51974,1814,2291,15,3
51975,1814,2291,22,4.5
51976,1814,2291,23,4
51977,1814,2291,28,4
51978,1814,2291,30,5
51979,1814,2291,43,3
51980,1814,2291,48,4
51981,1814,2291,57,4
51982,1814,2291,73,3.5
51983,1814,2291,77,3.5
51984,1814,2291,83,5
51985,1814,2291,88,4.5
51986,1814,2291,93,3.5
51987,1814,2291,102,4
51988,1814,2291,105,4
51989,1814,2291,119,4
51990,1814,2291,128,5
51991,1814,2291,130,3.5
51992,1814,2291,134,4.5
51993,1814,2291,149,3
51994,1814,2291,157,4
51995,1814,2291,175,3
51996,1814,2291,193,4
51997,1814,2291,195,2
51998,1814,2291,204,3
51999,1814,2291,210,2.5
52000,1814,2291,212,3.5
52001,1814,2291,213,2.5
52002,1814,2291,230,4.5
52003,1814,2291,232,4
52004,1814,2291,243,4
52005,1814,2291,251,5
52006,1814,2291,255,5
52007,1814,2291,262,4
52008,1814,2291,268,4.5
52009,1814,2291,270,4
52010,1814,2291,292,5
52011,1814,2291,293,5
52012,1814,2291,294,3.5
52013,1814,2291,299,4
52014,1814,2291,303,3.5
52015,1814,2291,312,4
52016,1814,2291,342,4
52017,1814,2291,345,1
52018,1814,2291,351,4
52019,1814,2291,358,3
52020,1814,2291,373,4
52021,1814,2291,378,4
52022,1814,2291,380,4
52023,1814,2291,384,3.5
52024,1814,2291,394,3
52025,1814,2291,407,5
52026,1814,2291,408,2
52027,1814,2291,422,4
52028,1814,2291,430,5
52029,1814,2291,431,5
52030,1814,2291,433,3.5
52031,1814,2291,452,3
52032,1814,2291,457,3
52033,1814,2291,460,4
52034,1814,2291,461,4
52035,1814,2291,468,3.5
52036,1814,2291,471,4
52037,1814,2291,472,5
52038,1814,2291,481,4
52039,1814,2291,493,2
52040,1814,2291,509,4
52041,1814,2291,518,5
52042,1814,2291,529,3
52043,1814,2291,531,4
52044,1814,2291,534,2
52045,1814,2291,545,5
52046,1814,2291,547,4
52047,1814,2291,561,5
52048,1814,2291,562,4
52049,1814,2291,564,3
52050,1814,2291,575,4
52051,1814,2291,580,4
52052,1814,2291,585,4
52053,1814,2291,597,4
52054,1814,2291,599,4.5
52055,1814,2291,624,3
52056,1814,2291,654,5
52057,1814,2291,658,3
52058,1814,2291,664,4.5
52059,1814,2291,665,3
52060,1814,2291,670,4
52061,1814,2291,671,5
52062,1813,2290,102,4
52063,1813,2290,189,2
52064,1813,2290,358,3
52065,1813,2290,373,4
52066,1813,2290,452,3
52067,1813,2290,545,1
52068,1813,2290,547,4
52069,1813,2290,564,5
52070,1812,2289,4,5
52071,1812,2289,15,4
52072,1812,2289,23,4
52073,1812,2289,30,5
52074,1812,2289,34,5
52075,1812,2289,35,3.5
52076,1812,2289,65,4
52077,1812,2289,73,4
52078,1812,2289,102,4
52079,1812,2289,119,4
52080,1812,2289,134,4
52081,1812,2289,193,3
52082,1812,2289,232,5
52083,1812,2289,242,4
52084,1812,2289,306,4
52085,1812,2289,312,5
52086,1812,2289,321,4
52087,1812,2289,342,4
52088,1812,2289,348,5
52089,1812,2289,358,5
52090,1812,2289,363,5
52091,1812,2289,387,3
52092,1812,2289,388,4
52093,1812,2289,452,5
52094,1812,2289,460,4.5
52095,1812,2289,463,4
52096,1812,2289,468,3.5
52097,1812,2289,472,5
52098,1812,2289,491,4
52099,1812,2289,509,5
52100,1812,2289,528,3
52101,1812,2289,529,3
52102,1812,2289,533,3
52103,1812,2289,547,5
52104,1812,2289,564,4
52105,1812,2289,580,4
52106,1812,2289,585,4
52107,1812,2289,587,4
52108,1812,2289,594,5
52109,1812,2289,595,5
52110,1812,2289,608,4
52111,1812,2289,624,5
52112,1812,2289,628,2.5
52113,1812,2289,647,5
52114,1811,2288,15,3
52115,1811,2288,22,4
52116,1811,2288,34,5
52117,1811,2288,48,3.5
52118,1811,2288,57,4
52119,1811,2288,73,4
52120,1811,2288,105,4
52121,1811,2288,118,4
52122,1811,2288,134,3.5
52123,1811,2288,149,4
52124,1811,2288,155,4
52125,1811,2288,157,4.5
52126,1811,2288,177,4
52127,1811,2288,195,3
52128,1811,2288,199,5
52129,1811,2288,232,5
52130,1811,2288,355,4
52131,1811,2288,367,4.5
52132,1811,2288,380,3
52133,1811,2288,423,5
52134,1811,2288,461,2.5
52135,1811,2288,463,3
52136,1811,2288,475,4
52137,1811,2288,482,3
52138,1811,2288,483,5
52139,1811,2288,493,3
52140,1811,2288,505,3
52141,1811,2288,564,5
52142,1811,2288,577,5
52143,1811,2288,597,3
52144,1811,2288,608,5
52145,1811,2288,626,3
52146,1811,2288,664,4
52147,1810,2287,49,5
52148,1810,2287,232,3
52149,1810,2287,564,4
52150,1810,2287,575,1
52151,1810,2287,580,3
52152,1810,2287,597,5
52153,1809,2286,30,1
52154,1809,2286,358,1
52155,1809,2286,564,3
52156,1808,2285,232,1
52157,1808,2285,472,4
52158,1808,2285,547,5
52159,1807,2284,595,5
52160,1806,2283,547,5
52161,1806,2283,564,3
52162,1806,2283,647,4
52163,1805,2282,15,0.5
52164,1805,2282,102,4
52165,1805,2282,119,4
52166,1805,2282,285,4
52167,1805,2282,299,4.5
52168,1805,2282,388,3
52169,1805,2282,407,4
52170,1805,2282,408,5
52171,1805,2282,472,3
52172,1805,2282,489,3
52173,1805,2282,528,3
52174,1805,2282,564,3
52175,1805,2282,608,4
52176,1805,2282,665,1
52177,1804,2280,388,3
52178,1804,2280,457,3.5
52179,1804,2280,509,3
52180,1804,2280,605,4
52181,1804,2280,647,4
52182,1803,2279,95,4
52183,1803,2279,106,3.5
52184,1803,2279,119,2
52185,1803,2279,128,3
52186,1803,2279,137,1
52187,1803,2279,227,5
52188,1803,2279,285,4
52189,1803,2279,384,3
52190,1803,2279,412,3
52191,1803,2279,534,4
52192,1803,2279,564,5
52193,1802,2278,9,4
52194,1802,2278,15,2.5
52195,1802,2278,16,3.5
52196,1802,2278,17,3.5
52197,1802,2278,23,4
52198,1802,2278,30,3
52199,1802,2278,35,4
52200,1802,2278,73,4
52201,1802,2278,118,4
52202,1802,2278,119,4
52203,1802,2278,163,4
52204,1802,2278,165,1
52205,1802,2278,212,3.5
52206,1802,2278,214,5
52207,1802,2278,242,3
52208,1802,2278,247,4
52209,1802,2278,290,5
52210,1802,2278,310,5
52211,1802,2278,311,3
52212,1802,2278,321,2
52213,1802,2278,330,3
52214,1802,2278,339,4.5
52215,1802,2278,353,3.5
52216,1802,2278,358,1
52217,1802,2278,360,3
52218,1802,2278,379,3
52219,1802,2278,388,4
52220,1802,2278,461,3
52221,1802,2278,509,4
52222,1802,2278,528,3
52223,1802,2278,534,4
52224,1802,2278,544,4.5
52225,1802,2278,550,4
52226,1802,2278,574,4.5
52227,1802,2278,575,2
52228,1802,2278,604,5
52229,1802,2278,607,4.5
52230,1802,2278,608,3
52231,1802,2278,612,4
52232,1802,2278,647,3
52233,1801,2276,452,3
52234,1801,2276,472,3
52235,1800,2275,77,4.5
52236,1800,2275,346,1
52237,1800,2275,580,4
52238,1799,2273,5,4
52239,1799,2273,9,3
52240,1799,2273,15,2.5
52241,1799,2273,23,3.5
52242,1799,2273,37,3
52243,1799,2273,61,3
52244,1799,2273,73,3.5
52245,1799,2273,150,3.5
52246,1799,2273,177,5
52247,1799,2273,212,3.5
52248,1799,2273,213,3
52249,1799,2273,227,4
52250,1799,2273,247,4
52251,1799,2273,251,4
52252,1799,2273,294,3.5
52253,1799,2273,306,3
52254,1799,2273,311,3
52255,1799,2273,339,4
52256,1799,2273,346,4
52257,1799,2273,380,3
52258,1799,2273,388,4
52259,1799,2273,408,4
52260,1799,2273,426,3.5
52261,1799,2273,432,4.5
52262,1799,2273,453,4
52263,1799,2273,457,1.5
52264,1799,2273,458,3
52265,1799,2273,461,3
52266,1799,2273,468,2.5
52267,1799,2273,500,3.5
52268,1799,2273,518,4
52269,1799,2273,525,4
52270,1799,2273,534,4
52271,1799,2273,561,3.5
52272,1799,2273,575,4
52273,1799,2273,580,3.5
52274,1799,2273,592,5
52275,1799,2273,597,4
52276,1799,2273,607,3
52277,1799,2273,608,3
52278,1799,2273,612,3.5
52279,1799,2273,652,4
52280,1799,2273,654,4
52281,1798,2272,242,5
52282,1798,2272,452,3
52283,1798,2272,529,3
52284,1798,2272,547,3.5
52285,1798,2272,564,4
52286,1797,2271,388,2
52287,1797,2271,509,4
52288,1797,2271,547,3.5
52289,1797,2271,564,5
52290,1796,2269,15,2.5
52291,1796,2269,30,5
52292,1796,2269,187,3
52293,1796,2269,189,3
52294,1796,2269,220,1
52295,1796,2269,260,2.5
52296,1796,2269,306,3
52297,1796,2269,404,3
52298,1796,2269,405,3
52299,1796,2269,452,2
52300,1796,2269,460,1.5
52301,1796,2269,461,2
52302,1796,2269,564,3
52303,1796,2269,624,3
52304,1796,2269,670,3
52305,1795,2268,4,5
52306,1795,2268,9,3
52307,1795,2268,15,1
52308,1795,2268,30,5
52309,1795,2268,57,4
52310,1795,2268,63,4
52311,1795,2268,66,4
52312,1795,2268,84,3.5
52313,1795,2268,88,3
52314,1795,2268,93,4.5
52315,1795,2268,101,3.5
52316,1795,2268,102,4
52317,1795,2268,105,3.5
52318,1795,2268,109,4
52319,1795,2268,119,4
52320,1795,2268,120,5
52321,1795,2268,130,3.5
52322,1795,2268,139,5
52323,1795,2268,171,4
52324,1795,2268,178,3
52325,1795,2268,195,3
52326,1795,2268,212,4
52327,1795,2268,217,5
52328,1795,2268,219,3
52329,1795,2268,220,4
52330,1795,2268,235,5
52331,1795,2268,242,5
52332,1795,2268,245,5
52333,1795,2268,259,5
52334,1795,2268,268,3
52335,1795,2268,274,2
52336,1795,2268,282,4
52337,1795,2268,292,4
52338,1795,2268,295,5
52339,1795,2268,306,5
52340,1795,2268,311,4
52341,1795,2268,327,4
52342,1795,2268,339,4.5
52343,1795,2268,342,5
52344,1795,2268,353,3.5
52345,1795,2268,358,3
52346,1795,2268,380,4
52347,1795,2268,388,5
52348,1795,2268,406,3.5
52349,1795,2268,407,3
52350,1795,2268,408,3
52351,1795,2268,422,4
52352,1795,2268,431,4.5
52353,1795,2268,442,4.5
52354,1795,2268,452,5
52355,1795,2268,461,2.5
52356,1795,2268,467,4
52357,1795,2268,468,2.5
52358,1795,2268,505,3
52359,1795,2268,509,4
52360,1795,2268,518,5
52361,1795,2268,520,4
52362,1795,2268,529,4
52363,1795,2268,532,3.5
52364,1795,2268,533,3
52365,1795,2268,534,4
52366,1795,2268,547,3
52367,1795,2268,559,5
52368,1795,2268,562,4.5
52369,1795,2268,564,3
52370,1795,2268,570,2.5
52371,1795,2268,572,5
52372,1795,2268,594,3
52373,1795,2268,607,3.5
52374,1795,2268,608,2
52375,1795,2268,615,3.5
52376,1795,2268,624,4
52377,1795,2268,652,4
52378,1795,2268,654,5
52379,1795,2268,658,3
52380,1795,2268,665,4
52381,1794,2267,30,4
52382,1794,2267,242,4
52383,1794,2267,564,5
52384,1794,2267,609,5
52385,1793,2266,239,3
52386,1793,2266,358,2
52387,1793,2266,387,2
52388,1793,2266,518,3
52389,1793,2266,534,2
52390,1793,2266,564,4
52391,1792,2265,358,2
52392,1792,2265,388,1
52393,1792,2265,518,3
52394,1791,2264,30,2
52395,1791,2264,509,3
52396,1791,2264,624,3
52397,1791,2264,652,4
52398,1790,2263,4,3
52399,1790,2263,30,2
52400,1790,2263,119,3
52401,1790,2263,306,4
52402,1790,2263,388,3
52403,1790,2263,463,3
52404,1790,2263,518,5
52405,1790,2263,564,4
52406,1789,2262,142,2
52407,1789,2262,232,3
52408,1789,2262,242,4
52409,1789,2262,306,4
52410,1789,2262,358,2
52411,1789,2262,373,3
52412,1789,2262,461,1
52413,1789,2262,463,3
52414,1789,2262,466,3
52415,1789,2262,497,2
52416,1789,2262,518,3
52417,1789,2262,545,2
52418,1789,2262,547,1
52419,1789,2262,564,4
52420,1789,2262,594,2
52421,1789,2262,605,3
52422,1789,2262,656,4
52423,1788,2261,358,2
52424,1788,2261,472,5
52425,1788,2261,518,4
52426,1788,2261,564,4
52427,1787,2260,547,2
52428,1787,2260,564,2
52429,1786,2259,12,2
52430,1786,2259,30,3
52431,1786,2259,232,4
52432,1786,2259,294,2
52433,1786,2259,306,2
52434,1786,2259,358,2
52435,1786,2259,405,4
52436,1786,2259,452,1
52437,1786,2259,518,3
52438,1786,2259,547,0.5
52439,1786,2259,564,4
52440,1785,2257,306,3
52441,1785,2257,564,4
52442,1784,2256,564,4
52443,1783,2255,30,2
52444,1783,2255,306,2
52445,1783,2255,358,1
52446,1783,2255,373,3
52447,1783,2255,564,4
52448,1782,2254,306,3
52449,1781,2253,30,3
52450,1781,2253,56,1
52451,1781,2253,119,2
52452,1781,2253,150,2
52453,1781,2253,165,3.5
52454,1781,2253,185,5
52455,1781,2253,232,3
52456,1781,2253,247,3
52457,1781,2253,285,3
52458,1781,2253,294,3
52459,1781,2253,358,1
52460,1781,2253,388,2
52461,1781,2253,471,3.5
52462,1781,2253,509,2
52463,1781,2253,518,3
52464,1781,2253,525,3
52465,1781,2253,575,4
52466,1781,2253,577,3.5
52467,1781,2253,624,1
52468,1781,2253,654,3.5
52469,1780,2252,30,4
52470,1780,2252,73,4
52471,1780,2252,111,2.5
52472,1780,2252,232,5
52473,1780,2252,239,3
52474,1780,2252,306,3
52475,1780,2252,312,2
52476,1780,2252,358,4
52477,1780,2252,460,3.5
52478,1780,2252,550,4
52479,1780,2252,564,2
52480,1780,2252,597,4
52481,1780,2252,646,5
52482,1779,2250,388,3
52483,1779,2250,414,3
52484,1779,2250,452,3
52485,1779,2250,518,3
52486,1779,2250,564,4
52487,1778,2249,9,4
52488,1778,2249,30,4
52489,1778,2249,111,4
52490,1778,2249,239,4
52491,1778,2249,285,4
52492,1778,2249,358,3
52493,1778,2249,388,4
52494,1778,2249,405,3
52495,1778,2249,452,3
52496,1778,2249,472,3
52497,1778,2249,564,4
52498,1778,2249,624,2
52499,1778,2249,658,3
52500,1777,2248,4,4
52501,1777,2248,15,3.5
52502,1777,2248,23,3.5
52503,1777,2248,31,4
52504,1777,2248,56,4
52505,1777,2248,73,3.5
52506,1777,2248,96,3
52507,1777,2248,102,4
52508,1777,2248,165,2
52509,1777,2248,175,4
52510,1777,2248,216,4.5
52511,1777,2248,232,4
52512,1777,2248,239,4
52513,1777,2248,242,4
52514,1777,2248,264,5
52515,1777,2248,268,2
52516,1777,2248,275,4
52517,1777,2248,293,4.5
52518,1777,2248,306,4
52519,1777,2248,311,3.5
52520,1777,2248,342,4
52521,1777,2248,358,5
52522,1777,2248,373,4
52523,1777,2248,387,4
52524,1777,2248,388,5
52525,1777,2248,408,5
52526,1777,2248,431,5
52527,1777,2248,452,3
52528,1777,2248,460,4
52529,1777,2248,461,3.5
52530,1777,2248,463,3
52531,1777,2248,468,3
52532,1777,2248,472,5
52533,1777,2248,497,5
52534,1777,2248,505,3.5
52535,1777,2248,509,3
52536,1777,2248,518,5
52537,1777,2248,527,4.5
52538,1777,2248,545,5
52539,1777,2248,547,5
52540,1777,2248,564,4
52541,1777,2248,580,4.5
52542,1777,2248,585,4
52543,1777,2248,587,3.5
52544,1777,2248,594,4
52545,1777,2248,599,2.5
52546,1777,2248,665,3
52547,1776,2247,30,4
52548,1776,2247,105,3
52549,1776,2247,160,3
52550,1776,2247,232,4
52551,1776,2247,239,3
52552,1776,2247,306,3
52553,1776,2247,312,3
52554,1776,2247,358,4
52555,1776,2247,373,4
52556,1776,2247,518,3
52557,1776,2247,529,4
52558,1776,2247,547,4
52559,1776,2247,564,4
52560,1776,2247,575,2
52561,1776,2247,624,3
52562,1776,2247,652,3.5
52563,1775,2246,373,2
52564,1774,2245,30,4
52565,1774,2245,57,4
52566,1774,2245,160,4
52567,1774,2245,232,4
52568,1774,2245,239,3
52569,1774,2245,242,5
52570,1774,2245,306,4
52571,1774,2245,311,4.5
52572,1774,2245,358,2
52573,1774,2245,373,3
52574,1774,2245,388,4
52575,1774,2245,405,2
52576,1774,2245,439,3
52577,1774,2245,452,4
52578,1774,2245,461,3
52579,1774,2245,463,3
52580,1774,2245,466,3
52581,1774,2245,472,3
52582,1774,2245,505,3
52583,1774,2245,518,3
52584,1774,2245,545,4
52585,1774,2245,547,4.5
52586,1774,2245,564,5
52587,1774,2245,575,4
52588,1774,2245,665,3
52589,1773,2244,518,3
52590,1772,2243,15,4.5
52591,1772,2243,30,5
52592,1772,2243,102,3
52593,1772,2243,105,4
52594,1772,2243,118,5
52595,1772,2243,119,4
52596,1772,2243,195,3
52597,1772,2243,232,3
52598,1772,2243,242,5
52599,1772,2243,306,4
52600,1772,2243,311,3.5
52601,1772,2243,321,3
52602,1772,2243,342,3
52603,1772,2243,358,5
52604,1772,2243,373,4
52605,1772,2243,387,4
52606,1772,2243,452,4
52607,1772,2243,466,5
52608,1772,2243,468,3
52609,1772,2243,472,4
52610,1772,2243,493,3
52611,1772,2243,497,4
52612,1772,2243,505,3.5
52613,1772,2243,509,4
52614,1772,2243,518,4
52615,1772,2243,529,4
52616,1772,2243,545,5
52617,1772,2243,547,4.5
52618,1772,2243,554,5
52619,1772,2243,585,4
52620,1772,2243,587,4.5
52621,1772,2243,594,3
52622,1772,2243,605,3
52623,1772,2243,613,3.5
52624,1772,2243,614,4
52625,1772,2243,624,4
52626,1771,2241,232,4
52627,1771,2241,306,3
52628,1771,2241,358,2
52629,1771,2241,373,3
52630,1771,2241,518,2
52631,1771,2241,564,3
52632,1770,2240,30,4
52633,1770,2240,57,4
52634,1770,2240,69,4.5
52635,1770,2240,102,1
52636,1770,2240,119,3
52637,1770,2240,306,4
52638,1770,2240,395,2
52639,1770,2240,461,2.5
52640,1770,2240,497,5
52641,1770,2240,518,3
52642,1770,2240,533,3
52643,1770,2240,545,1
52644,1770,2240,564,4
52645,1769,2239,545,4
52646,1769,2239,547,2
52647,1769,2239,605,3
52648,1768,2238,232,5
52649,1768,2238,585,4
52650,1768,2238,609,1
52651,1767,2237,452,3
52652,1767,2237,609,1
52653,1766,2236,30,3
52654,1766,2236,117,4
52655,1766,2236,212,2.5
52656,1766,2236,227,1
52657,1766,2236,267,4.5
52658,1766,2236,345,1.5
52659,1766,2236,529,2
52660,1766,2236,564,2
52661,1765,2232,15,4
52662,1765,2232,17,4.5
52663,1765,2232,22,3.5
52664,1765,2232,41,3.5
52665,1765,2232,48,3.5
52666,1765,2232,73,4
52667,1765,2232,103,4
52668,1765,2232,165,5
52669,1765,2232,199,3.5
52670,1765,2232,220,4
52671,1765,2232,243,4
52672,1765,2232,298,5
52673,1765,2232,346,5
52674,1765,2232,355,4
52675,1765,2232,408,5
52676,1765,2232,480,4.5
52677,1765,2232,564,5
52678,1765,2232,574,3
52679,1765,2232,627,4
52680,1765,2232,654,4
52681,1765,2232,664,3.5
52682,1764,2231,15,3
52683,1764,2231,23,3.5
52684,1764,2231,30,5
52685,1764,2231,73,4
52686,1764,2231,75,3.5
52687,1764,2231,78,4.5
52688,1764,2231,105,4
52689,1764,2231,165,3
52690,1764,2231,171,4
52691,1764,2231,187,3.5
52692,1764,2231,199,4
52693,1764,2231,227,5
52694,1764,2231,242,4
52695,1764,2231,292,4.5
52696,1764,2231,311,4.5
52697,1764,2231,356,5
52698,1764,2231,358,4
52699,1764,2231,380,3.5
52700,1764,2231,412,1
52701,1764,2231,422,4
52702,1764,2231,431,4.5
52703,1764,2231,452,3
52704,1764,2231,457,4
52705,1764,2231,461,3
52706,1764,2231,472,3
52707,1764,2231,509,4
52708,1764,2231,524,4.5
52709,1764,2231,534,4
52710,1764,2231,596,3.5
52711,1764,2231,607,4.5
52712,1764,2231,608,3
52713,1764,2231,624,4
52714,1764,2231,627,4
52715,1764,2231,637,5
52716,1764,2231,647,4
52717,1764,2231,665,3
52718,1763,2227,102,4
52719,1762,2221,468,4
52720,1761,2219,102,4
52721,1760,2215,564,4
52722,1759,2214,471,3.5
52723,1758,2212,387,4
52724,1757,2210,468,4
52725,1756,2208,96,5
52726,1756,2208,102,4
52727,1756,2208,195,4
52728,1756,2208,239,4
52729,1756,2208,240,4.5
52730,1756,2208,405,2.5
52731,1756,2208,436,4
52732,1756,2208,468,4
52733,1756,2208,505,3
52734,1756,2208,529,4
52735,1756,2208,547,4
52736,1756,2208,585,5
52737,1756,2208,597,5
52738,1756,2208,605,4
52739,1755,2207,405,4
52740,1754,2206,294,3.5
52741,1754,2206,322,3
52742,1754,2206,387,4
52743,1754,2206,547,4
52744,1754,2206,597,4
52745,1753,2205,23,3.5
52746,1753,2205,522,3.5
52747,1752,2204,17,4.5
52748,1752,2204,387,4
52749,1752,2204,547,4
52750,1751,2203,23,4
52751,1751,2203,102,4
52752,1751,2203,118,4
52753,1751,2203,387,5
52754,1751,2203,468,4
52755,1751,2203,547,5
52756,1751,2203,564,5
52757,1751,2203,585,4
52758,1751,2203,608,5
52759,1751,2203,647,4
52760,1750,2202,28,5
52761,1750,2202,49,5
52762,1750,2202,58,5
52763,1750,2202,102,4
52764,1750,2202,195,3
52765,1750,2202,222,5
52766,1750,2202,232,4
52767,1750,2202,342,5
52768,1750,2202,387,4
52769,1750,2202,405,3
52770,1750,2202,427,5
52771,1749,2201,222,5
52772,1749,2201,236,4
52773,1748,2200,236,4
52774,1747,2197,381,3
52775,1746,2195,73,3
52776,1746,2195,239,3
52777,1746,2195,380,3
52778,1746,2195,408,5
52779,1746,2195,468,1.5
52780,1746,2195,564,2
52781,1746,2195,580,2
52782,1745,2194,4,5
52783,1745,2194,8,4.5
52784,1745,2194,15,4
52785,1745,2194,23,3.5
52786,1745,2194,30,5
52787,1745,2194,38,3
52788,1745,2194,56,2
52789,1745,2194,57,5
52790,1745,2194,59,3.5
52791,1745,2194,66,5
52792,1745,2194,73,4
52793,1745,2194,93,4.5
52794,1745,2194,102,4
52795,1745,2194,105,3
52796,1745,2194,119,4
52797,1745,2194,125,4.5
52798,1745,2194,130,4
52799,1745,2194,150,4
52800,1745,2194,195,3
52801,1745,2194,212,4
52802,1745,2194,214,5
52803,1745,2194,217,5
52804,1745,2194,232,5
52805,1745,2194,236,2.5
52806,1745,2194,242,5
52807,1745,2194,259,3
52808,1745,2194,265,4
52809,1745,2194,268,5
52810,1745,2194,271,4
52811,1745,2194,282,3.5
52812,1745,2194,285,4
52813,1745,2194,291,4.5
52814,1745,2194,303,4
52815,1745,2194,306,4
52816,1745,2194,311,3
52817,1745,2194,313,4.5
52818,1745,2194,321,2
52819,1745,2194,328,3
52820,1745,2194,353,4
52821,1745,2194,358,4
52822,1745,2194,362,3.5
52823,1745,2194,373,4
52824,1745,2194,379,4
52825,1745,2194,388,5
52826,1745,2194,398,4
52827,1745,2194,425,3.5
52828,1745,2194,430,5
52829,1745,2194,433,2.5
52830,1745,2194,442,4.5
52831,1745,2194,452,4
52832,1745,2194,455,3.5
52833,1745,2194,461,3.5
52834,1745,2194,463,5
52835,1745,2194,468,3.5
52836,1745,2194,472,4
52837,1745,2194,505,3.5
52838,1745,2194,509,4
52839,1745,2194,518,5
52840,1745,2194,520,4
52841,1745,2194,522,3
52842,1745,2194,525,4
52843,1745,2194,529,3
52844,1745,2194,545,4
52845,1745,2194,547,2
52846,1745,2194,559,4
52847,1745,2194,562,4.5
52848,1745,2194,564,3
52849,1745,2194,574,4
52850,1745,2194,577,4.5
52851,1745,2194,580,4
52852,1745,2194,587,4
52853,1745,2194,596,3.5
52854,1745,2194,607,4
52855,1745,2194,608,4
52856,1745,2194,624,4
52857,1745,2194,626,4
52858,1745,2194,654,3.5
52859,1745,2194,671,3.5
52860,1744,2193,1,2
52861,1744,2193,4,3
52862,1744,2193,30,3
52863,1744,2193,33,2
52864,1744,2193,57,5
52865,1744,2193,59,0.5
52866,1744,2193,73,4
52867,1744,2193,95,5
52868,1744,2193,98,2.5
52869,1744,2193,102,3
52870,1744,2193,119,4
52871,1744,2193,185,3
52872,1744,2193,195,3
52873,1744,2193,212,2.5
52874,1744,2193,213,2.5
52875,1744,2193,228,5
52876,1744,2193,232,5
52877,1744,2193,243,3.5
52878,1744,2193,247,4
52879,1744,2193,253,3
52880,1744,2193,294,3.5
52881,1744,2193,295,4
52882,1744,2193,303,3
52883,1744,2193,325,1
52884,1744,2193,346,4
52885,1744,2193,384,2.5
52886,1744,2193,405,4
52887,1744,2193,461,3
52888,1744,2193,463,3
52889,1744,2193,466,2
52890,1744,2193,468,2.5
52891,1744,2193,509,2
52892,1744,2193,518,5
52893,1744,2193,525,4
52894,1744,2193,564,4
52895,1744,2193,575,5
52896,1744,2193,579,0.5
52897,1744,2193,580,3.5
52898,1744,2193,604,1
52899,1744,2193,607,4.5
52900,1744,2193,654,4
52901,1744,2193,665,3
52902,1743,2191,581,0.5
52903,1742,2190,504,2
52904,1741,2189,564,4
52905,1740,2188,30,3
52906,1740,2188,74,3
52907,1740,2188,95,3
52908,1740,2188,306,2
52909,1740,2188,388,1
52910,1740,2188,412,1
52911,1740,2188,467,3
52912,1740,2188,504,4
52913,1740,2188,528,2.5
52914,1740,2188,547,2
52915,1740,2188,564,3
52916,1740,2188,617,4
52917,1740,2188,626,3
52918,1740,2188,644,2
52919,1740,2188,656,3
52920,1739,2187,240,4
52921,1739,2187,564,4
52922,1738,2186,15,3
52923,1738,2186,23,5
52924,1738,2186,56,4
52925,1738,2186,96,3
52926,1738,2186,102,5
52927,1738,2186,118,5
52928,1738,2186,195,5
52929,1738,2186,218,4
52930,1738,2186,220,3
52931,1738,2186,236,4
52932,1738,2186,240,4
52933,1738,2186,265,5
52934,1738,2186,423,4
52935,1738,2186,468,4
52936,1738,2186,472,4
52937,1738,2186,547,5
52938,1738,2186,564,3
52939,1738,2186,587,4
52940,1738,2186,595,5
52941,1738,2186,606,5
52942,1738,2186,608,4
52943,1738,2186,626,5
52944,1738,2186,647,5
52945,1737,2184,30,4
52946,1737,2184,148,4.5
52947,1737,2184,405,4
52948,1737,2184,547,4
52949,1737,2184,564,4
52950,1737,2184,575,2
52951,1737,2184,597,5
52952,1737,2184,605,2
52953,1736,2183,23,3.5
52954,1736,2183,30,4
52955,1736,2183,119,4
52956,1736,2183,231,3
52957,1736,2183,236,4
52958,1736,2183,306,4
52959,1736,2183,468,3.5
52960,1736,2183,505,3.5
52961,1736,2183,547,4
52962,1735,2182,195,4
52963,1735,2182,387,4
52964,1734,2181,23,4
52965,1734,2181,187,4
52966,1734,2181,384,3
52967,1734,2181,547,4
52968,1734,2181,564,3
52969,1733,2180,58,4
52970,1733,2180,452,3
52971,1732,2178,23,3
52972,1732,2178,57,4
52973,1732,2178,118,4
52974,1732,2178,220,4
52975,1732,2178,236,3.5
52976,1732,2178,387,3
52977,1732,2178,528,4.5
52978,1732,2178,564,2
52979,1732,2178,596,4
52980,1731,2177,236,3.5
52981,1731,2177,564,5
52982,1730,2176,23,5
52983,1730,2176,75,4
52984,1730,2176,118,4
52985,1730,2176,236,3.5
52986,1730,2176,287,4.5
52987,1730,2176,342,5
52988,1730,2176,387,4
52989,1730,2176,452,3
52990,1730,2176,529,3
52991,1730,2176,547,4
52992,1730,2176,564,4
52993,1730,2176,575,2
52994,1729,2174,4,5
52995,1729,2174,6,4
52996,1729,2174,15,4
52997,1729,2174,22,4
52998,1729,2174,23,3.5
52999,1729,2174,30,4
53000,1729,2174,41,4
53001,1729,2174,57,5
53002,1729,2174,60,4
53003,1729,2174,61,2
53004,1729,2174,63,1
53005,1729,2174,68,4
53006,1729,2174,73,4
53007,1729,2174,75,3.5
53008,1729,2174,77,4
53009,1729,2174,78,4
53010,1729,2174,88,4
53011,1729,2174,102,4
53012,1729,2174,105,4.5
53013,1729,2174,106,4.5
53014,1729,2174,111,4
53015,1729,2174,119,5
53016,1729,2174,130,3
53017,1729,2174,132,4
53018,1729,2174,134,5
53019,1729,2174,137,3
53020,1729,2174,139,3
53021,1729,2174,148,4
53022,1729,2174,165,3.5
53023,1729,2174,167,2
53024,1729,2174,195,2
53025,1729,2174,197,3
53026,1729,2174,212,2.5
53027,1729,2174,213,1
53028,1729,2174,214,4
53029,1729,2174,217,2.5
53030,1729,2174,221,2.5
53031,1729,2174,232,5
53032,1729,2174,234,4.5
53033,1729,2174,239,4
53034,1729,2174,243,3.5
53035,1729,2174,244,3.5
53036,1729,2174,247,4
53037,1729,2174,261,1
53038,1729,2174,262,4
53039,1729,2174,268,3.5
53040,1729,2174,271,4
53041,1729,2174,285,4
53042,1729,2174,292,3.5
53043,1729,2174,293,1.5
53044,1729,2174,299,4.5
53045,1729,2174,303,4.5
53046,1729,2174,306,3
53047,1729,2174,312,3
53048,1729,2174,324,4
53049,1729,2174,345,1.5
53050,1729,2174,346,3
53051,1729,2174,353,2
53052,1729,2174,355,3.5
53053,1729,2174,358,1
53054,1729,2174,373,4
53055,1729,2174,377,2.5
53056,1729,2174,378,3.5
53057,1729,2174,380,3.5
53058,1729,2174,388,5
53059,1729,2174,394,3
53060,1729,2174,398,3
53061,1729,2174,405,3.5
53062,1729,2174,408,2
53063,1729,2174,423,2
53064,1729,2174,430,4
53065,1729,2174,431,3
53066,1729,2174,439,3
53067,1729,2174,442,4.5
53068,1729,2174,457,3.5
53069,1729,2174,460,4
53070,1729,2174,461,3
53071,1729,2174,463,3
53072,1729,2174,466,3
53073,1729,2174,468,3
53074,1729,2174,472,5
53075,1729,2174,497,2
53076,1729,2174,509,3
53077,1729,2174,518,4
53078,1729,2174,519,4
53079,1729,2174,527,3.5
53080,1729,2174,529,3
53081,1729,2174,547,0.5
53082,1729,2174,561,4
53083,1729,2174,564,4
53084,1729,2174,574,3.5
53085,1729,2174,575,2
53086,1729,2174,577,4.5
53087,1729,2174,580,3.5
53088,1729,2174,585,4
53089,1729,2174,598,4
53090,1729,2174,607,3.5
53091,1729,2174,621,4
53092,1729,2174,624,3
53093,1729,2174,644,4
53094,1729,2174,646,4
53095,1729,2174,654,4.5
53096,1729,2174,655,4
53097,1729,2174,669,3
53098,1728,2173,232,5
53099,1728,2173,470,2.5
53100,1728,2173,597,3
53101,1727,2171,306,4
53102,1727,2171,407,4
53103,1727,2171,472,4
53104,1727,2171,547,3.5
53105,1726,2170,33,2
53106,1726,2170,534,3
53107,1726,2170,564,3
53108,1726,2170,646,4
53109,1725,2169,388,1
53110,1725,2169,472,3
53111,1725,2169,504,4
53112,1725,2169,528,2.5
53113,1725,2169,605,3
53114,1725,2169,624,3
53115,1724,2168,294,4.5
53116,1724,2168,306,2
53117,1724,2168,467,4
53118,1724,2168,518,3
53119,1723,2167,15,3
53120,1723,2167,17,2
53121,1723,2167,48,3.5
53122,1723,2167,59,4
53123,1723,2167,73,3
53124,1723,2167,74,4
53125,1723,2167,75,2.5
53126,1723,2167,77,4
53127,1723,2167,95,4
53128,1723,2167,105,3
53129,1723,2167,119,3
53130,1723,2167,157,2.5
53131,1723,2167,177,5
53132,1723,2167,189,5
53133,1723,2167,212,3
53134,1723,2167,213,3
53135,1723,2167,243,3
53136,1723,2167,247,4
53137,1723,2167,251,4
53138,1723,2167,281,3.5
53139,1723,2167,285,4
53140,1723,2167,290,4
53141,1723,2167,294,3.5
53142,1723,2167,295,4
53143,1723,2167,300,3.5
53144,1723,2167,312,2
53145,1723,2167,332,4.5
53146,1723,2167,337,1
53147,1723,2167,346,3
53148,1723,2167,355,4
53149,1723,2167,370,3.5
53150,1723,2167,380,4
53151,1723,2167,381,2
53152,1723,2167,384,3.5
53153,1723,2167,408,5
53154,1723,2167,418,3.5
53155,1723,2167,419,3.5
53156,1723,2167,423,2.5
53157,1723,2167,455,3.5
53158,1723,2167,461,3
53159,1723,2167,470,2
53160,1723,2167,475,4
53161,1723,2167,504,3
53162,1723,2167,525,5
53163,1723,2167,550,3
53164,1723,2167,564,4
53165,1723,2167,574,3
53166,1723,2167,580,3
53167,1723,2167,582,4.5
53168,1723,2167,584,1.5
53169,1723,2167,592,3
53170,1723,2167,596,4
53171,1723,2167,607,4
53172,1723,2167,611,1
53173,1723,2167,615,3.5
53174,1723,2167,627,2.5
53175,1723,2167,648,1.5
53176,1723,2167,664,3
53177,1722,2166,30,4
53178,1722,2166,128,4
53179,1722,2166,311,3
53180,1722,2166,388,4
53181,1722,2166,452,3
53182,1722,2166,467,4
53183,1722,2166,547,2.5
53184,1722,2166,564,5
53185,1721,2165,427,4
53186,1721,2165,467,2
53187,1721,2165,509,4
53188,1721,2165,547,3.5
53189,1721,2165,564,5
53190,1721,2165,608,4
53191,1721,2165,614,5
53192,1720,2164,73,1
53193,1720,2164,463,1
53194,1719,2163,57,2
53195,1719,2163,58,4
53196,1719,2163,95,3
53197,1719,2163,102,4
53198,1719,2163,129,3
53199,1719,2163,243,3
53200,1719,2163,294,3.5
53201,1719,2163,564,3
53202,1719,2163,605,3
53203,1718,2162,128,4
53204,1718,2162,157,2.5
53205,1718,2162,232,3
53206,1718,2162,294,3.5
53207,1718,2162,346,2
53208,1718,2162,388,1
53209,1718,2162,518,3
53210,1718,2162,531,3
53211,1718,2162,564,2
53212,1717,2161,4,5
53213,1717,2161,15,3
53214,1717,2161,49,4
53215,1717,2161,57,3
53216,1717,2161,59,0.5
53217,1717,2161,61,2
53218,1717,2161,73,3.5
53219,1717,2161,75,4.5
53220,1717,2161,119,3
53221,1717,2161,130,3.5
53222,1717,2161,137,2
53223,1717,2161,149,4
53224,1717,2161,185,4
53225,1717,2161,196,2
53226,1717,2161,212,3
53227,1717,2161,213,2
53228,1717,2161,232,4
53229,1717,2161,243,2.5
53230,1717,2161,285,4
53231,1717,2161,292,3.5
53232,1717,2161,294,3.5
53233,1717,2161,295,4
53234,1717,2161,346,3
53235,1717,2161,408,4
53236,1717,2161,468,3
53237,1717,2161,480,4
53238,1717,2161,485,3.5
53239,1717,2161,509,2
53240,1717,2161,518,4
53241,1717,2161,523,4
53242,1717,2161,564,4
53243,1717,2161,577,4.5
53244,1717,2161,580,4
53245,1717,2161,596,3
53246,1717,2161,604,1
53247,1717,2161,607,3.5
53248,1717,2161,654,4
53249,1717,2161,664,3.5
53250,1716,2160,15,3
53251,1716,2160,17,4.5
53252,1716,2160,30,5
53253,1716,2160,43,1
53254,1716,2160,95,3
53255,1716,2160,99,3
53256,1716,2160,102,5
53257,1716,2160,118,3
53258,1716,2160,119,4
53259,1716,2160,134,4
53260,1716,2160,257,4.5
53261,1716,2160,262,3.5
53262,1716,2160,294,3.5
53263,1716,2160,299,5
53264,1716,2160,337,1
53265,1716,2160,348,5
53266,1716,2160,360,4
53267,1716,2160,424,4.5
53268,1716,2160,452,3
53269,1716,2160,457,4.5
53270,1716,2160,468,3.5
53271,1716,2160,472,4.5
53272,1716,2160,474,4
53273,1716,2160,481,4
53274,1716,2160,482,3
53275,1716,2160,505,3
53276,1716,2160,509,3
53277,1716,2160,518,3
53278,1716,2160,527,4
53279,1716,2160,529,3
53280,1716,2160,547,4
53281,1716,2160,564,5
53282,1716,2160,596,3.5
53283,1716,2160,608,5
53284,1716,2160,617,4
53285,1716,2160,618,4
53286,1715,2159,17,2.5
53287,1715,2159,30,2
53288,1715,2159,73,3
53289,1715,2159,105,4
53290,1715,2159,262,3
53291,1715,2159,299,4.5
53292,1715,2159,472,4
53293,1715,2159,564,2
53294,1714,2155,83,4
53295,1714,2155,119,3
53296,1714,2155,193,4
53297,1714,2155,285,4
53298,1714,2155,452,2
53299,1714,2155,463,3
53300,1714,2155,504,4
53301,1714,2155,509,4
53302,1714,2155,547,2
53303,1714,2155,617,3
53304,1713,2154,467,4
53305,1713,2154,509,2
53306,1713,2154,518,3
53307,1713,2154,534,2
53308,1713,2154,564,4
53309,1713,2154,605,1
53310,1712,2153,46,5
53311,1712,2153,57,1
53312,1712,2153,58,2
53313,1712,2153,111,2
53314,1712,2153,136,4
53315,1712,2153,294,2.5
53316,1712,2153,311,0.5
53317,1712,2153,370,2
53318,1712,2153,384,2
53319,1712,2153,453,2
53320,1712,2153,504,3
53321,1712,2153,564,1
53322,1712,2153,624,1
53323,1711,2152,557,3.5
53324,1711,2152,564,1
53325,1710,2151,130,3.5
53326,1710,2151,294,4.5
53327,1710,2151,405,4
53328,1710,2151,532,4.5
53329,1710,2151,564,2
53330,1709,2150,1,3
53331,1709,2150,15,3
53332,1709,2150,43,3
53333,1709,2150,54,4
53334,1709,2150,73,3
53335,1709,2150,79,0.5
53336,1709,2150,130,4
53337,1709,2150,177,4
53338,1709,2150,195,2
53339,1709,2150,232,5
53340,1709,2150,294,4
53341,1709,2150,311,3.5
53342,1709,2150,350,4
53343,1709,2150,358,3
53344,1709,2150,373,3
53345,1709,2150,387,5
53346,1709,2150,405,5
53347,1709,2150,408,2
53348,1709,2150,439,3
53349,1709,2150,467,3
53350,1709,2150,468,2.5
53351,1709,2150,472,4
53352,1709,2150,474,1
53353,1709,2150,485,4
53354,1709,2150,497,4
53355,1709,2150,500,4
53356,1709,2150,510,4
53357,1709,2150,547,4.5
53358,1709,2150,564,3
53359,1709,2150,575,4
53360,1709,2150,580,3.5
53361,1709,2150,594,4
53362,1709,2150,597,5
53363,1709,2150,605,3
53364,1709,2150,646,5
53365,1709,2150,654,4
53366,1708,2149,95,3
53367,1708,2149,564,1
53368,1707,2148,30,1
53369,1707,2148,73,3.5
53370,1707,2148,95,4
53371,1707,2148,177,5
53372,1707,2148,423,4.5
53373,1707,2148,564,4
53374,1706,2147,189,1
53375,1706,2147,306,1
53376,1706,2147,311,0.5
53377,1706,2147,621,2.5
53378,1706,2147,656,4
53379,1705,2146,30,4
53380,1705,2146,102,3
53381,1705,2146,187,3
53382,1705,2146,242,4
53383,1705,2146,294,3.5
53384,1705,2146,306,4
53385,1705,2146,358,2
53386,1705,2146,388,2
53387,1705,2146,463,4
53388,1705,2146,497,4
53389,1705,2146,505,3.5
53390,1705,2146,518,3
53391,1705,2146,529,3
53392,1705,2146,545,2
53393,1705,2146,547,2
53394,1705,2146,564,4
53395,1705,2146,575,3
53396,1705,2146,624,3
53397,1704,2145,15,2
53398,1704,2145,30,3
53399,1704,2145,33,4
53400,1704,2145,102,3
53401,1704,2145,106,3.5
53402,1704,2145,180,3
53403,1704,2145,193,4
53404,1704,2145,212,3
53405,1704,2145,232,4
53406,1704,2145,242,4
53407,1704,2145,262,5
53408,1704,2145,264,3
53409,1704,2145,294,2
53410,1704,2145,304,1.5
53411,1704,2145,306,4
53412,1704,2145,311,3.5
53413,1704,2145,356,4
53414,1704,2145,358,3
53415,1704,2145,373,2
53416,1704,2145,452,3
53417,1704,2145,457,3
53418,1704,2145,461,3.5
53419,1704,2145,463,3
53420,1704,2145,465,4
53421,1704,2145,466,2
53422,1704,2145,472,4
53423,1704,2145,497,4
53424,1704,2145,500,4.5
53425,1704,2145,505,3.5
53426,1704,2145,509,2
53427,1704,2145,518,4
53428,1704,2145,529,3
53429,1704,2145,545,5
53430,1704,2145,547,3.5
53431,1704,2145,564,4
53432,1704,2145,580,3.5
53433,1704,2145,598,3
53434,1704,2145,599,5
53435,1704,2145,606,4.5
53436,1704,2145,621,3.5
53437,1704,2145,628,2
53438,1704,2145,651,3
53439,1703,2144,4,5
53440,1703,2144,30,3
53441,1703,2144,43,3
53442,1703,2144,56,4
53443,1703,2144,57,3
53444,1703,2144,61,3
53445,1703,2144,73,4.5
53446,1703,2144,98,5
53447,1703,2144,102,3
53448,1703,2144,134,4.5
53449,1703,2144,170,3
53450,1703,2144,177,5
53451,1703,2144,195,3
53452,1703,2144,212,3.5
53453,1703,2144,232,5
53454,1703,2144,239,4
53455,1703,2144,262,5
53456,1703,2144,268,2.5
53457,1703,2144,292,4.5
53458,1703,2144,294,3.5
53459,1703,2144,306,4
53460,1703,2144,311,3.5
53461,1703,2144,358,4
53462,1703,2144,373,3
53463,1703,2144,408,4
53464,1703,2144,423,3.5
53465,1703,2144,439,4
53466,1703,2144,442,4
53467,1703,2144,452,4
53468,1703,2144,457,3.5
53469,1703,2144,461,4.5
53470,1703,2144,463,3
53471,1703,2144,466,2
53472,1703,2144,472,5
53473,1703,2144,497,3
53474,1703,2144,500,3.5
53475,1703,2144,505,3.5
53476,1703,2144,509,3
53477,1703,2144,518,5
53478,1703,2144,547,2.5
53479,1703,2144,564,5
53480,1703,2144,580,4
53481,1703,2144,582,4
53482,1703,2144,599,5
53483,1703,2144,621,4
53484,1703,2144,654,4.5
53485,1702,2143,4,4
53486,1702,2143,23,1.5
53487,1702,2143,57,3
53488,1702,2143,73,3.5
53489,1702,2143,119,3
53490,1702,2143,213,1.5
53491,1702,2143,232,5
53492,1702,2143,243,2.5
53493,1702,2143,285,4
53494,1702,2143,294,3.5
53495,1702,2143,346,3
53496,1702,2143,463,3
53497,1702,2143,518,5
53498,1702,2143,525,4
53499,1702,2143,564,4
53500,1701,2142,73,3.5
53501,1701,2142,128,3
53502,1701,2142,185,3
53503,1701,2142,289,4.5
53504,1701,2142,294,3
53505,1701,2142,328,3
53506,1701,2142,408,3
53507,1701,2142,534,5
53508,1701,2142,557,1
53509,1701,2142,564,4
53510,1701,2142,624,3
53511,1701,2142,665,3
53512,1700,2141,4,4
53513,1700,2141,177,4
53514,1700,2141,185,3
53515,1700,2141,213,2.5
53516,1700,2141,247,4
53517,1700,2141,294,3
53518,1700,2141,328,3.5
53519,1700,2141,358,3
53520,1700,2141,414,3
53521,1700,2141,439,4
53522,1700,2141,463,3
53523,1700,2141,466,3
53524,1700,2141,472,3
53525,1700,2141,500,3
53526,1700,2141,518,4
53527,1700,2141,557,1
53528,1700,2141,564,4
53529,1700,2141,579,0.5
53530,1700,2141,580,3.5
53531,1700,2141,595,5
53532,1700,2141,597,3
53533,1700,2141,624,3
53534,1700,2141,646,4
53535,1700,2141,654,4.5
53536,1700,2141,656,4
53537,1700,2141,665,5
53538,1699,2140,4,5
53539,1699,2140,9,4
53540,1699,2140,15,3
53541,1699,2140,73,4
53542,1699,2140,77,4.5
53543,1699,2140,102,3
53544,1699,2140,119,3
53545,1699,2140,130,3.5
53546,1699,2140,213,2.5
53547,1699,2140,232,5
53548,1699,2140,268,2
53549,1699,2140,285,3
53550,1699,2140,291,5
53551,1699,2140,294,4
53552,1699,2140,346,4
53553,1699,2140,363,5
53554,1699,2140,388,3
53555,1699,2140,398,4
53556,1699,2140,430,4
53557,1699,2140,466,2
53558,1699,2140,518,3
53559,1699,2140,564,4
53560,1699,2140,577,4.5
53561,1699,2140,580,3.5
53562,1699,2140,597,4
53563,1699,2140,607,3
53564,1699,2140,624,3
53565,1699,2140,654,4.5
53566,1698,2139,8,3
53567,1698,2139,73,4
53568,1698,2139,77,4
53569,1698,2139,118,3
53570,1698,2139,130,4
53571,1698,2139,185,3
53572,1698,2139,195,3
53573,1698,2139,212,3.5
53574,1698,2139,232,3
53575,1698,2139,285,3
53576,1698,2139,294,3
53577,1698,2139,301,3
53578,1698,2139,328,3
53579,1698,2139,363,4
53580,1698,2139,366,1.5
53581,1698,2139,461,2
53582,1698,2139,468,3
53583,1698,2139,500,4.5
53584,1698,2139,518,4
53585,1698,2139,564,5
53586,1698,2139,579,0.5
53587,1698,2139,580,3.5
53588,1698,2139,595,1
53589,1698,2139,607,3.5
53590,1698,2139,624,3
53591,1698,2139,654,4
53592,1698,2139,665,5
53593,1697,2138,73,4.5
53594,1697,2138,102,4
53595,1697,2138,119,3
53596,1697,2138,232,4
53597,1697,2138,285,3
53598,1697,2138,355,3
53599,1697,2138,380,4
53600,1697,2138,430,5
53601,1697,2138,463,4
53602,1697,2138,564,5
53603,1697,2138,577,4.5
53604,1697,2138,580,3.5
53605,1697,2138,595,5
53606,1697,2138,621,3.5
53607,1696,2137,102,5
53608,1696,2137,128,5
53609,1696,2137,185,3
53610,1696,2137,212,2
53611,1696,2137,235,5
53612,1696,2137,253,3
53613,1696,2137,294,3
53614,1696,2137,306,4
53615,1696,2137,311,3.5
53616,1696,2137,328,3
53617,1696,2137,331,5
53618,1696,2137,342,4
53619,1696,2137,358,4
53620,1696,2137,363,3
53621,1696,2137,373,4
53622,1696,2137,392,3.5
53623,1696,2137,404,5
53624,1696,2137,468,2
53625,1696,2137,557,2.5
53626,1696,2137,564,5
53627,1696,2137,577,4.5
53628,1696,2137,595,5
53629,1696,2137,605,4
53630,1696,2137,621,3
53631,1696,2137,665,4
53632,1695,2136,30,3
53633,1695,2136,69,1
53634,1695,2136,99,1
53635,1695,2136,119,3
53636,1695,2136,186,1
53637,1695,2136,187,2.5
53638,1695,2136,239,3
53639,1695,2136,294,4
53640,1695,2136,301,3.5
53641,1695,2136,358,3
53642,1695,2136,408,2
53643,1695,2136,472,4
53644,1695,2136,529,2
53645,1695,2136,564,4
53646,1695,2136,575,3
53647,1695,2136,597,2
53648,1695,2136,599,2.5
53649,1695,2136,646,4
53650,1694,2135,99,1
53651,1694,2135,102,4
53652,1694,2135,132,4
53653,1694,2135,136,3.5
53654,1694,2135,137,3
53655,1694,2135,195,3
53656,1694,2135,234,2.5
53657,1694,2135,358,4
53658,1694,2135,363,4
53659,1694,2135,547,1
53660,1694,2135,564,3
53661,1694,2135,605,3
53662,1693,2134,15,3.5
53663,1693,2134,73,4
53664,1693,2134,75,3
53665,1693,2134,111,3.5
53666,1693,2134,165,3
53667,1693,2134,195,2
53668,1693,2134,212,3
53669,1693,2134,228,4
53670,1693,2134,239,4
53671,1693,2134,247,3
53672,1693,2134,262,3
53673,1693,2134,285,3
53674,1693,2134,306,2
53675,1693,2134,346,5
53676,1693,2134,358,2
53677,1693,2134,366,3
53678,1693,2134,373,2
53679,1693,2134,388,3
53680,1693,2134,398,4
53681,1693,2134,414,3
53682,1693,2134,423,3
53683,1693,2134,439,3
53684,1693,2134,457,2.5
53685,1693,2134,461,3.5
53686,1693,2134,463,3
53687,1693,2134,468,2.5
53688,1693,2134,497,4
53689,1693,2134,509,2
53690,1693,2134,518,4
53691,1693,2134,564,4
53692,1693,2134,580,3.5
53693,1693,2134,614,2
53694,1693,2134,615,2
53695,1693,2134,621,4.5
53696,1693,2134,624,3
53697,1693,2134,654,3.5
53698,1692,2133,15,3.5
53699,1692,2133,58,4
53700,1692,2133,111,4
53701,1692,2133,142,2
53702,1692,2133,177,5
53703,1692,2133,212,2.5
53704,1692,2133,232,4
53705,1692,2133,239,3
53706,1692,2133,247,3
53707,1692,2133,311,3.5
53708,1692,2133,358,1
53709,1692,2133,388,2
53710,1692,2133,408,3
53711,1692,2133,439,4
53712,1692,2133,444,1
53713,1692,2133,457,3
53714,1692,2133,509,1
53715,1692,2133,518,4
53716,1692,2133,564,4
53717,1692,2133,605,2
53718,1692,2133,652,5
53719,1692,2133,654,4
53720,1691,2132,23,4
53721,1691,2132,99,2
53722,1691,2132,102,5
53723,1691,2132,119,4
53724,1691,2132,134,5
53725,1691,2132,187,4
53726,1691,2132,195,3
53727,1691,2132,265,5
53728,1691,2132,301,5
53729,1691,2132,311,3
53730,1691,2132,342,5
53731,1691,2132,376,5
53732,1691,2132,387,4
53733,1691,2132,436,5
53734,1691,2132,452,5
53735,1691,2132,468,3
53736,1691,2132,509,5
53737,1691,2132,529,3
53738,1691,2132,547,5
53739,1691,2132,558,5
53740,1691,2132,564,5
53741,1691,2132,575,2
53742,1691,2132,587,4.5
53743,1690,2131,38,4.5
53744,1690,2131,81,4
53745,1690,2131,236,4
53746,1690,2131,436,5
53747,1690,2131,564,5
53748,1689,2130,57,4
53749,1689,2130,102,5
53750,1689,2130,232,4
53751,1689,2130,265,4
53752,1689,2130,358,5
53753,1689,2130,387,4
53754,1689,2130,452,3.5
53755,1689,2130,472,3
53756,1689,2130,510,4
53757,1689,2130,547,4
53758,1689,2130,564,5
53759,1689,2130,656,4
53760,1688,2128,185,2
53761,1688,2128,509,4
53762,1687,2126,15,1
53763,1687,2126,23,2
53764,1687,2126,30,4
53765,1687,2126,99,1
53766,1687,2126,105,3
53767,1687,2126,128,4
53768,1687,2126,213,1.5
53769,1687,2126,242,4
53770,1687,2126,358,3
53771,1687,2126,412,2
53772,1687,2126,442,0.5
53773,1687,2126,452,3
53774,1687,2126,504,4
53775,1687,2126,509,2
53776,1687,2126,518,3
53777,1687,2126,534,4
53778,1687,2126,550,4
53779,1687,2126,564,5
53780,1687,2126,597,3
53781,1687,2126,608,3
53782,1687,2126,624,2
53783,1687,2126,647,2
53784,1687,2126,664,3.5
53785,1686,2125,9,4
53786,1686,2125,57,4
53787,1686,2125,111,3.5
53788,1686,2125,175,4
53789,1686,2125,177,4
53790,1686,2125,212,4
53791,1686,2125,213,3.5
53792,1686,2125,242,4
53793,1686,2125,264,5
53794,1686,2125,294,4.5
53795,1686,2125,311,4
53796,1686,2125,358,4
53797,1686,2125,382,3
53798,1686,2125,408,5
53799,1686,2125,452,3
53800,1686,2125,461,2
53801,1686,2125,468,2
53802,1686,2125,493,4
53803,1686,2125,504,1
53804,1686,2125,518,5
53805,1686,2125,522,2.5
53806,1686,2125,534,3
53807,1686,2125,547,3.5
53808,1686,2125,564,4
53809,1686,2125,582,4.5
53810,1686,2125,605,4
53811,1686,2125,653,5
53812,1686,2125,665,5
53813,1685,2124,4,4
53814,1685,2124,15,2
53815,1685,2124,30,4
53816,1685,2124,58,3
53817,1685,2124,73,3.5
53818,1685,2124,102,4
53819,1685,2124,105,3.5
53820,1685,2124,119,3
53821,1685,2124,130,2.5
53822,1685,2124,187,4
53823,1685,2124,195,3
53824,1685,2124,202,3
53825,1685,2124,243,3.5
53826,1685,2124,247,4
53827,1685,2124,268,3
53828,1685,2124,285,3
53829,1685,2124,286,2
53830,1685,2124,294,4
53831,1685,2124,306,4
53832,1685,2124,312,4
53833,1685,2124,358,2
53834,1685,2124,377,3.5
53835,1685,2124,380,4
53836,1685,2124,451,3
53837,1685,2124,457,2
53838,1685,2124,461,2
53839,1685,2124,471,3.5
53840,1685,2124,518,4
53841,1685,2124,557,2.5
53842,1685,2124,564,4
53843,1685,2124,571,4
53844,1685,2124,580,3
53845,1685,2124,592,3
53846,1685,2124,624,3
53847,1685,2124,654,4.5
53848,1684,2123,61,2.5
53849,1684,2123,73,4
53850,1684,2123,95,4
53851,1684,2123,147,4
53852,1684,2123,294,2
53853,1684,2123,402,3
53854,1684,2123,518,2
53855,1684,2123,557,2
53856,1684,2123,564,4
53857,1684,2123,665,4
53858,1683,2122,30,2
53859,1683,2122,57,1
53860,1683,2122,202,2
53861,1683,2122,243,2
53862,1683,2122,457,2.5
53863,1683,2122,461,2
53864,1683,2122,463,2
53865,1683,2122,518,4
53866,1683,2122,564,4
53867,1683,2122,617,2
53868,1683,2122,665,2
53869,1682,2121,30,2
53870,1682,2121,57,3
53871,1682,2121,95,2
53872,1682,2121,102,2
53873,1682,2121,243,2
53874,1682,2121,285,2
53875,1682,2121,452,3
53876,1682,2121,518,5
53877,1682,2121,564,4
53878,1681,2120,30,4
53879,1681,2120,95,3
53880,1681,2120,119,3
53881,1681,2120,285,4
53882,1681,2120,452,1
53883,1681,2120,457,2.5
53884,1681,2120,518,4
53885,1681,2120,564,4
53886,1681,2120,575,3
53887,1680,2119,95,5
53888,1680,2119,285,2
53889,1680,2119,463,1
53890,1680,2119,518,3
53891,1680,2119,564,4
53892,1680,2119,580,3
53893,1679,2118,17,4
53894,1679,2118,30,4
53895,1679,2118,57,2
53896,1679,2118,95,4
53897,1679,2118,102,4
53898,1679,2118,118,3
53899,1679,2118,119,3
53900,1679,2118,120,4.5
53901,1679,2118,137,5
53902,1679,2118,212,3.5
53903,1679,2118,262,3
53904,1679,2118,311,3
53905,1679,2118,452,3
53906,1679,2118,461,3.5
53907,1679,2118,480,4.5
53908,1679,2118,482,4
53909,1679,2118,518,5
53910,1679,2118,550,5
53911,1679,2118,564,4
53912,1679,2118,575,2
53913,1678,2117,17,4.5
53914,1678,2117,30,3
53915,1678,2117,41,5
53916,1678,2117,66,5
53917,1678,2117,118,3
53918,1678,2117,130,3.5
53919,1678,2117,197,4
53920,1678,2117,212,3
53921,1678,2117,232,4
53922,1678,2117,472,4
53923,1678,2117,544,5
53924,1678,2117,564,4
53925,1678,2117,597,3
53926,1677,2116,30,3
53927,1677,2116,63,2.5
53928,1677,2116,105,2
53929,1677,2116,147,4
53930,1677,2116,148,4
53931,1677,2116,153,5
53932,1677,2116,203,5
53933,1677,2116,232,4
53934,1677,2116,234,2.5
53935,1677,2116,243,3
53936,1677,2116,285,3
53937,1677,2116,293,3
53938,1677,2116,294,3
53939,1677,2116,346,3
53940,1677,2116,479,2
53941,1677,2116,524,4
53942,1677,2116,564,4
53943,1677,2116,577,4
53944,1677,2116,580,4
53945,1676,2115,4,5
53946,1676,2115,15,4
53947,1676,2115,22,3.5
53948,1676,2115,23,4
53949,1676,2115,30,4
53950,1676,2115,49,5
53951,1676,2115,56,4
53952,1676,2115,57,4
53953,1676,2115,60,3.5
53954,1676,2115,73,5
53955,1676,2115,75,3
53956,1676,2115,77,4
53957,1676,2115,88,2
53958,1676,2115,93,3.5
53959,1676,2115,94,1
53960,1676,2115,105,3.5
53961,1676,2115,111,3.5
53962,1676,2115,119,3
53963,1676,2115,130,2.5
53964,1676,2115,134,5
53965,1676,2115,150,4
53966,1676,2115,157,3.5
53967,1676,2115,165,3
53968,1676,2115,175,4
53969,1676,2115,176,3
53970,1676,2115,195,3
53971,1676,2115,201,5
53972,1676,2115,210,2.5
53973,1676,2115,212,3
53974,1676,2115,213,3.5
53975,1676,2115,214,5
53976,1676,2115,217,5
53977,1676,2115,228,5
53978,1676,2115,232,4
53979,1676,2115,236,3.5
53980,1676,2115,242,5
53981,1676,2115,243,4
53982,1676,2115,247,4
53983,1676,2115,253,2.5
53984,1676,2115,262,3
53985,1676,2115,268,4
53986,1676,2115,272,4
53987,1676,2115,285,4
53988,1676,2115,292,4.5
53989,1676,2115,294,4.5
53990,1676,2115,295,4
53991,1676,2115,303,4.5
53992,1676,2115,306,4
53993,1676,2115,311,2
53994,1676,2115,346,4.5
53995,1676,2115,350,5
53996,1676,2115,352,3.5
53997,1676,2115,353,3
53998,1676,2115,355,4.5
53999,1676,2115,362,3.5
54000,1676,2115,384,4
54001,1676,2115,388,5
54002,1676,2115,394,4
54003,1676,2115,398,4
54004,1676,2115,405,4
54005,1676,2115,408,2
54006,1676,2115,428,4
54007,1676,2115,442,5
54008,1676,2115,452,3
54009,1676,2115,457,2
54010,1676,2115,461,4
54011,1676,2115,463,3
54012,1676,2115,466,4
54013,1676,2115,468,3
54014,1676,2115,471,4
54015,1676,2115,481,3.5
54016,1676,2115,497,4
54017,1676,2115,505,2.5
54018,1676,2115,509,4
54019,1676,2115,512,4
54020,1676,2115,518,3
54021,1676,2115,520,3.5
54022,1676,2115,523,4
54023,1676,2115,525,3
54024,1676,2115,527,3.5
54025,1676,2115,528,3.5
54026,1676,2115,550,4
54027,1676,2115,553,5
54028,1676,2115,561,4
54029,1676,2115,562,4.5
54030,1676,2115,564,4
54031,1676,2115,570,5
54032,1676,2115,574,3
54033,1676,2115,575,2
54034,1676,2115,580,2
54035,1676,2115,592,5
54036,1676,2115,599,4
54037,1676,2115,605,4
54038,1676,2115,607,4.5
54039,1676,2115,624,4
54040,1676,2115,652,4
54041,1676,2115,654,4.5
54042,1676,2115,664,4
54043,1675,2114,4,5
54044,1675,2114,30,4
54045,1675,2114,57,5
54046,1675,2114,128,5
54047,1675,2114,150,1.5
54048,1675,2114,208,4
54049,1675,2114,212,2.5
54050,1675,2114,242,4
54051,1675,2114,291,4.5
54052,1675,2114,292,4
54053,1675,2114,373,3
54054,1675,2114,388,4
54055,1675,2114,408,4
54056,1675,2114,431,4.5
54057,1675,2114,466,3
54058,1675,2114,479,3.5
54059,1675,2114,509,3
54060,1675,2114,518,3
54061,1675,2114,545,4
54062,1675,2114,554,4
54063,1675,2114,564,3
54064,1675,2114,575,3
54065,1675,2114,582,2.5
54066,1674,2113,95,2
54067,1674,2113,177,3
54068,1674,2113,518,3
54069,1674,2113,564,4
54070,1673,2112,30,3
54071,1673,2112,102,2
54072,1673,2112,119,4
54073,1673,2112,195,3
54074,1673,2112,232,5
54075,1673,2112,242,5
54076,1673,2112,306,3
54077,1673,2112,311,3
54078,1673,2112,358,2
54079,1673,2112,363,5
54080,1673,2112,373,3
54081,1673,2112,388,4
54082,1673,2112,407,4
54083,1673,2112,452,3
54084,1673,2112,510,2
54085,1673,2112,529,3
54086,1673,2112,547,2
54087,1672,2111,57,3
54088,1672,2111,119,2
54089,1672,2111,195,2
54090,1672,2111,220,4
54091,1672,2111,232,5
54092,1672,2111,239,3
54093,1672,2111,358,2
54094,1672,2111,398,4
54095,1672,2111,401,4
54096,1672,2111,547,2
54097,1672,2111,564,5
54098,1672,2111,624,4
54099,1672,2111,647,3
54100,1671,2110,4,3
54101,1671,2110,17,3.5
54102,1671,2110,57,4
54103,1671,2110,102,3
54104,1671,2110,118,4
54105,1671,2110,195,2
54106,1671,2110,220,3
54107,1671,2110,232,5
54108,1671,2110,358,3
54109,1671,2110,452,3
54110,1671,2110,547,2
54111,1671,2110,564,4
54112,1671,2110,608,3
54113,1671,2110,624,4
54114,1671,2110,646,4
54115,1670,2109,4,5
54116,1670,2109,28,5
54117,1670,2109,30,3
54118,1670,2109,43,3
54119,1670,2109,57,4
54120,1670,2109,83,3.5
54121,1670,2109,95,5
54122,1670,2109,102,4
54123,1670,2109,119,4
54124,1670,2109,120,4
54125,1670,2109,134,4
54126,1670,2109,164,4
54127,1670,2109,177,5
54128,1670,2109,193,4
54129,1670,2109,195,3
54130,1670,2109,232,5
54131,1670,2109,239,4
54132,1670,2109,248,4
54133,1670,2109,259,5
54134,1670,2109,260,2.5
54135,1670,2109,275,4
54136,1670,2109,285,2
54137,1670,2109,294,3.5
54138,1670,2109,296,3.5
54139,1670,2109,304,3.5
54140,1670,2109,306,3
54141,1670,2109,309,5
54142,1670,2109,315,3
54143,1670,2109,358,3
54144,1670,2109,367,0.5
54145,1670,2109,373,4
54146,1670,2109,380,4
54147,1670,2109,388,4
54148,1670,2109,408,5
54149,1670,2109,417,4
54150,1670,2109,423,4
54151,1670,2109,460,4.5
54152,1670,2109,472,4
54153,1670,2109,485,3.5
54154,1670,2109,505,3
54155,1670,2109,509,3
54156,1670,2109,518,3
54157,1670,2109,564,5
54158,1670,2109,569,3
54159,1670,2109,580,4
54160,1670,2109,586,0.5
54161,1670,2109,598,4
54162,1670,2109,605,3
54163,1670,2109,607,3.5
54164,1670,2109,624,3
54165,1670,2109,654,4.5
54166,1669,2108,10,3
54167,1669,2108,15,4.5
54168,1669,2108,30,4
54169,1669,2108,119,4
54170,1669,2108,130,4
54171,1669,2108,198,5
54172,1669,2108,232,4
54173,1669,2108,239,4
54174,1669,2108,242,4
54175,1669,2108,285,3
54176,1669,2108,306,4
54177,1669,2108,358,3
54178,1669,2108,373,4
54179,1669,2108,380,3
54180,1669,2108,387,4
54181,1669,2108,388,4
54182,1669,2108,405,3.5
54183,1669,2108,407,4
54184,1669,2108,434,4
54185,1669,2108,452,4
54186,1669,2108,461,2
54187,1669,2108,462,3
54188,1669,2108,472,4
54189,1669,2108,493,3
54190,1669,2108,505,3
54191,1669,2108,509,3
54192,1669,2108,510,4
54193,1669,2108,518,1
54194,1669,2108,547,3.5
54195,1669,2108,564,5
54196,1669,2108,580,4
54197,1669,2108,585,4
54198,1669,2108,597,5
54199,1669,2108,605,2
54200,1669,2108,607,3
54201,1669,2108,624,3
54202,1669,2108,644,5
54203,1669,2108,646,5
54204,1669,2108,654,4.5
54205,1668,2107,33,2
54206,1668,2107,78,3
54207,1668,2107,95,4
54208,1668,2107,102,3
54209,1668,2107,177,3
54210,1668,2107,243,3
54211,1668,2107,412,3
54212,1668,2107,491,2
54213,1668,2107,564,5
54214,1668,2107,626,4
54215,1667,2106,74,5
54216,1667,2106,99,2
54217,1667,2106,111,3.5
54218,1667,2106,128,4
54219,1667,2106,232,5
54220,1667,2106,306,3
54221,1667,2106,349,5
54222,1667,2106,452,3
54223,1667,2106,564,2
54224,1667,2106,665,4
54225,1666,2105,1,4
54226,1666,2105,4,4
54227,1666,2105,15,4
54228,1666,2105,30,2
54229,1666,2105,34,4
54230,1666,2105,35,3.5
54231,1666,2105,41,5
54232,1666,2105,49,3
54233,1666,2105,59,1
54234,1666,2105,73,3
54235,1666,2105,77,4
54236,1666,2105,95,3
54237,1666,2105,102,3
54238,1666,2105,119,3
54239,1666,2105,130,4
54240,1666,2105,185,3
54241,1666,2105,195,3
54242,1666,2105,197,5
54243,1666,2105,212,3
54244,1666,2105,214,4
54245,1666,2105,232,5
54246,1666,2105,257,1
54247,1666,2105,285,3
54248,1666,2105,287,4
54249,1666,2105,294,3.5
54250,1666,2105,312,4
54251,1666,2105,328,3
54252,1666,2105,346,5
54253,1666,2105,363,3
54254,1666,2105,380,4
54255,1666,2105,401,4
54256,1666,2105,461,2.5
54257,1666,2105,463,4
54258,1666,2105,468,3
54259,1666,2105,470,3
54260,1666,2105,497,1
54261,1666,2105,509,3
54262,1666,2105,518,3
54263,1666,2105,525,4
54264,1666,2105,533,4
54265,1666,2105,561,4.5
54266,1666,2105,564,4
54267,1666,2105,575,4
54268,1666,2105,577,4
54269,1666,2105,580,4
54270,1666,2105,624,4
54271,1666,2105,654,3.5
54272,1665,2104,119,4
54273,1665,2104,242,4
54274,1665,2104,564,3
54275,1664,2103,653,3
54276,1663,2102,4,5
54277,1663,2102,195,5
54278,1663,2102,232,5
54279,1663,2102,294,3
54280,1663,2102,330,3
54281,1663,2102,472,4
54282,1663,2102,595,5
54283,1662,2101,119,4
54284,1662,2101,510,1
54285,1661,2100,4,5
54286,1661,2100,8,3
54287,1661,2100,15,2
54288,1661,2100,57,4
54289,1661,2100,88,3.5
54290,1661,2100,93,2.5
54291,1661,2100,102,4
54292,1661,2100,111,4
54293,1661,2100,119,3
54294,1661,2100,130,3
54295,1661,2100,134,3
54296,1661,2100,139,2
54297,1661,2100,195,1
54298,1661,2100,197,4
54299,1661,2100,212,2
54300,1661,2100,213,2.5
54301,1661,2100,216,4.5
54302,1661,2100,232,4
54303,1661,2100,239,3
54304,1661,2100,240,4
54305,1661,2100,242,4
54306,1661,2100,247,3
54307,1661,2100,292,4
54308,1661,2100,294,2.5
54309,1661,2100,303,3
54310,1661,2100,306,3
54311,1661,2100,309,3.5
54312,1661,2100,342,4
54313,1661,2100,346,1
54314,1661,2100,358,4
54315,1661,2100,373,3
54316,1661,2100,439,3
54317,1661,2100,452,3
54318,1661,2100,461,2.5
54319,1661,2100,462,3.5
54320,1661,2100,463,3
54321,1661,2100,466,2
54322,1661,2100,468,3
54323,1661,2100,497,3
54324,1661,2100,505,3
54325,1661,2100,509,2
54326,1661,2100,518,4
54327,1661,2100,521,3
54328,1661,2100,564,4
54329,1661,2100,575,3
54330,1661,2100,580,3
54331,1661,2100,591,3.5
54332,1661,2100,607,3.5
54333,1661,2100,624,3
54334,1661,2100,628,1.5
54335,1661,2100,652,5
54336,1661,2100,654,4
54337,1660,2099,99,4
54338,1660,2099,102,5
54339,1660,2099,232,5
54340,1660,2099,262,2.5
54341,1660,2099,294,2
54342,1660,2099,311,3.5
54343,1660,2099,358,4
54344,1660,2099,509,4
54345,1660,2099,564,4
54346,1660,2099,575,3
54347,1659,2098,358,1
54348,1659,2098,564,3
54349,1658,2097,57,3
54350,1658,2097,102,4
54351,1658,2097,470,3.5
54352,1658,2097,482,3
54353,1658,2097,518,5
54354,1658,2097,564,4
54355,1657,2096,4,5
54356,1657,2096,73,3
54357,1657,2096,99,4
54358,1657,2096,119,4
54359,1657,2096,128,5
54360,1657,2096,133,1
54361,1657,2096,166,4
54362,1657,2096,176,2
54363,1657,2096,178,3.5
54364,1657,2096,185,3
54365,1657,2096,187,3.5
54366,1657,2096,212,3
54367,1657,2096,213,2.5
54368,1657,2096,222,3
54369,1657,2096,232,5
54370,1657,2096,293,4
54371,1657,2096,294,5
54372,1657,2096,295,4
54373,1657,2096,306,4
54374,1657,2096,311,3
54375,1657,2096,328,4
54376,1657,2096,358,4
54377,1657,2096,363,5
54378,1657,2096,405,3.5
54379,1657,2096,518,5
54380,1657,2096,547,3.5
54381,1657,2096,564,4
54382,1657,2096,575,4
54383,1657,2096,582,5
54384,1657,2096,592,2
54385,1657,2096,595,4
54386,1657,2096,600,3
54387,1657,2096,646,4
54388,1657,2096,652,4
54389,1657,2096,665,3
54390,1656,2095,358,3
54391,1656,2095,518,1
54392,1656,2095,564,4
54393,1656,2095,573,1
54394,1655,2094,4,4
54395,1655,2094,30,4
54396,1655,2094,49,2
54397,1655,2094,99,2
54398,1655,2094,118,4
54399,1655,2094,119,2
54400,1655,2094,137,2
54401,1655,2094,177,4
54402,1655,2094,185,3
54403,1655,2094,195,2
54404,1655,2094,197,5
54405,1655,2094,213,2.5
54406,1655,2094,214,4
54407,1655,2094,232,4
54408,1655,2094,247,3
54409,1655,2094,294,3
54410,1655,2094,311,3.5
54411,1655,2094,363,4
54412,1655,2094,408,3
54413,1655,2094,439,3
54414,1655,2094,452,2.5
54415,1655,2094,461,2.5
54416,1655,2094,518,4
54417,1655,2094,533,3
54418,1655,2094,571,2
54419,1655,2094,580,2.5
54420,1655,2094,597,4
54421,1655,2094,624,3
54422,1655,2094,638,3
54423,1655,2094,646,5
54424,1655,2094,652,5
54425,1655,2094,654,4
54426,1654,2093,53,1
54427,1654,2093,73,4
54428,1654,2093,177,3
54429,1654,2093,235,4
54430,1654,2093,243,4
54431,1654,2093,294,3
54432,1654,2093,564,5
54433,1654,2093,598,4
54434,1654,2093,644,4
54435,1653,2092,38,3.5
54436,1653,2092,128,5
54437,1653,2092,175,2
54438,1653,2092,285,2
54439,1653,2092,294,3
54440,1653,2092,358,3
54441,1653,2092,363,1
54442,1653,2092,461,0.5
54443,1653,2092,518,2
54444,1653,2092,564,3
54445,1653,2092,582,3.5
54446,1653,2092,652,3.5
54447,1653,2092,665,3
54448,1652,2091,4,5
54449,1652,2091,185,3
54450,1652,2091,564,4
54451,1651,2090,73,3.5
54452,1651,2090,102,4
54453,1651,2090,133,2
54454,1651,2090,185,4
54455,1651,2090,213,2
54456,1651,2090,294,3
54457,1651,2090,363,4
54458,1651,2090,388,4
54459,1651,2090,466,4
54460,1651,2090,518,5
54461,1651,2090,564,4
54462,1651,2090,624,4
54463,1651,2090,646,5
54464,1651,2090,665,3
54465,1650,2089,73,3.5
54466,1650,2089,175,4
54467,1650,2089,185,4
54468,1650,2089,213,2
54469,1650,2089,294,4
54470,1650,2089,518,3
54471,1650,2089,534,4
54472,1650,2089,564,4
54473,1650,2089,580,3
54474,1650,2089,644,3
54475,1650,2089,646,4
54476,1650,2089,665,4
54477,1649,2088,30,3
54478,1649,2088,33,2
54479,1649,2088,49,2
54480,1649,2088,57,2
54481,1649,2088,102,4
54482,1649,2088,128,4
54483,1649,2088,195,2
54484,1649,2088,232,4
54485,1649,2088,239,3
54486,1649,2088,247,3
54487,1649,2088,285,2
54488,1649,2088,301,3
54489,1649,2088,306,2
54490,1649,2088,373,2
54491,1649,2088,461,0.5
54492,1649,2088,463,1
54493,1649,2088,466,3
54494,1649,2088,493,1
54495,1649,2088,509,2
54496,1649,2088,518,3
54497,1649,2088,531,3
54498,1649,2088,547,2
54499,1649,2088,564,3
54500,1649,2088,575,4
54501,1649,2088,624,3
54502,1648,2087,4,5
54503,1648,2087,61,3
54504,1648,2087,73,3.5
54505,1648,2087,76,3.5
54506,1648,2087,102,4
54507,1648,2087,119,4
54508,1648,2087,128,4
54509,1648,2087,130,4
54510,1648,2087,133,1
54511,1648,2087,148,4
54512,1648,2087,165,3
54513,1648,2087,176,2
54514,1648,2087,185,3
54515,1648,2087,197,5
54516,1648,2087,212,4
54517,1648,2087,213,2
54518,1648,2087,222,1
54519,1648,2087,232,4
54520,1648,2087,294,4
54521,1648,2087,306,3
54522,1648,2087,328,3.5
54523,1648,2087,346,1
54524,1648,2087,363,4
54525,1648,2087,382,4
54526,1648,2087,466,5
54527,1648,2087,468,3.5
54528,1648,2087,518,4
54529,1648,2087,547,3.5
54530,1648,2087,564,4
54531,1648,2087,573,4
54532,1648,2087,575,3
54533,1648,2087,577,4.5
54534,1648,2087,595,4
54535,1648,2087,598,4
54536,1648,2087,624,4
54537,1648,2087,646,5
54538,1648,2087,658,5
54539,1648,2087,665,5
54540,1647,2086,4,5
54541,1646,2085,4,5
54542,1646,2085,37,4
54543,1646,2085,58,3
54544,1646,2085,61,2.5
54545,1646,2085,99,3
54546,1646,2085,102,4
54547,1646,2085,148,4
54548,1646,2085,185,2
54549,1646,2085,187,5
54550,1646,2085,203,2
54551,1646,2085,207,0.5
54552,1646,2085,212,2.5
54553,1646,2085,213,2.5
54554,1646,2085,268,4
54555,1646,2085,287,5
54556,1646,2085,294,3
54557,1646,2085,306,3
54558,1646,2085,311,3
54559,1646,2085,340,2.5
54560,1646,2085,358,3
54561,1646,2085,363,4
54562,1646,2085,381,3
54563,1646,2085,382,3.5
54564,1646,2085,431,3
54565,1646,2085,466,5
54566,1646,2085,468,3
54567,1646,2085,472,4
54568,1646,2085,518,4
54569,1646,2085,529,3
54570,1646,2085,547,3
54571,1646,2085,557,1.5
54572,1646,2085,558,4
54573,1646,2085,560,3.5
54574,1646,2085,564,5
54575,1646,2085,575,4
54576,1646,2085,580,3.5
54577,1646,2085,595,3
54578,1646,2085,600,3
54579,1646,2085,605,4
54580,1646,2085,646,5
54581,1646,2085,665,3
54582,1645,2084,175,4
54583,1645,2084,187,3.5
54584,1645,2084,195,2
54585,1645,2084,363,2
54586,1645,2084,382,4
54587,1645,2084,468,3
54588,1645,2084,564,1
54589,1645,2084,582,4
54590,1644,2083,30,4
54591,1644,2083,119,4
54592,1644,2083,130,4
54593,1644,2083,175,4
54594,1644,2083,212,2
54595,1644,2083,294,4
54596,1644,2083,363,3
54597,1644,2083,518,3
54598,1644,2083,531,2.5
54599,1644,2083,564,4
54600,1644,2083,575,5
54601,1644,2083,607,4.5
54602,1644,2083,624,4
54603,1644,2083,653,3
54604,1643,2082,30,2
54605,1643,2082,43,2
54606,1643,2082,56,2
54607,1643,2082,73,3.5
54608,1643,2082,150,2
54609,1643,2082,187,5
54610,1643,2082,196,3
54611,1643,2082,239,3
54612,1643,2082,247,2
54613,1643,2082,294,3.5
54614,1643,2082,358,1
54615,1643,2082,382,4
54616,1643,2082,457,2
54617,1643,2082,479,3.5
54618,1643,2082,480,5
54619,1643,2082,518,4
54620,1643,2082,564,1
54621,1643,2082,574,3
54622,1643,2082,575,2
54623,1643,2082,579,0.5
54624,1643,2082,654,4
54625,1643,2082,665,2
54626,1642,2081,4,4
54627,1642,2081,5,5
54628,1642,2081,22,2.5
54629,1642,2081,30,4
54630,1642,2081,37,5
54631,1642,2081,43,4
54632,1642,2081,61,3.5
54633,1642,2081,73,3.5
54634,1642,2081,77,3.5
54635,1642,2081,93,2.5
54636,1642,2081,95,4
54637,1642,2081,111,2.5
54638,1642,2081,128,5
54639,1642,2081,130,3.5
54640,1642,2081,133,4
54641,1642,2081,165,2
54642,1642,2081,167,4
54643,1642,2081,176,2
54644,1642,2081,185,3
54645,1642,2081,187,4.5
54646,1642,2081,201,3
54647,1642,2081,212,3
54648,1642,2081,213,4
54649,1642,2081,219,3
54650,1642,2081,239,4
54651,1642,2081,253,4
54652,1642,2081,264,5
54653,1642,2081,268,2.5
54654,1642,2081,292,4.5
54655,1642,2081,294,5
54656,1642,2081,295,4
54657,1642,2081,303,3
54658,1642,2081,313,4
54659,1642,2081,323,3.5
54660,1642,2081,328,3.5
54661,1642,2081,353,2
54662,1642,2081,358,5
54663,1642,2081,363,5
54664,1642,2081,365,5
54665,1642,2081,373,2
54666,1642,2081,382,3
54667,1642,2081,387,5
54668,1642,2081,408,3
54669,1642,2081,417,0.5
54670,1642,2081,439,3
54671,1642,2081,442,4.5
54672,1642,2081,457,1
54673,1642,2081,461,5
54674,1642,2081,463,4
54675,1642,2081,466,5
54676,1642,2081,468,2.5
54677,1642,2081,471,3
54678,1642,2081,472,4
54679,1642,2081,480,4
54680,1642,2081,500,2.5
54681,1642,2081,505,3
54682,1642,2081,509,3
54683,1642,2081,518,5
54684,1642,2081,523,5
54685,1642,2081,531,3.5
54686,1642,2081,559,4
54687,1642,2081,561,2.5
54688,1642,2081,564,5
54689,1642,2081,573,4
54690,1642,2081,575,3
54691,1642,2081,577,4.5
54692,1642,2081,580,3.5
54693,1642,2081,582,4.5
54694,1642,2081,594,3
54695,1642,2081,595,3
54696,1642,2081,596,2
54697,1642,2081,598,4
54698,1642,2081,600,5
54699,1642,2081,605,4
54700,1642,2081,646,5
54701,1642,2081,652,4
54702,1642,2081,654,4.5
54703,1642,2081,665,5
54704,1641,2080,4,5
54705,1641,2080,61,2.5
54706,1641,2080,73,3.5
54707,1641,2080,99,4
54708,1641,2080,102,4
54709,1641,2080,119,3
54710,1641,2080,128,5
54711,1641,2080,137,4
54712,1641,2080,148,4.5
54713,1641,2080,176,3
54714,1641,2080,185,3
54715,1641,2080,187,2.5
54716,1641,2080,212,2.5
54717,1641,2080,222,3
54718,1641,2080,264,5
54719,1641,2080,268,3.5
54720,1641,2080,281,4
54721,1641,2080,285,3
54722,1641,2080,287,4.5
54723,1641,2080,294,4
54724,1641,2080,311,3.5
54725,1641,2080,313,4
54726,1641,2080,328,3.5
54727,1641,2080,358,4
54728,1641,2080,363,4
54729,1641,2080,382,4
54730,1641,2080,387,4
54731,1641,2080,405,3.5
54732,1641,2080,418,3.5
54733,1641,2080,452,4
54734,1641,2080,457,1.5
54735,1641,2080,466,5
54736,1641,2080,468,3.5
54737,1641,2080,472,3
54738,1641,2080,515,3.5
54739,1641,2080,518,3
54740,1641,2080,529,4
54741,1641,2080,547,3.5
54742,1641,2080,559,4
54743,1641,2080,564,4
54744,1641,2080,573,4
54745,1641,2080,575,5
54746,1641,2080,580,3.5
54747,1641,2080,582,4
54748,1641,2080,592,2
54749,1641,2080,595,4
54750,1641,2080,597,4
54751,1641,2080,598,4
54752,1641,2080,605,3
54753,1641,2080,646,4
54754,1641,2080,665,4
54755,1640,2079,311,3.5
54756,1639,2078,4,5
54757,1639,2078,30,3
54758,1639,2078,61,1.5
54759,1639,2078,73,5
54760,1639,2078,102,4
54761,1639,2078,128,5
54762,1639,2078,130,3.5
54763,1639,2078,165,3
54764,1639,2078,167,5
54765,1639,2078,170,2
54766,1639,2078,176,2
54767,1639,2078,178,4
54768,1639,2078,185,3
54769,1639,2078,187,3.5
54770,1639,2078,213,2
54771,1639,2078,214,4
54772,1639,2078,287,5
54773,1639,2078,294,3
54774,1639,2078,311,4
54775,1639,2078,358,3
54776,1639,2078,363,5
54777,1639,2078,387,4
54778,1639,2078,423,2.5
54779,1639,2078,442,4.5
54780,1639,2078,466,5
54781,1639,2078,468,3.5
54782,1639,2078,471,4
54783,1639,2078,472,4
54784,1639,2078,500,3.5
54785,1639,2078,518,4
54786,1639,2078,529,3
54787,1639,2078,547,4
54788,1639,2078,559,4
54789,1639,2078,564,3
54790,1639,2078,575,4
54791,1639,2078,577,5
54792,1639,2078,580,3.5
54793,1639,2078,581,4
54794,1639,2078,585,4
54795,1639,2078,595,4
54796,1639,2078,597,4
54797,1639,2078,598,4
54798,1639,2078,605,3
54799,1639,2078,612,4
54800,1639,2078,646,4
54801,1639,2078,665,4
54802,1638,2077,175,4
54803,1638,2077,195,2
54804,1638,2077,311,3
54805,1638,2077,529,4
54806,1638,2077,564,4
54807,1638,2077,605,3
54808,1637,2076,15,3
54809,1637,2076,17,5
54810,1637,2076,30,4
54811,1637,2076,34,5
54812,1637,2076,73,4
54813,1637,2076,102,5
54814,1637,2076,119,5
54815,1637,2076,196,4
54816,1637,2076,214,3
54817,1637,2076,232,4
54818,1637,2076,242,5
54819,1637,2076,248,5
54820,1637,2076,255,4.5
54821,1637,2076,262,3
54822,1637,2076,265,3
54823,1637,2076,267,2.5
54824,1637,2076,299,4.5
54825,1637,2076,311,3
54826,1637,2076,321,5
54827,1637,2076,322,2
54828,1637,2076,345,3.5
54829,1637,2076,348,5
54830,1637,2076,388,4
54831,1637,2076,407,5
54832,1637,2076,408,4
54833,1637,2076,423,3.5
54834,1637,2076,450,5
54835,1637,2076,457,5
54836,1637,2076,461,3.5
54837,1637,2076,468,4
54838,1637,2076,469,4
54839,1637,2076,509,2
54840,1637,2076,518,3
54841,1637,2076,545,5
54842,1637,2076,547,5
54843,1637,2076,564,4
54844,1637,2076,580,4
54845,1637,2076,586,2.5
54846,1637,2076,587,4
54847,1637,2076,597,5
54848,1637,2076,608,5
54849,1636,2075,38,4.5
54850,1636,2075,102,4
54851,1636,2075,195,3
54852,1635,2074,529,4
54853,1634,2073,373,3
54854,1634,2073,472,5
54855,1634,2073,509,4
54856,1634,2073,527,4.5
54857,1634,2073,621,3.5
54858,1633,2072,6,4
54859,1633,2072,56,2
54860,1633,2072,58,2
54861,1633,2072,134,3
54862,1633,2072,268,1.5
54863,1633,2072,285,4
54864,1633,2072,286,3
54865,1633,2072,294,3.5
54866,1633,2072,345,4.5
54867,1633,2072,388,3
54868,1633,2072,398,4
54869,1633,2072,457,2.5
54870,1633,2072,468,3
54871,1633,2072,518,2
54872,1633,2072,528,3.5
54873,1633,2072,547,2
54874,1633,2072,564,3
54875,1633,2072,607,3.5
54876,1633,2072,654,4
54877,1632,2071,119,4
54878,1632,2071,306,4
54879,1632,2071,312,3
54880,1632,2071,407,5
54881,1632,2071,408,4
54882,1632,2071,452,5
54883,1632,2071,564,1
54884,1632,2071,665,4
54885,1631,2070,30,4
54886,1631,2070,57,4
54887,1631,2070,102,4
54888,1631,2070,190,4
54889,1631,2070,195,3
54890,1631,2070,232,5
54891,1631,2070,242,5
54892,1631,2070,452,4
54893,1631,2070,474,5
54894,1631,2070,491,3
54895,1631,2070,547,4
54896,1631,2070,564,4
54897,1631,2070,587,3.5
54898,1630,2069,95,3
54899,1630,2069,102,4
54900,1630,2069,119,4
54901,1630,2069,242,5
54902,1630,2069,321,3
54903,1630,2069,387,3
54904,1630,2069,545,4
54905,1630,2069,564,3
54906,1630,2069,575,5
54907,1629,2068,23,5
54908,1629,2068,38,5
54909,1629,2068,81,5
54910,1629,2068,102,5
54911,1629,2068,265,4
54912,1629,2068,321,4
54913,1629,2068,436,3
54914,1629,2068,481,5
54915,1629,2068,497,3
54916,1629,2068,564,3
54917,1628,2067,17,4.5
54918,1628,2067,23,2.5
54919,1628,2067,99,5
54920,1628,2067,102,4
54921,1628,2067,119,4
54922,1628,2067,190,4
54923,1628,2067,195,3
54924,1628,2067,232,1
54925,1628,2067,248,4
54926,1628,2067,306,4
54927,1628,2067,311,3.5
54928,1628,2067,388,4
54929,1628,2067,436,4
54930,1628,2067,441,4
54931,1628,2067,452,3
54932,1628,2067,461,2.5
54933,1628,2067,468,3
54934,1628,2067,472,5
54935,1628,2067,520,4.5
54936,1628,2067,529,2
54937,1628,2067,547,5
54938,1628,2067,596,4
54939,1627,2066,17,5
54940,1627,2066,204,5
54941,1627,2066,236,4.5
54942,1627,2066,321,5
54943,1627,2066,468,3.5
54944,1627,2066,547,4.5
54945,1627,2066,609,1
54946,1626,2065,29,0.5
54947,1626,2065,30,5
54948,1626,2065,102,4
54949,1626,2065,119,4
54950,1626,2065,232,1
54951,1626,2065,306,3
54952,1626,2065,321,4
54953,1626,2065,358,5
54954,1626,2065,373,4
54955,1626,2065,452,3
54956,1626,2065,468,3.5
54957,1626,2065,472,4
54958,1626,2065,481,4
54959,1626,2065,505,3.5
54960,1626,2065,509,4
54961,1626,2065,510,4
54962,1626,2065,529,5
54963,1626,2065,545,3
54964,1626,2065,547,3
54965,1626,2065,585,4
54966,1626,2065,587,4.5
54967,1625,2064,4,5
54968,1625,2064,15,4.5
54969,1625,2064,30,4
54970,1625,2064,33,5
54971,1625,2064,34,5
54972,1625,2064,65,5
54973,1625,2064,102,4
54974,1625,2064,118,5
54975,1625,2064,195,4
54976,1625,2064,198,5
54977,1625,2064,214,4
54978,1625,2064,232,5
54979,1625,2064,278,4
54980,1625,2064,304,4
54981,1625,2064,358,5
54982,1625,2064,373,4
54983,1625,2064,380,4
54984,1625,2064,408,4
54985,1625,2064,430,4
54986,1625,2064,441,5
54987,1625,2064,451,5
54988,1625,2064,452,4
54989,1625,2064,457,3
54990,1625,2064,460,4.5
54991,1625,2064,468,3.5
54992,1625,2064,472,5
54993,1625,2064,497,5
54994,1625,2064,509,5
54995,1625,2064,547,5
54996,1625,2064,564,4
54997,1625,2064,580,4
54998,1625,2064,585,4
54999,1625,2064,587,4
55000,1625,2064,594,5
55001,1625,2064,595,5
55002,1625,2064,596,4
55003,1625,2064,597,5
55004,1625,2064,598,4
55005,1625,2064,608,4
55006,1625,2064,647,5
55007,1625,2064,648,3
55008,1625,2064,671,4
55009,1624,2063,609,1
55010,1623,2062,467,3
55011,1623,2062,493,1
55012,1622,2060,15,2
55013,1622,2060,33,3
55014,1622,2060,56,4
55015,1622,2060,73,2.5
55016,1622,2060,208,3.5
55017,1622,2060,219,4
55018,1622,2060,247,2
55019,1622,2060,307,3.5
55020,1622,2060,358,1
55021,1622,2060,380,3
55022,1622,2060,564,4
55023,1622,2060,624,4
55024,1621,2059,69,3.5
55025,1621,2059,111,3
55026,1621,2059,140,4.5
55027,1621,2059,169,4
55028,1621,2059,175,4
55029,1621,2059,213,2.5
55030,1621,2059,232,4
55031,1621,2059,280,4
55032,1621,2059,294,4
55033,1621,2059,382,5
55034,1621,2059,408,2
55035,1621,2059,452,2
55036,1621,2059,457,1.5
55037,1621,2059,468,3
55038,1621,2059,518,4
55039,1621,2059,564,1
55040,1621,2059,595,3
55041,1621,2059,665,3
55042,1620,2058,15,2.5
55043,1620,2058,66,4
55044,1620,2058,73,2.5
55045,1620,2058,105,3
55046,1620,2058,119,4
55047,1620,2058,150,3.5
55048,1620,2058,207,0.5
55049,1620,2058,213,3.5
55050,1620,2058,235,4.5
55051,1620,2058,242,4
55052,1620,2058,245,5
55053,1620,2058,247,4
55054,1620,2058,285,4
55055,1620,2058,287,4.5
55056,1620,2058,290,4
55057,1620,2058,294,3
55058,1620,2058,295,4
55059,1620,2058,311,2.5
55060,1620,2058,360,3
55061,1620,2058,371,4
55062,1620,2058,380,2
55063,1620,2058,381,4
55064,1620,2058,408,4
55065,1620,2058,452,3
55066,1620,2058,463,3
55067,1620,2058,480,4
55068,1620,2058,504,5
55069,1620,2058,534,4
55070,1620,2058,550,4
55071,1620,2058,562,4.5
55072,1620,2058,607,4
55073,1620,2058,652,4
55074,1620,2058,664,4
55075,1619,2057,294,3.5
55076,1619,2057,529,4
55077,1619,2057,547,3.5
55078,1619,2057,605,4
55079,1618,2056,547,3.5
55080,1617,2055,564,4
55081,1616,2054,4,3
55082,1616,2054,15,2
55083,1616,2054,30,1
55084,1616,2054,43,2
55085,1616,2054,49,2
55086,1616,2054,57,3
55087,1616,2054,61,2.5
55088,1616,2054,69,2.5
55089,1616,2054,73,3.5
55090,1616,2054,77,2.5
55091,1616,2054,88,3
55092,1616,2054,118,4
55093,1616,2054,119,2
55094,1616,2054,130,3
55095,1616,2054,134,3
55096,1616,2054,137,2
55097,1616,2054,143,1
55098,1616,2054,150,1
55099,1616,2054,157,3
55100,1616,2054,165,3
55101,1616,2054,176,1.5
55102,1616,2054,177,3
55103,1616,2054,185,3
55104,1616,2054,195,2
55105,1616,2054,206,3
55106,1616,2054,212,2.5
55107,1616,2054,213,3
55108,1616,2054,220,1
55109,1616,2054,232,4
55110,1616,2054,245,3
55111,1616,2054,247,3
55112,1616,2054,248,3
55113,1616,2054,268,3
55114,1616,2054,274,3
55115,1616,2054,285,2
55116,1616,2054,294,4
55117,1616,2054,303,3
55118,1616,2054,306,2
55119,1616,2054,311,3.5
55120,1616,2054,323,3.5
55121,1616,2054,328,3.5
55122,1616,2054,346,3
55123,1616,2054,353,1
55124,1616,2054,358,3
55125,1616,2054,363,3
55126,1616,2054,373,3
55127,1616,2054,384,2.5
55128,1616,2054,417,0.5
55129,1616,2054,419,3
55130,1616,2054,426,3.5
55131,1616,2054,428,2.5
55132,1616,2054,432,4
55133,1616,2054,439,3
55134,1616,2054,452,3
55135,1616,2054,457,1.5
55136,1616,2054,463,3
55137,1616,2054,466,3
55138,1616,2054,468,2.5
55139,1616,2054,480,4.5
55140,1616,2054,500,1
55141,1616,2054,509,2
55142,1616,2054,518,4
55143,1616,2054,531,3.5
55144,1616,2054,561,4
55145,1616,2054,564,4
55146,1616,2054,577,3.5
55147,1616,2054,580,2
55148,1616,2054,582,1
55149,1616,2054,584,2.5
55150,1616,2054,596,3
55151,1616,2054,605,2
55152,1616,2054,607,3.5
55153,1616,2054,624,4
55154,1616,2054,645,3.5
55155,1616,2054,646,4
55156,1616,2054,665,3
55157,1615,2053,119,2
55158,1615,2053,148,2.5
55159,1615,2053,167,4
55160,1615,2053,177,3
55161,1615,2053,245,1
55162,1615,2053,294,4
55163,1615,2053,358,1
55164,1615,2053,359,1
55165,1615,2053,453,2
55166,1615,2053,468,1.5
55167,1615,2053,500,0.5
55168,1615,2053,518,3
55169,1615,2053,564,3
55170,1615,2053,577,2.5
55171,1615,2053,585,3
55172,1615,2053,624,2
55173,1615,2053,646,4
55174,1614,2052,56,4
55175,1614,2052,73,3.5
55176,1614,2052,106,3
55177,1614,2052,213,3.5
55178,1614,2052,294,3
55179,1614,2052,518,2
55180,1614,2052,564,4
55181,1613,2051,287,4
55182,1613,2051,471,3
55183,1613,2051,564,4
55184,1613,2051,624,4
55185,1612,2050,247,2
55186,1612,2050,287,4
55187,1612,2050,518,2
55188,1612,2050,564,4
55189,1612,2050,605,2
55190,1612,2050,624,3
55191,1611,2049,547,2.5
55192,1610,2048,294,4.5
55193,1610,2048,363,4
55194,1610,2048,564,4
55195,1610,2048,665,3
55196,1609,2047,564,4
55197,1608,2046,4,5
55198,1608,2046,63,4.5
55199,1608,2046,111,3.5
55200,1608,2046,148,4.5
55201,1608,2046,177,4
55202,1608,2046,213,2.5
55203,1608,2046,232,5
55204,1608,2046,247,4
55205,1608,2046,253,3.5
55206,1608,2046,285,3
55207,1608,2046,294,3.5
55208,1608,2046,346,4
55209,1608,2046,408,4
55210,1608,2046,518,4
55211,1608,2046,534,4
55212,1608,2046,597,3
55213,1608,2046,624,3
55214,1607,2045,294,3
55215,1607,2045,452,3
55216,1607,2045,493,3
55217,1607,2045,518,4
55218,1607,2045,534,4
55219,1606,2044,57,3
55220,1606,2044,358,2
55221,1606,2044,518,2
55222,1606,2044,564,2
55223,1605,2043,102,3
55224,1605,2043,137,2
55225,1605,2043,195,5
55226,1605,2043,328,4
55227,1605,2043,547,3.5
55228,1605,2043,564,4
55229,1605,2043,575,3
55230,1605,2043,605,4
55231,1604,2042,11,3.5
55232,1604,2042,56,2
55233,1604,2042,150,1.5
55234,1604,2042,187,5
55235,1604,2042,247,2
55236,1604,2042,294,3.5
55237,1604,2042,382,4
55238,1604,2042,457,2
55239,1604,2042,518,3
55240,1604,2042,564,1
55241,1603,2041,15,2
55242,1603,2041,311,3
55243,1603,2041,346,5
55244,1603,2041,564,4
55245,1603,2041,624,4
55246,1603,2041,646,2
55247,1602,2040,239,3
55248,1602,2040,294,4
55249,1602,2040,564,3
55250,1602,2040,575,3
55251,1602,2040,624,3
55252,1602,2040,646,4
55253,1601,2039,294,3.5
55254,1600,2038,14,3
55255,1600,2038,111,4.5
55256,1600,2038,285,3
55257,1600,2038,294,3
55258,1600,2038,564,4
55259,1600,2038,605,4
55260,1600,2038,624,3
55261,1600,2038,646,4
55262,1599,2037,57,4
55263,1599,2037,472,3
55264,1599,2037,564,4
55265,1598,2036,382,2
55266,1598,2036,518,3
55267,1598,2036,653,3
55268,1598,2036,665,2
55269,1597,2035,468,3
55270,1596,2034,4,4
55271,1596,2034,118,3
55272,1596,2034,285,3
55273,1596,2034,306,4
55274,1596,2034,346,4
55275,1596,2034,380,2
55276,1596,2034,439,3
55277,1596,2034,624,3
55278,1596,2034,646,3
55279,1595,2033,4,4
55280,1595,2033,73,3.5
55281,1595,2033,185,3
55282,1595,2033,206,3
55283,1595,2033,243,4
55284,1595,2033,294,3.5
55285,1595,2033,363,3
55286,1595,2033,468,2.5
55287,1595,2033,564,3
55288,1595,2033,580,3
55289,1595,2033,595,1
55290,1595,2033,605,3
55291,1594,2032,605,3
55292,1593,2031,294,3.5
55293,1593,2031,564,3
55294,1592,2029,407,5
55295,1592,2029,412,3
55296,1592,2029,554,4
55297,1592,2029,564,4
55298,1592,2029,652,5
55299,1591,2028,3,4
55300,1591,2028,8,4
55301,1591,2028,9,4
55302,1591,2028,15,3
55303,1591,2028,17,3.5
55304,1591,2028,23,4
55305,1591,2028,26,3
55306,1591,2028,28,3
55307,1591,2028,30,5
55308,1591,2028,31,4.5
55309,1591,2028,34,4
55310,1591,2028,37,4
55311,1591,2028,42,4
55312,1591,2028,56,5
55313,1591,2028,57,5
55314,1591,2028,59,1.5
55315,1591,2028,62,4.5
55316,1591,2028,69,4.5
55317,1591,2028,72,3.5
55318,1591,2028,73,4.5
55319,1591,2028,74,5
55320,1591,2028,78,2.5
55321,1591,2028,84,3
55322,1591,2028,89,5
55323,1591,2028,91,5
55324,1591,2028,94,5
55325,1591,2028,95,4
55326,1591,2028,97,1
55327,1591,2028,99,4
55328,1591,2028,101,4.5
55329,1591,2028,105,3
55330,1591,2028,118,5
55331,1591,2028,119,5
55332,1591,2028,120,4
55333,1591,2028,124,4
55334,1591,2028,125,4.5
55335,1591,2028,128,3
55336,1591,2028,130,4
55337,1591,2028,131,5
55338,1591,2028,132,2.5
55339,1591,2028,138,3
55340,1591,2028,141,5
55341,1591,2028,142,3
55342,1591,2028,146,4.5
55343,1591,2028,150,4.5
55344,1591,2028,152,5
55345,1591,2028,155,5
55346,1591,2028,157,3
55347,1591,2028,159,4.5
55348,1591,2028,163,4
55349,1591,2028,165,4
55350,1591,2028,175,1
55351,1591,2028,177,4
55352,1591,2028,178,4
55353,1591,2028,185,3
55354,1591,2028,195,5
55355,1591,2028,199,4
55356,1591,2028,200,4.5
55357,1591,2028,212,4
55358,1591,2028,214,5
55359,1591,2028,217,4
55360,1591,2028,232,4
55361,1591,2028,235,1
55362,1591,2028,236,3
55363,1591,2028,238,4
55364,1591,2028,242,5
55365,1591,2028,243,3.5
55366,1591,2028,244,5
55367,1591,2028,245,5
55368,1591,2028,246,4
55369,1591,2028,247,5
55370,1591,2028,250,4.5
55371,1591,2028,253,4.5
55372,1591,2028,265,4
55373,1591,2028,268,5
55374,1591,2028,271,4
55375,1591,2028,277,5
55376,1591,2028,281,4
55377,1591,2028,282,5
55378,1591,2028,285,5
55379,1591,2028,291,4.5
55380,1591,2028,292,3.5
55381,1591,2028,295,4.5
55382,1591,2028,303,3.5
55383,1591,2028,306,4
55384,1591,2028,309,4
55385,1591,2028,311,5
55386,1591,2028,313,4
55387,1591,2028,315,5
55388,1591,2028,324,4
55389,1591,2028,330,4
55390,1591,2028,333,4
55391,1591,2028,334,5
55392,1591,2028,339,4.5
55393,1591,2028,342,5
55394,1591,2028,345,4
55395,1591,2028,353,3
55396,1591,2028,355,4.5
55397,1591,2028,358,4
55398,1591,2028,362,2.5
55399,1591,2028,363,1
55400,1591,2028,367,4
55401,1591,2028,371,4
55402,1591,2028,373,3
55403,1591,2028,374,4
55404,1591,2028,379,4.5
55405,1591,2028,380,5
55406,1591,2028,384,3
55407,1591,2028,387,5
55408,1591,2028,388,5
55409,1591,2028,394,1
55410,1591,2028,407,4
55411,1591,2028,412,4
55412,1591,2028,414,2
55413,1591,2028,417,5
55414,1591,2028,422,4
55415,1591,2028,425,4.5
55416,1591,2028,426,4.5
55417,1591,2028,430,4
55418,1591,2028,431,4.5
55419,1591,2028,432,5
55420,1591,2028,439,2
55421,1591,2028,441,2
55422,1591,2028,442,5
55423,1591,2028,452,4
55424,1591,2028,453,3
55425,1591,2028,454,3
55426,1591,2028,458,3
55427,1591,2028,461,3.5
55428,1591,2028,463,4
55429,1591,2028,466,5
55430,1591,2028,468,3
55431,1591,2028,471,4
55432,1591,2028,472,3
55433,1591,2028,475,4
55434,1591,2028,478,4.5
55435,1591,2028,480,5
55436,1591,2028,483,4
55437,1591,2028,494,5
55438,1591,2028,497,4
55439,1591,2028,501,4.5
55440,1591,2028,504,3
55441,1591,2028,505,3.5
55442,1591,2028,509,3
55443,1591,2028,510,2
55444,1591,2028,512,3.5
55445,1591,2028,518,4
55446,1591,2028,520,4
55447,1591,2028,522,3
55448,1591,2028,527,4.5
55449,1591,2028,529,5
55450,1591,2028,532,3.5
55451,1591,2028,533,4
55452,1591,2028,534,5
55453,1591,2028,544,4.5
55454,1591,2028,550,3
55455,1591,2028,553,5
55456,1591,2028,559,5
55457,1591,2028,561,3.5
55458,1591,2028,562,5
55459,1591,2028,563,4
55460,1591,2028,564,5
55461,1591,2028,569,5
55462,1591,2028,570,2.5
55463,1591,2028,572,4.5
55464,1591,2028,573,5
55465,1591,2028,577,4.5
55466,1591,2028,578,0.5
55467,1591,2028,580,4
55468,1591,2028,584,5
55469,1591,2028,587,4.5
55470,1591,2028,592,4
55471,1591,2028,594,4
55472,1591,2028,595,1
55473,1591,2028,596,4
55474,1591,2028,597,4
55475,1591,2028,598,4
55476,1591,2028,605,3
55477,1591,2028,608,4
55478,1591,2028,615,4.5
55479,1591,2028,626,4
55480,1591,2028,627,1.5
55481,1591,2028,632,4.5
55482,1591,2028,647,2
55483,1591,2028,648,3
55484,1591,2028,651,4
55485,1591,2028,654,5
55486,1591,2028,658,5
55487,1591,2028,664,4.5
55488,1591,2028,665,4
55489,1591,2028,671,4
55490,1590,2027,23,3.5
55491,1590,2027,57,2
55492,1590,2027,285,2
55493,1590,2027,358,1
55494,1590,2027,564,2
55495,1590,2027,580,2
55496,1590,2027,615,3
55497,1590,2027,624,2
55498,1589,2026,95,3
55499,1589,2026,177,5
55500,1589,2026,348,4
55501,1589,2026,412,2
55502,1589,2026,564,2
55503,1588,2025,15,2
55504,1588,2025,30,4
55505,1588,2025,38,3
55506,1588,2025,41,5
55507,1588,2025,157,3
55508,1588,2025,165,2.5
55509,1588,2025,232,4
55510,1588,2025,265,2
55511,1588,2025,452,3
55512,1588,2025,472,3
55513,1588,2025,493,1
55514,1588,2025,504,1
55515,1588,2025,547,4
55516,1587,2024,30,1
55517,1587,2024,322,4
55518,1587,2024,564,5
55519,1586,2023,5,1.5
55520,1586,2023,17,4
55521,1586,2023,22,3.5
55522,1586,2023,23,3
55523,1586,2023,30,5
55524,1586,2023,73,2.5
55525,1586,2023,102,2
55526,1586,2023,105,3
55527,1586,2023,130,3.5
55528,1586,2023,195,3
55529,1586,2023,212,2.5
55530,1586,2023,214,5
55531,1586,2023,220,4
55532,1586,2023,232,4
55533,1586,2023,242,5
55534,1586,2023,358,1
55535,1586,2023,388,4
55536,1586,2023,395,1
55537,1586,2023,404,4
55538,1586,2023,405,5
55539,1586,2023,423,4
55540,1586,2023,452,4
55541,1586,2023,467,4
55542,1586,2023,468,3.5
55543,1586,2023,509,3
55544,1586,2023,525,5
55545,1586,2023,547,2
55546,1586,2023,562,3.5
55547,1586,2023,564,3
55548,1586,2023,580,3.5
55549,1586,2023,596,4
55550,1586,2023,624,3
55551,1586,2023,627,4
55552,1586,2023,634,2.5
55553,1586,2023,648,3.5
55554,1585,2022,23,4
55555,1585,2022,232,3
55556,1585,2022,299,4.5
55557,1585,2022,312,3
55558,1585,2022,342,2
55559,1585,2022,373,4
55560,1585,2022,388,4.5
55561,1585,2022,452,3
55562,1585,2022,468,3.5
55563,1585,2022,497,3
55564,1585,2022,509,4
55565,1585,2022,518,5
55566,1585,2022,605,1
55567,1584,2021,4,4
55568,1584,2021,17,3.5
55569,1584,2021,73,3.5
55570,1584,2021,77,3.5
55571,1584,2021,102,4
55572,1584,2021,103,1.5
55573,1584,2021,118,1
55574,1584,2021,119,3
55575,1584,2021,130,2
55576,1584,2021,137,3
55577,1584,2021,177,5
55578,1584,2021,185,3
55579,1584,2021,186,5
55580,1584,2021,195,2
55581,1584,2021,197,5
55582,1584,2021,199,4
55583,1584,2021,206,3
55584,1584,2021,236,2
55585,1584,2021,243,4
55586,1584,2021,299,2.5
55587,1584,2021,346,2
55588,1584,2021,363,2
55589,1584,2021,468,2
55590,1584,2021,518,4
55591,1584,2021,547,2
55592,1584,2021,564,3
55593,1584,2021,577,4
55594,1584,2021,580,3
55595,1584,2021,607,4
55596,1584,2021,634,2
55597,1583,2020,4,4
55598,1583,2020,15,2.5
55599,1583,2020,57,5
55600,1583,2020,76,4.5
55601,1583,2020,102,4
55602,1583,2020,105,4
55603,1583,2020,170,3
55604,1583,2020,212,3.5
55605,1583,2020,214,5
55606,1583,2020,232,5
55607,1583,2020,242,4
55608,1583,2020,265,4
55609,1583,2020,306,4
55610,1583,2020,312,4
55611,1583,2020,321,3
55612,1583,2020,348,1
55613,1583,2020,358,4
55614,1583,2020,373,4
55615,1583,2020,387,3
55616,1583,2020,388,4
55617,1583,2020,431,4
55618,1583,2020,452,4
55619,1583,2020,460,5
55620,1583,2020,463,4
55621,1583,2020,472,4
55622,1583,2020,497,4
55623,1583,2020,505,3
55624,1583,2020,509,4
55625,1583,2020,518,5
55626,1583,2020,545,5
55627,1583,2020,547,4.5
55628,1583,2020,564,5
55629,1583,2020,587,4
55630,1583,2020,628,2.5
55631,1582,2019,6,4
55632,1582,2019,15,4.5
55633,1582,2019,19,3
55634,1582,2019,23,4
55635,1582,2019,28,2
55636,1582,2019,97,4
55637,1582,2019,101,4
55638,1582,2019,102,4
55639,1582,2019,119,4
55640,1582,2019,159,4.5
55641,1582,2019,195,5
55642,1582,2019,199,4
55643,1582,2019,232,5
55644,1582,2019,236,5
55645,1582,2019,243,4
55646,1582,2019,257,5
55647,1582,2019,262,3
55648,1582,2019,263,3
55649,1582,2019,265,4
55650,1582,2019,281,5
55651,1582,2019,290,5
55652,1582,2019,297,5
55653,1582,2019,304,4.5
55654,1582,2019,309,4.5
55655,1582,2019,311,3
55656,1582,2019,346,2
55657,1582,2019,390,3
55658,1582,2019,391,5
55659,1582,2019,408,5
55660,1582,2019,423,3.5
55661,1582,2019,431,4
55662,1582,2019,436,5
55663,1582,2019,450,4.5
55664,1582,2019,468,4
55665,1582,2019,472,4
55666,1582,2019,474,5
55667,1582,2019,492,5
55668,1582,2019,499,5
55669,1582,2019,509,4
55670,1582,2019,514,4
55671,1582,2019,519,5
55672,1582,2019,539,3
55673,1582,2019,544,5
55674,1582,2019,547,5
55675,1582,2019,558,5
55676,1582,2019,559,5
55677,1582,2019,564,4
55678,1582,2019,580,4.5
55679,1582,2019,585,5
55680,1582,2019,587,5
55681,1582,2019,607,4.5
55682,1582,2019,608,5
55683,1582,2019,624,5
55684,1582,2019,647,4
55685,1581,2018,4,5
55686,1581,2018,15,2
55687,1581,2018,61,2.5
55688,1581,2018,73,4.5
55689,1581,2018,99,4
55690,1581,2018,102,4
55691,1581,2018,165,3
55692,1581,2018,176,2
55693,1581,2018,185,3
55694,1581,2018,187,3.5
55695,1581,2018,213,1
55696,1581,2018,219,2
55697,1581,2018,285,3
55698,1581,2018,294,3
55699,1581,2018,311,4.5
55700,1581,2018,353,1
55701,1581,2018,358,4
55702,1581,2018,363,4
55703,1581,2018,382,3
55704,1581,2018,408,4
55705,1581,2018,466,5
55706,1581,2018,468,3.5
55707,1581,2018,471,4.5
55708,1581,2018,518,3
55709,1581,2018,547,5
55710,1581,2018,557,2
55711,1581,2018,559,5
55712,1581,2018,564,5
55713,1581,2018,575,3
55714,1581,2018,580,3.5
55715,1581,2018,595,4
55716,1581,2018,624,4
55717,1581,2018,646,4
55718,1581,2018,665,3
55719,1580,2017,128,5
55720,1580,2017,294,3
55721,1580,2017,306,3
55722,1580,2017,547,3
55723,1580,2017,575,2
55724,1580,2017,605,3
55725,1580,2017,665,3
55726,1579,2016,58,2
55727,1579,2016,239,3
55728,1579,2016,472,2
55729,1579,2016,564,3
55730,1578,2015,30,3
55731,1578,2015,58,3
55732,1578,2015,99,1
55733,1578,2015,177,3
55734,1578,2015,195,4
55735,1578,2015,197,4
55736,1578,2015,202,2
55737,1578,2015,286,3
55738,1578,2015,287,4.5
55739,1578,2015,358,3
55740,1578,2015,529,3
55741,1578,2015,547,3.5
55742,1578,2015,558,3
55743,1578,2015,564,4
55744,1578,2015,575,3
55745,1578,2015,595,3
55746,1578,2015,597,4
55747,1578,2015,605,4
55748,1578,2015,646,4
55749,1577,2014,4,4
55750,1577,2014,102,4
55751,1577,2014,111,3.5
55752,1577,2014,136,3.5
55753,1577,2014,358,3
55754,1577,2014,408,2
55755,1577,2014,460,3.5
55756,1577,2014,472,3
55757,1577,2014,518,3
55758,1577,2014,547,1
55759,1577,2014,564,4
55760,1577,2014,595,4
55761,1577,2014,605,3
55762,1577,2014,624,2
55763,1577,2014,646,4
55764,1576,2013,20,3
55765,1576,2013,30,3
55766,1576,2013,49,1
55767,1576,2013,57,4
55768,1576,2013,79,2.5
55769,1576,2013,95,3
55770,1576,2013,119,3
55771,1576,2013,120,2.5
55772,1576,2013,137,4
55773,1576,2013,180,3
55774,1576,2013,195,3
55775,1576,2013,232,3
55776,1576,2013,294,2
55777,1576,2013,306,4
55778,1576,2013,373,3
55779,1576,2013,388,4
55780,1576,2013,452,3.5
55781,1576,2013,463,4
55782,1576,2013,468,2.5
55783,1576,2013,472,2
55784,1576,2013,491,5
55785,1576,2013,524,3
55786,1576,2013,529,3
55787,1576,2013,547,2
55788,1576,2013,564,4
55789,1576,2013,624,5
55790,1576,2013,646,3
55791,1576,2013,661,4
55792,1575,2012,15,1
55793,1575,2012,16,4
55794,1575,2012,17,4
55795,1575,2012,23,4.5
55796,1575,2012,30,3
55797,1575,2012,41,3.5
55798,1575,2012,60,4
55799,1575,2012,69,4.5
55800,1575,2012,73,2.5
55801,1575,2012,75,3.5
55802,1575,2012,77,3.5
55803,1575,2012,78,4
55804,1575,2012,94,2.5
55805,1575,2012,118,3
55806,1575,2012,119,2
55807,1575,2012,125,3.5
55808,1575,2012,130,2
55809,1575,2012,134,3.5
55810,1575,2012,142,3
55811,1575,2012,150,4.5
55812,1575,2012,155,2
55813,1575,2012,157,3.5
55814,1575,2012,165,2.5
55815,1575,2012,177,4
55816,1575,2012,185,4
55817,1575,2012,199,4
55818,1575,2012,200,4
55819,1575,2012,202,4
55820,1575,2012,212,2.5
55821,1575,2012,219,3
55822,1575,2012,220,1
55823,1575,2012,221,3.5
55824,1575,2012,232,3
55825,1575,2012,235,4
55826,1575,2012,243,3
55827,1575,2012,247,4
55828,1575,2012,248,4
55829,1575,2012,251,4
55830,1575,2012,253,3.5
55831,1575,2012,268,3
55832,1575,2012,274,3.5
55833,1575,2012,275,4
55834,1575,2012,282,3.5
55835,1575,2012,285,3
55836,1575,2012,291,3.5
55837,1575,2012,300,3
55838,1575,2012,303,4.5
55839,1575,2012,311,3.5
55840,1575,2012,313,3
55841,1575,2012,339,4.5
55842,1575,2012,346,4
55843,1575,2012,350,4
55844,1575,2012,353,3
55845,1575,2012,355,3.5
55846,1575,2012,358,2
55847,1575,2012,363,2
55848,1575,2012,365,5
55849,1575,2012,384,3.5
55850,1575,2012,388,3
55851,1575,2012,402,4
55852,1575,2012,405,4
55853,1575,2012,423,3
55854,1575,2012,426,2.5
55855,1575,2012,430,3.5
55856,1575,2012,431,3
55857,1575,2012,439,1
55858,1575,2012,452,3
55859,1575,2012,453,5
55860,1575,2012,457,2
55861,1575,2012,461,2.5
55862,1575,2012,463,1
55863,1575,2012,468,3
55864,1575,2012,486,3.5
55865,1575,2012,505,3
55866,1575,2012,518,3
55867,1575,2012,525,4
55868,1575,2012,527,1.5
55869,1575,2012,546,5
55870,1575,2012,547,0.5
55871,1575,2012,554,2
55872,1575,2012,560,5
55873,1575,2012,561,3.5
55874,1575,2012,562,3
55875,1575,2012,564,3
55876,1575,2012,574,3.5
55877,1575,2012,580,1.5
55878,1575,2012,596,3.5
55879,1575,2012,605,2
55880,1575,2012,607,4
55881,1575,2012,624,4
55882,1575,2012,645,3.5
55883,1575,2012,646,5
55884,1575,2012,654,4
55885,1575,2012,665,3
55886,1574,2011,15,3
55887,1574,2011,17,4
55888,1574,2011,22,3.5
55889,1574,2011,23,4
55890,1574,2011,30,4
55891,1574,2011,41,4
55892,1574,2011,56,2
55893,1574,2011,69,4.5
55894,1574,2011,73,4
55895,1574,2011,75,4.5
55896,1574,2011,77,4
55897,1574,2011,78,4.5
55898,1574,2011,88,2
55899,1574,2011,93,3
55900,1574,2011,105,2.5
55901,1574,2011,118,5
55902,1574,2011,119,2
55903,1574,2011,125,0.5
55904,1574,2011,130,3.5
55905,1574,2011,134,3.5
55906,1574,2011,137,5
55907,1574,2011,139,4
55908,1574,2011,142,3
55909,1574,2011,143,3
55910,1574,2011,149,4
55911,1574,2011,150,4
55912,1574,2011,155,2
55913,1574,2011,177,4
55914,1574,2011,185,4
55915,1574,2011,197,4
55916,1574,2011,199,4
55917,1574,2011,200,4.5
55918,1574,2011,202,4
55919,1574,2011,204,4
55920,1574,2011,206,3
55921,1574,2011,212,2.5
55922,1574,2011,219,4
55923,1574,2011,228,5
55924,1574,2011,235,4.5
55925,1574,2011,239,4
55926,1574,2011,243,2.5
55927,1574,2011,244,5
55928,1574,2011,247,4
55929,1574,2011,248,4
55930,1574,2011,251,4
55931,1574,2011,268,3
55932,1574,2011,275,5
55933,1574,2011,285,4
55934,1574,2011,295,4
55935,1574,2011,303,4.5
55936,1574,2011,306,3
55937,1574,2011,311,2
55938,1574,2011,313,3
55939,1574,2011,346,4.5
55940,1574,2011,353,3
55941,1574,2011,358,3
55942,1574,2011,363,3
55943,1574,2011,373,2
55944,1574,2011,384,4.5
55945,1574,2011,386,3
55946,1574,2011,388,3
55947,1574,2011,402,5
55948,1574,2011,405,2.5
55949,1574,2011,428,5
55950,1574,2011,431,4
55951,1574,2011,433,4
55952,1574,2011,439,2
55953,1574,2011,452,3
55954,1574,2011,457,2
55955,1574,2011,461,2.5
55956,1574,2011,463,2
55957,1574,2011,466,1
55958,1574,2011,468,2.5
55959,1574,2011,480,4
55960,1574,2011,509,2
55961,1574,2011,518,3
55962,1574,2011,525,4
55963,1574,2011,532,4
55964,1574,2011,533,3
55965,1574,2011,546,5
55966,1574,2011,547,1
55967,1574,2011,560,5
55968,1574,2011,562,3.5
55969,1574,2011,564,3
55970,1574,2011,574,3.5
55971,1574,2011,580,2.5
55972,1574,2011,596,3.5
55973,1574,2011,597,3
55974,1574,2011,599,4.5
55975,1574,2011,605,3
55976,1574,2011,607,3.5
55977,1574,2011,612,2
55978,1574,2011,624,3
55979,1574,2011,645,4
55980,1574,2011,646,5
55981,1574,2011,652,4
55982,1574,2011,654,4
55983,1574,2011,664,4
55984,1574,2011,671,3.5
55985,1573,2010,15,3
55986,1573,2010,17,5
55987,1573,2010,23,3.5
55988,1573,2010,81,5
55989,1573,2010,102,4
55990,1573,2010,134,4
55991,1573,2010,175,4
55992,1573,2010,236,4.5
55993,1573,2010,320,4
55994,1573,2010,346,1
55995,1573,2010,363,5
55996,1573,2010,395,4
55997,1573,2010,406,3.5
55998,1573,2010,430,4.5
55999,1573,2010,431,4.5
56000,1573,2010,439,4
56001,1573,2010,468,4
56002,1573,2010,470,3.5
56003,1573,2010,481,5
56004,1573,2010,499,4
56005,1573,2010,509,3.5
56006,1573,2010,580,4
56007,1573,2010,597,5
56008,1573,2010,608,3
56009,1573,2010,646,3
56010,1573,2010,647,5
56011,1572,2009,30,3
56012,1572,2009,34,4
56013,1572,2009,41,4.5
56014,1572,2009,57,3
56015,1572,2009,73,4
56016,1572,2009,118,4
56017,1572,2009,119,4
56018,1572,2009,120,1.5
56019,1572,2009,137,5
56020,1572,2009,213,2.5
56021,1572,2009,234,3.5
56022,1572,2009,346,4
56023,1572,2009,380,4
56024,1572,2009,388,3
56025,1572,2009,529,2
56026,1572,2009,564,4
56027,1572,2009,597,3
56028,1571,2008,609,1
56029,1570,2007,452,2
56030,1569,2006,15,4
56031,1569,2006,22,2.5
56032,1569,2006,33,4
56033,1569,2006,48,3
56034,1569,2006,56,4
56035,1569,2006,57,5
56036,1569,2006,72,2.5
56037,1569,2006,73,3
56038,1569,2006,99,3
56039,1569,2006,105,2.5
56040,1569,2006,119,4
56041,1569,2006,128,3
56042,1569,2006,130,3.5
56043,1569,2006,137,4
56044,1569,2006,146,2.5
56045,1569,2006,177,4
56046,1569,2006,212,4
56047,1569,2006,213,1.5
56048,1569,2006,216,4
56049,1569,2006,232,4
56050,1569,2006,242,4
56051,1569,2006,243,3
56052,1569,2006,246,4
56053,1569,2006,247,4
56054,1569,2006,253,4
56055,1569,2006,263,3
56056,1569,2006,280,4
56057,1569,2006,294,4.5
56058,1569,2006,300,3.5
56059,1569,2006,311,3.5
56060,1569,2006,313,4
56061,1569,2006,323,2
56062,1569,2006,346,4
56063,1569,2006,384,3.5
56064,1569,2006,388,4
56065,1569,2006,408,4
56066,1569,2006,453,3
56067,1569,2006,463,3
56068,1569,2006,468,2
56069,1569,2006,504,1
56070,1569,2006,518,4
56071,1569,2006,525,3
56072,1569,2006,534,3
56073,1569,2006,561,3
56074,1569,2006,569,4
56075,1569,2006,576,4
56076,1569,2006,580,1.5
56077,1569,2006,582,4
56078,1569,2006,591,3.5
56079,1569,2006,607,4
56080,1569,2006,608,3
56081,1569,2006,624,3
56082,1569,2006,645,4
56083,1569,2006,654,4.5
56084,1569,2006,655,4
56085,1568,2005,4,5
56086,1568,2005,15,4
56087,1568,2005,33,4
56088,1568,2005,56,4
56089,1568,2005,57,3
56090,1568,2005,73,5
56091,1568,2005,75,3.5
56092,1568,2005,77,4
56093,1568,2005,95,5
56094,1568,2005,119,3
56095,1568,2005,130,4
56096,1568,2005,133,2
56097,1568,2005,134,4.5
56098,1568,2005,150,3
56099,1568,2005,165,3.5
56100,1568,2005,187,4
56101,1568,2005,206,3
56102,1568,2005,212,3
56103,1568,2005,228,4.5
56104,1568,2005,243,4
56105,1568,2005,244,4
56106,1568,2005,247,4
56107,1568,2005,253,4.5
56108,1568,2005,262,4
56109,1568,2005,285,4
56110,1568,2005,292,4.5
56111,1568,2005,294,3.5
56112,1568,2005,303,4
56113,1568,2005,331,5
56114,1568,2005,346,4
56115,1568,2005,350,5
56116,1568,2005,353,2.5
56117,1568,2005,367,2
56118,1568,2005,388,5
56119,1568,2005,401,1
56120,1568,2005,457,3.5
56121,1568,2005,461,4
56122,1568,2005,466,1
56123,1568,2005,468,3
56124,1568,2005,500,1
56125,1568,2005,518,5
56126,1568,2005,525,2
56127,1568,2005,553,5
56128,1568,2005,564,4
56129,1568,2005,577,4.5
56130,1568,2005,580,2.5
56131,1568,2005,595,4
56132,1568,2005,607,4
56133,1568,2005,624,3
56134,1568,2005,654,4
56135,1568,2005,665,4
56136,1567,2004,43,1
56137,1567,2004,63,4.5
56138,1567,2004,73,4
56139,1567,2004,95,4
56140,1567,2004,150,2
56141,1567,2004,158,3.5
56142,1567,2004,195,1
56143,1567,2004,239,2
56144,1567,2004,243,3
56145,1567,2004,247,3
56146,1567,2004,358,1
56147,1567,2004,401,2
56148,1567,2004,431,0.5
56149,1567,2004,445,3.5
56150,1567,2004,457,1.5
56151,1567,2004,479,2
56152,1567,2004,564,3
56153,1567,2004,580,2.5
56154,1567,2004,596,3.5
56155,1567,2004,624,3
56156,1567,2004,654,3.5
56157,1566,2003,4,2
56158,1566,2003,15,3
56159,1566,2003,30,3
56160,1566,2003,41,2.5
56161,1566,2003,43,2
56162,1566,2003,57,3
56163,1566,2003,73,4.5
56164,1566,2003,75,3
56165,1566,2003,95,5
56166,1566,2003,102,2
56167,1566,2003,120,3
56168,1566,2003,123,4
56169,1566,2003,130,3.5
56170,1566,2003,157,3
56171,1566,2003,165,3.5
56172,1566,2003,181,3.5
56173,1566,2003,206,3
56174,1566,2003,212,2.5
56175,1566,2003,220,2
56176,1566,2003,239,3
56177,1566,2003,243,3.5
56178,1566,2003,247,3
56179,1566,2003,262,3
56180,1566,2003,285,3
56181,1566,2003,287,4.5
56182,1566,2003,306,3
56183,1566,2003,310,2.5
56184,1566,2003,346,4
56185,1566,2003,358,2
56186,1566,2003,373,3
56187,1566,2003,423,4
56188,1566,2003,439,3
56189,1566,2003,452,3
56190,1566,2003,461,3.5
56191,1566,2003,466,4
56192,1566,2003,482,4
56193,1566,2003,509,1
56194,1566,2003,518,4
56195,1566,2003,564,4
56196,1566,2003,573,2
56197,1566,2003,580,3
56198,1566,2003,596,3.5
56199,1566,2003,598,4
56200,1566,2003,607,3.5
56201,1566,2003,621,2
56202,1566,2003,624,4
56203,1566,2003,654,4
56204,1565,2002,4,3
56205,1565,2002,23,3.5
56206,1565,2002,30,3
56207,1565,2002,53,3
56208,1565,2002,74,4
56209,1565,2002,105,3
56210,1565,2002,119,3
56211,1565,2002,150,3
56212,1565,2002,160,4
56213,1565,2002,167,4
56214,1565,2002,195,1
56215,1565,2002,202,4
56216,1565,2002,212,3
56217,1565,2002,232,4
56218,1565,2002,239,3
56219,1565,2002,242,4
56220,1565,2002,247,4
56221,1565,2002,311,3
56222,1565,2002,312,3
56223,1565,2002,348,1
56224,1565,2002,353,2.5
56225,1565,2002,358,2
56226,1565,2002,379,3
56227,1565,2002,384,3.5
56228,1565,2002,388,3
56229,1565,2002,405,3.5
56230,1565,2002,423,3
56231,1565,2002,453,4
56232,1565,2002,457,1
56233,1565,2002,461,2
56234,1565,2002,518,3
56235,1565,2002,534,4
56236,1565,2002,550,2
56237,1565,2002,564,2
56238,1565,2002,569,3
56239,1565,2002,624,3
56240,1565,2002,634,2
56241,1565,2002,654,4
56242,1565,2002,665,2
56243,1564,2001,6,3
56244,1564,2001,30,4
56245,1564,2001,41,3
56246,1564,2001,57,4
56247,1564,2001,77,3.5
56248,1564,2001,101,4
56249,1564,2001,102,2
56250,1564,2001,105,3
56251,1564,2001,115,3.5
56252,1564,2001,119,3
56253,1564,2001,130,2
56254,1564,2001,134,3
56255,1564,2001,150,3
56256,1564,2001,189,4
56257,1564,2001,195,1
56258,1564,2001,209,3
56259,1564,2001,212,2.5
56260,1564,2001,214,2
56261,1564,2001,232,4
56262,1564,2001,235,3.5
56263,1564,2001,237,3
56264,1564,2001,242,4
56265,1564,2001,247,4
56266,1564,2001,282,4
56267,1564,2001,292,3.5
56268,1564,2001,300,3.5
56269,1564,2001,303,2
56270,1564,2001,309,2.5
56271,1564,2001,311,3.5
56272,1564,2001,327,4
56273,1564,2001,353,2.5
56274,1564,2001,358,3
56275,1564,2001,367,3.5
56276,1564,2001,371,4
56277,1564,2001,381,1
56278,1564,2001,384,4
56279,1564,2001,388,3
56280,1564,2001,398,4
56281,1564,2001,405,3.5
56282,1564,2001,419,2.5
56283,1564,2001,452,2.5
56284,1564,2001,457,1.5
56285,1564,2001,461,3
56286,1564,2001,462,5
56287,1564,2001,463,4
56288,1564,2001,472,3
56289,1564,2001,480,3
56290,1564,2001,518,3
56291,1564,2001,562,4
56292,1564,2001,564,2
56293,1564,2001,569,4
56294,1564,2001,574,4
56295,1564,2001,577,3.5
56296,1564,2001,580,3.5
56297,1564,2001,624,3.5
56298,1564,2001,652,3.5
56299,1564,2001,654,4
56300,1563,2000,4,5
56301,1563,2000,15,3
56302,1563,2000,30,4
56303,1563,2000,38,3
56304,1563,2000,43,2
56305,1563,2000,56,1
56306,1563,2000,57,5
56307,1563,2000,66,5
56308,1563,2000,73,4
56309,1563,2000,74,4
56310,1563,2000,77,3.5
56311,1563,2000,83,1.5
56312,1563,2000,97,3
56313,1563,2000,101,3.5
56314,1563,2000,102,2
56315,1563,2000,105,3.5
56316,1563,2000,119,4
56317,1563,2000,120,3.5
56318,1563,2000,124,3
56319,1563,2000,125,4
56320,1563,2000,130,3
56321,1563,2000,134,4
56322,1563,2000,150,3.5
56323,1563,2000,159,4
56324,1563,2000,177,5
56325,1563,2000,178,3.5
56326,1563,2000,187,2.5
56327,1563,2000,189,3
56328,1563,2000,195,1
56329,1563,2000,212,3.5
56330,1563,2000,213,2.5
56331,1563,2000,214,3
56332,1563,2000,217,4
56333,1563,2000,232,4
56334,1563,2000,236,0.5
56335,1563,2000,239,4
56336,1563,2000,242,5
56337,1563,2000,243,3.5
56338,1563,2000,247,4
56339,1563,2000,268,4.5
56340,1563,2000,282,4.5
56341,1563,2000,285,4
56342,1563,2000,286,4
56343,1563,2000,292,4
56344,1563,2000,298,5
56345,1563,2000,303,2
56346,1563,2000,311,4
56347,1563,2000,346,5
56348,1563,2000,353,3.5
56349,1563,2000,358,4
56350,1563,2000,367,4.5
56351,1563,2000,371,4
56352,1563,2000,380,4
56353,1563,2000,384,4
56354,1563,2000,388,4
56355,1563,2000,394,4
56356,1563,2000,398,4
56357,1563,2000,405,4.5
56358,1563,2000,423,3
56359,1563,2000,431,4
56360,1563,2000,439,4
56361,1563,2000,442,4.5
56362,1563,2000,452,3
56363,1563,2000,457,2
56364,1563,2000,461,4
56365,1563,2000,463,4
56366,1563,2000,472,3
56367,1563,2000,480,4.5
56368,1563,2000,486,4
56369,1563,2000,509,3
56370,1563,2000,518,4
56371,1563,2000,525,5
56372,1563,2000,545,1
56373,1563,2000,550,4
56374,1563,2000,564,3
56375,1563,2000,569,4
56376,1563,2000,570,4
56377,1563,2000,574,4.5
56378,1563,2000,577,4.5
56379,1563,2000,585,4
56380,1563,2000,594,2
56381,1563,2000,597,2
56382,1563,2000,598,3
56383,1563,2000,605,3
56384,1563,2000,607,4
56385,1563,2000,608,4
56386,1563,2000,624,4
56387,1563,2000,654,4.5
56388,1563,2000,664,4
56389,1563,2000,665,3
56390,1562,1999,102,3
56391,1562,1999,119,3
56392,1562,1999,564,2
56393,1561,1998,202,3
56394,1561,1998,564,4
56395,1560,1997,5,3.5
56396,1560,1997,15,5
56397,1560,1997,17,4
56398,1560,1997,22,3
56399,1560,1997,23,3.5
56400,1560,1997,30,5
56401,1560,1997,34,5
56402,1560,1997,41,4
56403,1560,1997,43,5
56404,1560,1997,48,3.5
56405,1560,1997,57,4
56406,1560,1997,73,4
56407,1560,1997,78,4
56408,1560,1997,97,0.5
56409,1560,1997,102,5
56410,1560,1997,105,4
56411,1560,1997,119,4
56412,1560,1997,120,3
56413,1560,1997,130,1
56414,1560,1997,134,4.5
56415,1560,1997,165,2.5
56416,1560,1997,187,4
56417,1560,1997,202,5
56418,1560,1997,214,5
56419,1560,1997,243,3.5
56420,1560,1997,262,2.5
56421,1560,1997,265,3
56422,1560,1997,285,1
56423,1560,1997,300,3
56424,1560,1997,303,3.5
56425,1560,1997,306,3
56426,1560,1997,342,4
56427,1560,1997,355,4
56428,1560,1997,411,5
56429,1560,1997,426,3
56430,1560,1997,432,4
56431,1560,1997,442,5
56432,1560,1997,452,4
56433,1560,1997,457,3.5
56434,1560,1997,461,4.5
56435,1560,1997,463,4
56436,1560,1997,466,4
56437,1560,1997,468,2.5
56438,1560,1997,472,4.5
56439,1560,1997,481,4
56440,1560,1997,482,5
56441,1560,1997,483,3.5
56442,1560,1997,509,4
56443,1560,1997,518,4
56444,1560,1997,522,2.5
56445,1560,1997,529,3
56446,1560,1997,531,0.5
56447,1560,1997,547,3
56448,1560,1997,559,5
56449,1560,1997,564,4
56450,1560,1997,570,4.5
56451,1560,1997,580,3.5
56452,1560,1997,596,3.5
56453,1560,1997,605,4
56454,1560,1997,608,4
56455,1560,1997,617,5
56456,1560,1997,627,4
56457,1560,1997,647,5
56458,1560,1997,664,3
56459,1559,1996,57,2
56460,1559,1996,388,3
56461,1559,1996,554,1
56462,1559,1996,564,1
56463,1558,1995,53,2
56464,1558,1995,57,3
56465,1558,1995,95,3
56466,1558,1995,306,2
56467,1558,1995,457,2
56468,1558,1995,461,1
56469,1558,1995,518,3
56470,1558,1995,564,3
56471,1557,1994,4,5
56472,1557,1994,15,2.5
56473,1557,1994,30,4
56474,1557,1994,33,5
56475,1557,1994,57,4
56476,1557,1994,73,4
56477,1557,1994,75,3
56478,1557,1994,95,4
56479,1557,1994,102,4
56480,1557,1994,118,4
56481,1557,1994,119,4
56482,1557,1994,120,2.5
56483,1557,1994,134,5
56484,1557,1994,149,3.5
56485,1557,1994,163,3.5
56486,1557,1994,206,3
56487,1557,1994,234,3.5
56488,1557,1994,243,3.5
56489,1557,1994,262,3
56490,1557,1994,268,4
56491,1557,1994,291,4.5
56492,1557,1994,294,3
56493,1557,1994,303,3
56494,1557,1994,306,4
56495,1557,1994,355,3
56496,1557,1994,452,4
56497,1557,1994,461,3.5
56498,1557,1994,463,4
56499,1557,1994,468,2.5
56500,1557,1994,482,3
56501,1557,1994,497,4
56502,1557,1994,505,3
56503,1557,1994,518,4
56504,1557,1994,547,4.5
56505,1557,1994,564,5
56506,1557,1994,580,2.5
56507,1557,1994,617,5
56508,1557,1994,626,4
56509,1556,1993,210,2
56510,1556,1993,262,2
56511,1556,1993,509,1
56512,1556,1993,564,3
56513,1555,1992,106,4
56514,1555,1992,285,1
56515,1555,1992,457,2
56516,1555,1992,471,2
56517,1555,1992,509,1
56518,1554,1991,73,3.5
56519,1554,1991,157,3
56520,1554,1991,262,3
56521,1554,1991,285,1
56522,1554,1991,457,2.5
56523,1554,1991,471,2.5
56524,1554,1991,509,3
56525,1554,1991,518,3
56526,1554,1991,564,5
56527,1554,1991,617,3
56528,1553,1990,564,3
56529,1552,1989,564,2
56530,1551,1988,95,3
56531,1551,1988,564,3
56532,1550,1987,57,2
56533,1550,1987,102,4
56534,1550,1987,547,3
56535,1550,1987,564,1
56536,1549,1986,564,4
56537,1549,1986,626,3
56538,1548,1985,95,2
56539,1548,1985,452,0.5
56540,1548,1985,457,1.5
56541,1548,1985,564,4
56542,1548,1985,626,3
56543,1547,1984,33,1
56544,1547,1984,57,1
56545,1547,1984,95,3
56546,1547,1984,142,1
56547,1547,1984,306,3
56548,1547,1984,463,1
56549,1547,1984,564,4
56550,1547,1984,626,1
56551,1546,1983,33,4
56552,1546,1983,57,3
56553,1546,1983,95,3
56554,1546,1983,306,2
56555,1546,1983,461,1.5
56556,1546,1983,463,3
56557,1546,1983,564,5
56558,1546,1983,626,4
56559,1545,1982,30,3
56560,1545,1982,33,4
56561,1545,1982,57,4
56562,1545,1982,73,4
56563,1545,1982,95,5
56564,1545,1982,102,4
56565,1545,1982,149,3
56566,1545,1982,199,3
56567,1545,1982,262,3
56568,1545,1982,285,3
56569,1545,1982,299,4
56570,1545,1982,306,4
56571,1545,1982,373,4
56572,1545,1982,423,2.5
56573,1545,1982,457,3
56574,1545,1982,461,3.5
56575,1545,1982,463,4
56576,1545,1982,468,3
56577,1545,1982,482,3
56578,1545,1982,505,3
56579,1545,1982,564,5
56580,1545,1982,596,3.5
56581,1545,1982,597,4
56582,1545,1982,617,3
56583,1545,1982,624,1.5
56584,1545,1982,626,5
56585,1544,1981,57,1
56586,1544,1981,260,3
56587,1544,1981,564,3
56588,1543,1980,564,3
56589,1542,1979,57,1
56590,1542,1979,260,3
56591,1542,1979,457,2
56592,1542,1979,564,3
56593,1541,1978,57,1
56594,1541,1978,564,4
56595,1540,1977,57,1
56596,1540,1977,422,2
56597,1540,1977,452,1
56598,1540,1977,457,2
56599,1540,1977,554,1
56600,1540,1977,564,3
56601,1539,1976,123,4
56602,1539,1976,137,1
56603,1539,1976,285,1
56604,1539,1976,353,1
56605,1539,1976,457,2
56606,1539,1976,564,4
56607,1538,1975,57,2
56608,1538,1975,95,3
56609,1538,1975,285,1
56610,1538,1975,353,1.5
56611,1538,1975,452,0.5
56612,1538,1975,457,2.5
56613,1538,1975,554,3
56614,1538,1975,564,3
56615,1538,1975,605,1
56616,1537,1974,33,3
56617,1537,1974,57,2
56618,1537,1974,73,3.5
56619,1537,1974,95,4
56620,1537,1974,102,5
56621,1537,1974,159,3.5
56622,1537,1974,262,2.5
56623,1537,1974,285,2
56624,1537,1974,306,4
56625,1537,1974,337,2
56626,1537,1974,353,2
56627,1537,1974,457,3
56628,1537,1974,463,3
56629,1537,1974,471,3
56630,1537,1974,554,3
56631,1537,1974,564,4
56632,1537,1974,605,3
56633,1536,1973,95,3
56634,1536,1973,457,2
56635,1536,1973,564,2
56636,1535,1972,95,3
56637,1535,1972,165,3.5
56638,1535,1972,457,1.5
56639,1535,1972,461,1
56640,1535,1972,564,4
56641,1534,1971,95,4
56642,1534,1971,457,2
56643,1534,1971,564,2
56644,1533,1970,95,4
56645,1533,1970,165,3
56646,1533,1970,388,2
56647,1533,1970,461,1
56648,1533,1970,564,3
56649,1532,1969,52,0.5
56650,1532,1969,95,4
56651,1532,1969,102,4
56652,1532,1969,285,2
56653,1532,1969,337,2
56654,1532,1969,457,2
56655,1532,1969,518,3
56656,1532,1969,564,4
56657,1531,1968,4,5
56658,1531,1968,5,4
56659,1531,1968,15,4
56660,1531,1968,30,4
56661,1531,1968,43,3
56662,1531,1968,51,4
56663,1531,1968,56,5
56664,1531,1968,57,4
56665,1531,1968,59,2.5
56666,1531,1968,61,5
56667,1531,1968,69,4.5
56668,1531,1968,73,4.5
56669,1531,1968,77,3
56670,1531,1968,78,5
56671,1531,1968,88,3.5
56672,1531,1968,93,3.5
56673,1531,1968,102,4
56674,1531,1968,105,3
56675,1531,1968,106,4.5
56676,1531,1968,111,4
56677,1531,1968,119,4
56678,1531,1968,123,4
56679,1531,1968,130,4.5
56680,1531,1968,133,2.5
56681,1531,1968,134,4
56682,1531,1968,136,1
56683,1531,1968,139,3.5
56684,1531,1968,149,4
56685,1531,1968,160,4
56686,1531,1968,164,4
56687,1531,1968,166,4
56688,1531,1968,175,4
56689,1531,1968,177,5
56690,1531,1968,178,5
56691,1531,1968,187,5
56692,1531,1968,202,4
56693,1531,1968,206,5
56694,1531,1968,210,3.5
56695,1531,1968,212,4
56696,1531,1968,216,5
56697,1531,1968,232,5
56698,1531,1968,235,4
56699,1531,1968,239,5
56700,1531,1968,242,4
56701,1531,1968,247,4
56702,1531,1968,257,0.5
56703,1531,1968,262,4.5
56704,1531,1968,268,5
56705,1531,1968,275,4.5
56706,1531,1968,285,3
56707,1531,1968,292,5
56708,1531,1968,293,4.5
56709,1531,1968,294,3.5
56710,1531,1968,297,3
56711,1531,1968,303,3.5
56712,1531,1968,304,3.5
56713,1531,1968,306,4
56714,1531,1968,322,2
56715,1531,1968,342,3
56716,1531,1968,345,4.5
56717,1531,1968,350,4
56718,1531,1968,351,5
56719,1531,1968,358,4
56720,1531,1968,367,4
56721,1531,1968,373,3
56722,1531,1968,378,3.5
56723,1531,1968,380,4
56724,1531,1968,388,4
56725,1531,1968,393,4
56726,1531,1968,394,4.5
56727,1531,1968,402,4
56728,1531,1968,408,4
56729,1531,1968,428,5
56730,1531,1968,430,4.5
56731,1531,1968,431,5
56732,1531,1968,433,4
56733,1531,1968,439,4
56734,1531,1968,441,4
56735,1531,1968,442,5
56736,1531,1968,452,4
56737,1531,1968,457,3.5
56738,1531,1968,460,4.5
56739,1531,1968,461,4.5
56740,1531,1968,463,4
56741,1531,1968,466,3
56742,1531,1968,468,3
56743,1531,1968,472,4
56744,1531,1968,479,4.5
56745,1531,1968,480,4
56746,1531,1968,483,4
56747,1531,1968,486,4.5
56748,1531,1968,497,5
56749,1531,1968,500,4.5
56750,1531,1968,505,3.5
56751,1531,1968,509,4
56752,1531,1968,518,5
56753,1531,1968,527,4
56754,1531,1968,544,5
56755,1531,1968,545,5
56756,1531,1968,547,2.5
56757,1531,1968,554,3
56758,1531,1968,561,4
56759,1531,1968,564,4
56760,1531,1968,574,4
56761,1531,1968,575,3
56762,1531,1968,580,4
56763,1531,1968,596,3.5
56764,1531,1968,598,3.5
56765,1531,1968,599,5
56766,1531,1968,605,3
56767,1531,1968,606,4
56768,1531,1968,607,3.5
56769,1531,1968,614,4
56770,1531,1968,621,3.5
56771,1531,1968,624,3
56772,1531,1968,626,5
56773,1531,1968,654,4.5
56774,1530,1967,4,3
56775,1530,1967,31,4.5
56776,1530,1967,33,2
56777,1530,1967,57,3
56778,1530,1967,73,5
56779,1530,1967,75,3
56780,1530,1967,77,4.5
56781,1530,1967,98,4
56782,1530,1967,111,4
56783,1530,1967,119,3
56784,1530,1967,150,3
56785,1530,1967,158,4
56786,1530,1967,185,3
56787,1530,1967,213,1
56788,1530,1967,232,5
56789,1530,1967,285,3
56790,1530,1967,294,3.5
56791,1530,1967,295,4
56792,1530,1967,306,3
56793,1530,1967,346,4
56794,1530,1967,386,3
56795,1530,1967,398,4
56796,1530,1967,408,4
56797,1530,1967,470,3.5
56798,1530,1967,509,2
56799,1530,1967,518,4
56800,1530,1967,525,4
56801,1530,1967,564,3
56802,1530,1967,577,5
56803,1530,1967,580,3.5
56804,1530,1967,582,4
56805,1530,1967,598,4
56806,1530,1967,607,4.5
56807,1530,1967,621,5
56808,1530,1967,624,3
56809,1530,1967,654,4.5
56810,1529,1966,102,5
56811,1529,1966,306,3
56812,1529,1966,330,2
56813,1529,1966,342,4
56814,1529,1966,358,3
56815,1529,1966,388,4
56816,1529,1966,407,5
56817,1529,1966,460,4
56818,1529,1966,468,3
56819,1529,1966,472,5
56820,1529,1966,547,1
56821,1529,1966,595,4
56822,1528,1965,30,4
56823,1528,1965,34,3
56824,1528,1965,41,3
56825,1528,1965,46,5
56826,1528,1965,73,3.5
56827,1528,1965,102,4
56828,1528,1965,105,4
56829,1528,1965,118,4
56830,1528,1965,119,5
56831,1528,1965,155,1
56832,1528,1965,159,4
56833,1528,1965,195,2
56834,1528,1965,214,4
56835,1528,1965,232,5
56836,1528,1965,299,5
56837,1528,1965,306,4
56838,1528,1965,342,3
56839,1528,1965,346,3
56840,1528,1965,363,4
56841,1528,1965,373,4
56842,1528,1965,424,3.5
56843,1528,1965,463,3
56844,1528,1965,468,3
56845,1528,1965,472,4
56846,1528,1965,510,4
56847,1528,1965,547,4
56848,1528,1965,564,3
56849,1528,1965,580,4
56850,1528,1965,585,4
56851,1528,1965,594,5
56852,1528,1965,624,2
56853,1528,1965,661,4
56854,1527,1964,15,3
56855,1527,1964,57,5
56856,1527,1964,195,2
56857,1527,1964,232,3
56858,1527,1964,242,5
56859,1527,1964,265,4
56860,1527,1964,322,4
56861,1527,1964,436,4
56862,1527,1964,452,4
56863,1527,1964,457,3
56864,1527,1964,472,4.5
56865,1527,1964,509,4
56866,1527,1964,529,5
56867,1527,1964,547,4
56868,1527,1964,597,4
56869,1526,1963,306,4
56870,1526,1963,358,5
56871,1526,1963,452,3
56872,1526,1963,509,4
56873,1526,1963,510,5
56874,1526,1963,529,3
56875,1526,1963,547,4
56876,1526,1963,564,4
56877,1526,1963,585,5
56878,1526,1963,587,4.5
56879,1525,1962,15,3
56880,1525,1962,23,3.5
56881,1525,1962,28,3
56882,1525,1962,30,5
56883,1525,1962,57,5
56884,1525,1962,94,4
56885,1525,1962,102,3
56886,1525,1962,105,3
56887,1525,1962,119,5
56888,1525,1962,160,4
56889,1525,1962,170,1.5
56890,1525,1962,195,3
56891,1525,1962,206,3
56892,1525,1962,212,3
56893,1525,1962,214,5
56894,1525,1962,232,3
56895,1525,1962,242,5
56896,1525,1962,263,3.5
56897,1525,1962,303,3.5
56898,1525,1962,311,4
56899,1525,1962,342,5
56900,1525,1962,373,3
56901,1525,1962,387,4
56902,1525,1962,388,4
56903,1525,1962,439,3
56904,1525,1962,452,2
56905,1525,1962,463,4
56906,1525,1962,468,3
56907,1525,1962,509,4
56908,1525,1962,518,3
56909,1525,1962,527,3
56910,1525,1962,529,4
56911,1525,1962,533,4
56912,1525,1962,545,4
56913,1525,1962,547,3.5
56914,1525,1962,559,5
56915,1525,1962,564,4
56916,1525,1962,586,3
56917,1525,1962,605,3
56918,1525,1962,613,3.5
56919,1524,1961,4,5
56920,1524,1961,5,4
56921,1524,1961,8,5
56922,1524,1961,13,4
56923,1524,1961,15,3.5
56924,1524,1961,16,3.5
56925,1524,1961,23,4
56926,1524,1961,30,5
56927,1524,1961,56,2
56928,1524,1961,57,5
56929,1524,1961,59,3.5
56930,1524,1961,63,3.5
56931,1524,1961,72,3.5
56932,1524,1961,73,4
56933,1524,1961,74,4
56934,1524,1961,77,2.5
56935,1524,1961,83,5
56936,1524,1961,88,3.5
56937,1524,1961,93,4.5
56938,1524,1961,94,4
56939,1524,1961,102,4
56940,1524,1961,105,4
56941,1524,1961,111,3.5
56942,1524,1961,117,3
56943,1524,1961,119,4
56944,1524,1961,120,5
56945,1524,1961,124,3.5
56946,1524,1961,125,4.5
56947,1524,1961,130,3.5
56948,1524,1961,134,4
56949,1524,1961,139,4.5
56950,1524,1961,150,3
56951,1524,1961,152,3.5
56952,1524,1961,157,3.5
56953,1524,1961,160,5
56954,1524,1961,175,4
56955,1524,1961,183,5
56956,1524,1961,195,5
56957,1524,1961,206,4
56958,1524,1961,212,4
56959,1524,1961,213,2.5
56960,1524,1961,214,4
56961,1524,1961,216,4
56962,1524,1961,220,4
56963,1524,1961,230,5
56964,1524,1961,232,3
56965,1524,1961,234,5
56966,1524,1961,242,5
56967,1524,1961,243,4
56968,1524,1961,251,5
56969,1524,1961,253,5
56970,1524,1961,260,3.5
56971,1524,1961,262,2.5
56972,1524,1961,263,3
56973,1524,1961,268,3.5
56974,1524,1961,278,4
56975,1524,1961,282,3.5
56976,1524,1961,283,3.5
56977,1524,1961,292,5
56978,1524,1961,295,4.5
56979,1524,1961,303,4
56980,1524,1961,306,5
56981,1524,1961,311,4
56982,1524,1961,313,4
56983,1524,1961,321,2
56984,1524,1961,324,4
56985,1524,1961,342,5
56986,1524,1961,349,3
56987,1524,1961,355,4
56988,1524,1961,362,3.5
56989,1524,1961,365,5
56990,1524,1961,373,4
56991,1524,1961,374,4
56992,1524,1961,376,5
56993,1524,1961,379,4
56994,1524,1961,380,4
56995,1524,1961,381,5
56996,1524,1961,388,5
56997,1524,1961,405,4
56998,1524,1961,408,3
56999,1524,1961,417,5
57000,1524,1961,418,3.5
57001,1524,1961,426,4
57002,1524,1961,430,4
57003,1524,1961,431,4.5
57004,1524,1961,433,4
57005,1524,1961,442,5
57006,1524,1961,452,4
57007,1524,1961,458,5
57008,1524,1961,460,3
57009,1524,1961,461,3
57010,1524,1961,463,3
57011,1524,1961,468,3
57012,1524,1961,479,4.5
57013,1524,1961,481,3.5
57014,1524,1961,497,4
57015,1524,1961,505,3
57016,1524,1961,509,4
57017,1524,1961,510,3
57018,1524,1961,518,5
57019,1524,1961,520,4.5
57020,1524,1961,522,4
57021,1524,1961,533,4
57022,1524,1961,545,3
57023,1524,1961,546,5
57024,1524,1961,547,3
57025,1524,1961,559,5
57026,1524,1961,564,3
57027,1524,1961,575,4
57028,1524,1961,580,4
57029,1524,1961,587,4
57030,1524,1961,596,4.5
57031,1524,1961,598,4
57032,1524,1961,607,3.5
57033,1524,1961,608,3
57034,1524,1961,624,3
57035,1524,1961,648,4
57036,1524,1961,652,4
57037,1524,1961,665,4
57038,1523,1960,20,4
57039,1523,1960,23,1.5
57040,1523,1960,30,5
57041,1523,1960,102,5
57042,1523,1960,119,4
57043,1523,1960,212,3
57044,1523,1960,232,4
57045,1523,1960,242,5
57046,1523,1960,265,4
57047,1523,1960,278,4
57048,1523,1960,293,4.5
57049,1523,1960,309,4
57050,1523,1960,311,3.5
57051,1523,1960,341,3.5
57052,1523,1960,388,5
57053,1523,1960,405,4.5
57054,1523,1960,452,3
57055,1523,1960,461,3
57056,1523,1960,463,4
57057,1523,1960,468,3
57058,1523,1960,472,4.5
57059,1523,1960,509,4
57060,1523,1960,510,5
57061,1523,1960,518,5
57062,1523,1960,527,4
57063,1523,1960,545,5
57064,1523,1960,547,4
57065,1523,1960,576,4
57066,1523,1960,577,4.5
57067,1523,1960,587,5
57068,1523,1960,613,2.5
57069,1522,1959,23,2.5
57070,1522,1959,51,4
57071,1522,1959,68,4.5
57072,1522,1959,131,4
57073,1522,1959,189,1
57074,1522,1959,196,4
57075,1522,1959,212,2.5
57076,1522,1959,232,4
57077,1522,1959,242,5
57078,1522,1959,306,4
57079,1522,1959,341,4
57080,1522,1959,342,4
57081,1522,1959,350,4
57082,1522,1959,358,2
57083,1522,1959,359,4.5
57084,1522,1959,442,4.5
57085,1522,1959,460,4
57086,1522,1959,463,4
57087,1522,1959,468,2.5
57088,1522,1959,497,5
57089,1522,1959,500,4
57090,1522,1959,505,4
57091,1522,1959,509,3
57092,1522,1959,518,2
57093,1522,1959,545,5
57094,1522,1959,554,4
57095,1522,1959,564,5
57096,1522,1959,575,3
57097,1522,1959,587,5
57098,1522,1959,656,5
57099,1521,1958,23,3.5
57100,1521,1958,30,3
57101,1521,1958,43,4
57102,1521,1958,56,2
57103,1521,1958,57,4
57104,1521,1958,102,4
57105,1521,1958,117,4
57106,1521,1958,119,5
57107,1521,1958,139,3
57108,1521,1958,160,5
57109,1521,1958,195,4
57110,1521,1958,232,4
57111,1521,1958,242,5
57112,1521,1958,306,4
57113,1521,1958,342,5
57114,1521,1958,358,4
57115,1521,1958,373,3
57116,1521,1958,388,4
57117,1521,1958,405,4
57118,1521,1958,452,4
57119,1521,1958,461,2
57120,1521,1958,465,5
57121,1521,1958,472,4
57122,1521,1958,497,4
57123,1521,1958,505,3
57124,1521,1958,510,3
57125,1521,1958,518,5
57126,1521,1958,529,4
57127,1521,1958,545,5
57128,1521,1958,547,3
57129,1521,1958,564,4
57130,1521,1958,585,4
57131,1521,1958,661,4
57132,1521,1958,665,3
57133,1520,1957,23,3.5
57134,1520,1957,30,4
57135,1520,1957,31,4.5
57136,1520,1957,56,4
57137,1520,1957,57,5
57138,1520,1957,71,4
57139,1520,1957,102,4
57140,1520,1957,117,3
57141,1520,1957,119,4
57142,1520,1957,130,5
57143,1520,1957,155,3
57144,1520,1957,158,4
57145,1520,1957,195,1
57146,1520,1957,201,5
57147,1520,1957,206,4
57148,1520,1957,214,3
57149,1520,1957,232,5
57150,1520,1957,242,5
57151,1520,1957,253,4.5
57152,1520,1957,265,4
57153,1520,1957,306,5
57154,1520,1957,311,4.5
57155,1520,1957,376,3
57156,1520,1957,382,4
57157,1520,1957,387,4
57158,1520,1957,405,3.5
57159,1520,1957,442,4.5
57160,1520,1957,452,4
57161,1520,1957,463,4
57162,1520,1957,468,3.5
57163,1520,1957,472,5
57164,1520,1957,497,3
57165,1520,1957,509,5
57166,1520,1957,518,3
57167,1520,1957,529,3
57168,1520,1957,564,1
57169,1520,1957,575,5
57170,1520,1957,577,5
57171,1520,1957,586,4
57172,1520,1957,605,4
57173,1520,1957,608,3
57174,1520,1957,656,5
57175,1519,1956,15,4
57176,1519,1956,23,1
57177,1519,1956,28,4
57178,1519,1956,30,4
57179,1519,1956,57,4
57180,1519,1956,65,3
57181,1519,1956,102,4
57182,1519,1956,119,4
57183,1519,1956,160,4
57184,1519,1956,214,5
57185,1519,1956,232,3
57186,1519,1956,242,5
57187,1519,1956,265,4
57188,1519,1956,294,3.5
57189,1519,1956,306,3
57190,1519,1956,312,4
57191,1519,1956,376,5
57192,1519,1956,405,3.5
57193,1519,1956,408,3
57194,1519,1956,411,2
57195,1519,1956,431,4.5
57196,1519,1956,452,4
57197,1519,1956,472,5
57198,1519,1956,497,4
57199,1519,1956,529,4
57200,1519,1956,533,4
57201,1519,1956,545,5
57202,1519,1956,547,5
57203,1519,1956,564,5
57204,1519,1956,569,3
57205,1519,1956,575,4
57206,1518,1955,15,4.5
57207,1518,1955,23,4
57208,1518,1955,30,4
57209,1518,1955,57,4
57210,1518,1955,102,4
57211,1518,1955,119,3
57212,1518,1955,159,3.5
57213,1518,1955,160,5
57214,1518,1955,195,3
57215,1518,1955,212,2.5
57216,1518,1955,232,3
57217,1518,1955,265,4
57218,1518,1955,306,5
57219,1518,1955,342,4
57220,1518,1955,379,4
57221,1518,1955,431,4
57222,1518,1955,436,4
57223,1518,1955,452,4
57224,1518,1955,468,4
57225,1518,1955,472,4
57226,1518,1955,481,4
57227,1518,1955,505,3
57228,1518,1955,509,4
57229,1518,1955,518,4
57230,1518,1955,529,4
57231,1518,1955,545,5
57232,1518,1955,547,4
57233,1518,1955,575,3
57234,1518,1955,577,4.5
57235,1518,1955,605,3
57236,1518,1955,624,3
57237,1517,1954,4,5
57238,1517,1954,15,3
57239,1517,1954,23,3
57240,1517,1954,30,5
57241,1517,1954,34,3
57242,1517,1954,56,4
57243,1517,1954,57,4
57244,1517,1954,61,2
57245,1517,1954,63,4.5
57246,1517,1954,66,5
57247,1517,1954,69,3.5
57248,1517,1954,73,4.5
57249,1517,1954,74,3
57250,1517,1954,102,5
57251,1517,1954,119,3
57252,1517,1954,120,5
57253,1517,1954,130,4
57254,1517,1954,150,4
57255,1517,1954,178,4
57256,1517,1954,187,0.5
57257,1517,1954,195,1
57258,1517,1954,200,4
57259,1517,1954,212,3
57260,1517,1954,214,5
57261,1517,1954,245,5
57262,1517,1954,265,3
57263,1517,1954,268,2.5
57264,1517,1954,275,4.5
57265,1517,1954,277,5
57266,1517,1954,285,2
57267,1517,1954,291,4
57268,1517,1954,295,4
57269,1517,1954,303,3.5
57270,1517,1954,306,4
57271,1517,1954,311,3
57272,1517,1954,313,4
57273,1517,1954,327,5
57274,1517,1954,333,5
57275,1517,1954,340,3.5
57276,1517,1954,342,5
57277,1517,1954,358,5
57278,1517,1954,373,4
57279,1517,1954,408,1
57280,1517,1954,423,3
57281,1517,1954,431,4
57282,1517,1954,452,3
57283,1517,1954,461,3.5
57284,1517,1954,471,4.5
57285,1517,1954,472,5
57286,1517,1954,473,4
57287,1517,1954,480,4.5
57288,1517,1954,505,3
57289,1517,1954,509,5
57290,1517,1954,518,4
57291,1517,1954,519,5
57292,1517,1954,522,3
57293,1517,1954,525,3
57294,1517,1954,529,2
57295,1517,1954,533,5
57296,1517,1954,547,1.5
57297,1517,1954,564,4
57298,1517,1954,575,3
57299,1517,1954,577,5
57300,1517,1954,580,4.5
57301,1517,1954,592,4
57302,1517,1954,607,4
57303,1517,1954,624,4
57304,1517,1954,651,5
57305,1517,1954,665,4
57306,1516,1953,1,4
57307,1516,1953,4,5
57308,1516,1953,15,3
57309,1516,1953,23,3
57310,1516,1953,30,4
57311,1516,1953,56,4
57312,1516,1953,57,5
57313,1516,1953,73,3.5
57314,1516,1953,102,5
57315,1516,1953,105,3.5
57316,1516,1953,118,4
57317,1516,1953,119,4
57318,1516,1953,195,3
57319,1516,1953,202,4
57320,1516,1953,214,5
57321,1516,1953,220,3
57322,1516,1953,232,5
57323,1516,1953,242,5
57324,1516,1953,265,4
57325,1516,1953,311,3.5
57326,1516,1953,342,4
57327,1516,1953,358,3
57328,1516,1953,360,3
57329,1516,1953,387,5
57330,1516,1953,405,4.5
57331,1516,1953,423,3.5
57332,1516,1953,431,3
57333,1516,1953,436,4
57334,1516,1953,452,4
57335,1516,1953,457,3.5
57336,1516,1953,468,3
57337,1516,1953,472,5
57338,1516,1953,509,3
57339,1516,1953,510,4
57340,1516,1953,520,4
57341,1516,1953,529,3
57342,1516,1953,547,5
57343,1516,1953,564,4
57344,1516,1953,574,4
57345,1516,1953,585,5
57346,1516,1953,587,4
57347,1516,1953,594,5
57348,1516,1953,605,4
57349,1516,1953,608,5
57350,1516,1953,624,5
57351,1516,1953,669,4
57352,1515,1952,15,3
57353,1515,1952,23,4
57354,1515,1952,30,4
57355,1515,1952,34,2
57356,1515,1952,56,2
57357,1515,1952,65,4
57358,1515,1952,99,4
57359,1515,1952,102,5
57360,1515,1952,119,4
57361,1515,1952,159,3.5
57362,1515,1952,183,3
57363,1515,1952,232,5
57364,1515,1952,242,5
57365,1515,1952,262,2.5
57366,1515,1952,342,4
57367,1515,1952,348,5
57368,1515,1952,358,5
57369,1515,1952,376,4
57370,1515,1952,387,5
57371,1515,1952,414,4
57372,1515,1952,424,4
57373,1515,1952,452,5
57374,1515,1952,457,3.5
57375,1515,1952,468,4
57376,1515,1952,472,5
57377,1515,1952,481,5
57378,1515,1952,509,4
57379,1515,1952,510,4
57380,1515,1952,529,4
57381,1515,1952,547,5
57382,1515,1952,558,5
57383,1515,1952,559,5
57384,1515,1952,564,4
57385,1515,1952,575,2
57386,1515,1952,580,4
57387,1515,1952,585,5
57388,1515,1952,586,2
57389,1515,1952,587,5
57390,1515,1952,647,5
57391,1514,1951,23,3
57392,1514,1951,30,4
57393,1514,1951,57,4
57394,1514,1951,68,4
57395,1514,1951,99,2
57396,1514,1951,195,4
57397,1514,1951,212,3
57398,1514,1951,214,4
57399,1514,1951,306,3
57400,1514,1951,363,5
57401,1514,1951,529,4
57402,1514,1951,547,3
57403,1514,1951,575,3
57404,1514,1951,582,4
57405,1513,1950,15,3
57406,1513,1950,23,4.5
57407,1513,1950,99,4
57408,1513,1950,102,5
57409,1513,1950,195,2
57410,1513,1950,232,2
57411,1513,1950,242,5
57412,1513,1950,265,4
57413,1513,1950,311,4
57414,1513,1950,330,4
57415,1513,1950,342,5
57416,1513,1950,358,5
57417,1513,1950,387,4
57418,1513,1950,417,4
57419,1513,1950,452,3
57420,1513,1950,468,3
57421,1513,1950,505,3.5
57422,1513,1950,547,5
57423,1513,1950,575,4
57424,1513,1950,587,4
57425,1513,1950,597,4
57426,1513,1950,628,4
57427,1512,1949,23,3.5
57428,1512,1949,99,3
57429,1512,1949,212,2.5
57430,1512,1949,232,5
57431,1512,1949,265,4
57432,1512,1949,294,4
57433,1512,1949,311,4
57434,1512,1949,452,4
57435,1512,1949,468,3
57436,1512,1949,575,3
57437,1511,1948,51,4
57438,1511,1948,99,4
57439,1511,1948,119,4
57440,1511,1948,232,5
57441,1511,1948,265,5
57442,1511,1948,311,4.5
57443,1511,1948,452,4
57444,1511,1948,472,4
57445,1511,1948,529,4
57446,1511,1948,547,5
57447,1511,1948,575,5
57448,1511,1948,585,5
57449,1510,1947,23,4
57450,1510,1947,30,4
57451,1510,1947,56,5
57452,1510,1947,57,5
57453,1510,1947,99,4
57454,1510,1947,102,5
57455,1510,1947,128,4
57456,1510,1947,176,2.5
57457,1510,1947,185,4
57458,1510,1947,195,3
57459,1510,1947,212,4
57460,1510,1947,214,4
57461,1510,1947,242,5
57462,1510,1947,253,2
57463,1510,1947,292,5
57464,1510,1947,294,4
57465,1510,1947,306,4
57466,1510,1947,311,5
57467,1510,1947,341,3
57468,1510,1947,342,4
57469,1510,1947,358,4
57470,1510,1947,363,5
57471,1510,1947,365,5
57472,1510,1947,387,4
57473,1510,1947,427,5
57474,1510,1947,452,5
57475,1510,1947,466,5
57476,1510,1947,468,2.5
57477,1510,1947,469,5
57478,1510,1947,472,3
57479,1510,1947,474,5
57480,1510,1947,494,2
57481,1510,1947,500,3
57482,1510,1947,505,3
57483,1510,1947,518,4
57484,1510,1947,529,3
57485,1510,1947,547,5
57486,1510,1947,564,4
57487,1510,1947,569,3
57488,1510,1947,575,3
57489,1510,1947,582,4
57490,1510,1947,595,5
57491,1510,1947,637,2.5
57492,1510,1947,658,5
57493,1510,1947,665,4
57494,1509,1946,23,4
57495,1509,1946,102,4
57496,1509,1946,195,3
57497,1509,1946,358,4
57498,1509,1946,387,5
57499,1509,1946,388,5
57500,1509,1946,452,3.5
57501,1509,1946,472,4
57502,1509,1946,547,5
57503,1509,1946,558,5
57504,1509,1946,569,4
57505,1509,1946,587,4
57506,1508,1945,15,4
57507,1508,1945,23,4.5
57508,1508,1945,28,5
57509,1508,1945,30,4
57510,1508,1945,99,4
57511,1508,1945,102,5
57512,1508,1945,236,4.5
57513,1508,1945,242,5
57514,1508,1945,257,3.5
57515,1508,1945,265,5
57516,1508,1945,287,4.5
57517,1508,1945,311,4
57518,1508,1945,358,5
57519,1508,1945,376,5
57520,1508,1945,387,5
57521,1508,1945,431,5
57522,1508,1945,436,5
57523,1508,1945,452,4
57524,1508,1945,468,3.5
57525,1508,1945,505,3.5
57526,1508,1945,509,4
57527,1508,1945,533,4
57528,1508,1945,547,5
57529,1508,1945,558,5
57530,1508,1945,575,4
57531,1508,1945,580,4
57532,1508,1945,585,5
57533,1508,1945,587,4
57534,1508,1945,647,5
57535,1507,1944,23,4
57536,1507,1944,102,5
57537,1507,1944,119,4
57538,1507,1944,195,3
57539,1507,1944,232,4
57540,1507,1944,248,4
57541,1507,1944,265,5
57542,1507,1944,311,3.5
57543,1507,1944,315,3
57544,1507,1944,342,4
57545,1507,1944,358,5
57546,1507,1944,387,4
57547,1507,1944,436,5
57548,1507,1944,452,3
57549,1507,1944,497,4
57550,1507,1944,505,3.5
57551,1507,1944,547,3
57552,1507,1944,569,3
57553,1507,1944,587,4.5
57554,1507,1944,605,4
57555,1506,1943,30,3
57556,1506,1943,111,3.5
57557,1506,1943,328,3.5
57558,1506,1943,387,4
57559,1506,1943,547,3
57560,1506,1943,575,3
57561,1505,1942,222,4
57562,1505,1942,232,4
57563,1505,1942,242,5
57564,1505,1942,358,5
57565,1505,1942,387,5
57566,1505,1942,468,3
57567,1504,1941,23,3.5
57568,1504,1941,102,4
57569,1504,1941,222,5
57570,1504,1941,232,4
57571,1504,1941,436,5
57572,1504,1941,592,5
57573,1503,1940,222,5
57574,1503,1940,232,5
57575,1503,1940,265,4
57576,1503,1940,358,5
57577,1503,1940,387,3
57578,1503,1940,436,4
57579,1503,1940,547,2.5
57580,1502,1939,102,5
57581,1502,1939,222,5
57582,1502,1939,232,5
57583,1502,1939,242,5
57584,1502,1939,336,5
57585,1502,1939,358,5
57586,1502,1939,387,5
57587,1502,1939,436,5
57588,1502,1939,468,3
57589,1502,1939,505,3
57590,1502,1939,547,5
57591,1501,1938,195,4
57592,1501,1938,222,3
57593,1501,1938,358,5
57594,1501,1938,376,4
57595,1501,1938,387,5
57596,1501,1938,547,4
57597,1501,1938,605,3
57598,1500,1937,99,3
57599,1500,1937,311,4
57600,1500,1937,575,3
57601,1500,1937,605,4
57602,1499,1936,222,5
57603,1499,1936,311,3.5
57604,1499,1936,529,3.5
57605,1499,1936,547,4
57606,1498,1935,23,4
57607,1498,1935,195,3
57608,1498,1935,222,5
57609,1498,1935,232,5
57610,1498,1935,405,4.5
57611,1498,1935,468,3.5
57612,1498,1935,505,3
57613,1498,1935,605,3
57614,1497,1934,268,3.5
57615,1497,1934,294,3
57616,1497,1934,358,5
57617,1497,1934,387,5
57618,1497,1934,466,5
57619,1497,1934,468,3.5
57620,1497,1934,505,4
57621,1497,1934,547,3.5
57622,1497,1934,585,5
57623,1496,1933,387,5
57624,1495,1932,23,1.5
57625,1495,1932,387,4
57626,1494,1931,23,4
57627,1494,1931,34,5
57628,1494,1931,102,4
57629,1494,1931,119,5
57630,1494,1931,212,2.5
57631,1494,1931,232,5
57632,1494,1931,243,4
57633,1494,1931,326,4
57634,1494,1931,559,5
57635,1494,1931,587,4
57636,1493,1929,102,4
57637,1493,1929,195,3
57638,1493,1929,405,1.5
57639,1493,1929,585,4
57640,1493,1929,587,3.5
57641,1493,1929,605,3
57642,1493,1929,609,1
57643,1492,1928,575,3
57644,1491,1927,23,3
57645,1491,1927,49,4
57646,1491,1927,58,5
57647,1491,1927,102,4
57648,1491,1927,131,5
57649,1491,1927,212,2
57650,1491,1927,258,5
57651,1491,1927,297,4.5
57652,1491,1927,388,5
57653,1491,1927,405,4
57654,1491,1927,468,3.5
57655,1491,1927,585,5
57656,1491,1927,587,5
57657,1491,1927,656,5
57658,1490,1926,387,2
57659,1489,1925,232,5
57660,1489,1925,468,3.5
57661,1488,1924,102,5
57662,1488,1924,119,3
57663,1488,1924,285,5
57664,1488,1924,299,4
57665,1488,1924,346,4
57666,1488,1924,460,2
57667,1488,1924,547,4
57668,1488,1924,564,3
57669,1488,1924,597,2
57670,1487,1923,5,4.5
57671,1487,1923,10,5
57672,1487,1923,15,4.5
57673,1487,1923,17,3
57674,1487,1923,22,2.5
57675,1487,1923,30,4
57676,1487,1923,34,4
57677,1487,1923,48,3.5
57678,1487,1923,56,4
57679,1487,1923,57,5
57680,1487,1923,59,3
57681,1487,1923,68,4
57682,1487,1923,73,3
57683,1487,1923,77,2
57684,1487,1923,78,1.5
57685,1487,1923,83,2
57686,1487,1923,93,3.5
57687,1487,1923,102,3
57688,1487,1923,105,4
57689,1487,1923,111,3.5
57690,1487,1923,115,3.5
57691,1487,1923,119,5
57692,1487,1923,120,4
57693,1487,1923,134,5
57694,1487,1923,148,4
57695,1487,1923,150,3
57696,1487,1923,152,4
57697,1487,1923,157,2
57698,1487,1923,160,4
57699,1487,1923,164,3.5
57700,1487,1923,165,3.5
57701,1487,1923,176,1
57702,1487,1923,177,4
57703,1487,1923,187,3.5
57704,1487,1923,195,4
57705,1487,1923,212,2
57706,1487,1923,213,1
57707,1487,1923,217,5
57708,1487,1923,219,4
57709,1487,1923,220,2
57710,1487,1923,232,5
57711,1487,1923,235,5
57712,1487,1923,239,4
57713,1487,1923,240,4
57714,1487,1923,243,3
57715,1487,1923,247,4
57716,1487,1923,253,3.5
57717,1487,1923,262,2.5
57718,1487,1923,263,2.5
57719,1487,1923,268,4
57720,1487,1923,271,3.5
57721,1487,1923,285,1
57722,1487,1923,292,4
57723,1487,1923,293,3.5
57724,1487,1923,295,4.5
57725,1487,1923,297,2
57726,1487,1923,306,4
57727,1487,1923,309,4.5
57728,1487,1923,312,2
57729,1487,1923,313,4
57730,1487,1923,321,2
57731,1487,1923,327,3.5
57732,1487,1923,373,4
57733,1487,1923,380,5
57734,1487,1923,384,4.5
57735,1487,1923,386,3
57736,1487,1923,387,5
57737,1487,1923,388,5
57738,1487,1923,393,3.5
57739,1487,1923,398,5
57740,1487,1923,407,3
57741,1487,1923,408,4
57742,1487,1923,417,0.5
57743,1487,1923,418,2.5
57744,1487,1923,430,4.5
57745,1487,1923,433,3
57746,1487,1923,439,4
57747,1487,1923,442,5
57748,1487,1923,452,3
57749,1487,1923,457,3
57750,1487,1923,458,3.5
57751,1487,1923,461,3
57752,1487,1923,462,5
57753,1487,1923,467,4
57754,1487,1923,468,2
57755,1487,1923,471,3.5
57756,1487,1923,472,5
57757,1487,1923,480,5
57758,1487,1923,500,2
57759,1487,1923,504,4
57760,1487,1923,509,3
57761,1487,1923,510,3
57762,1487,1923,522,3
57763,1487,1923,523,4
57764,1487,1923,527,3.5
57765,1487,1923,528,3
57766,1487,1923,534,4
57767,1487,1923,547,4
57768,1487,1923,550,5
57769,1487,1923,562,4
57770,1487,1923,564,4
57771,1487,1923,574,3.5
57772,1487,1923,575,1
57773,1487,1923,580,4
57774,1487,1923,585,3
57775,1487,1923,587,5
57776,1487,1923,595,4
57777,1487,1923,596,4
57778,1487,1923,598,4
57779,1487,1923,607,4
57780,1487,1923,608,3
57781,1487,1923,617,5
57782,1487,1923,623,4
57783,1487,1923,624,4
57784,1487,1923,627,1
57785,1487,1923,648,3
57786,1487,1923,651,3
57787,1487,1923,654,4.5
57788,1487,1923,655,5
57789,1487,1923,664,3.5
57790,1487,1923,665,4
57791,1487,1923,670,2
57792,1487,1923,671,4
57793,1486,1922,373,4
57794,1486,1922,388,3
57795,1486,1922,472,4
57796,1485,1921,15,4
57797,1485,1921,17,5
57798,1485,1921,48,4
57799,1485,1921,81,4
57800,1485,1921,111,2.5
57801,1485,1921,119,4
57802,1485,1921,134,4
57803,1485,1921,148,4.5
57804,1485,1921,165,3.5
57805,1485,1921,176,3
57806,1485,1921,185,3
57807,1485,1921,186,5
57808,1485,1921,285,4
57809,1485,1921,299,5
57810,1485,1921,304,4.5
57811,1485,1921,345,1
57812,1485,1921,346,4
57813,1485,1921,355,4
57814,1485,1921,363,4
57815,1485,1921,373,2
57816,1485,1921,388,4
57817,1485,1921,423,3.5
57818,1485,1921,430,5
57819,1485,1921,452,3
57820,1485,1921,457,3.5
57821,1485,1921,461,3
57822,1485,1921,463,4
57823,1485,1921,468,3.5
57824,1485,1921,472,4
57825,1485,1921,509,4
57826,1485,1921,533,4
57827,1485,1921,544,4
57828,1485,1921,547,2
57829,1485,1921,550,5
57830,1485,1921,564,4
57831,1485,1921,595,4
57832,1485,1921,597,4
57833,1485,1921,608,3
57834,1485,1921,647,4
57835,1485,1921,648,3
57836,1484,1920,73,2.5
57837,1484,1920,83,0.5
57838,1484,1920,99,3
57839,1484,1920,119,2
57840,1484,1920,177,4
57841,1484,1920,213,3
57842,1484,1920,247,3
57843,1484,1920,280,3
57844,1484,1920,408,3
57845,1484,1920,479,2
57846,1484,1920,480,4
57847,1484,1920,525,1
57848,1484,1920,550,2
57849,1484,1920,564,5
57850,1484,1920,577,4
57851,1484,1920,580,1
57852,1484,1920,624,4
57853,1483,1919,408,4
57854,1483,1919,518,4
57855,1482,1918,4,2
57856,1482,1918,11,3
57857,1482,1918,13,3
57858,1482,1918,57,3
57859,1482,1918,74,5
57860,1482,1918,119,4
57861,1482,1918,150,3.5
57862,1482,1918,195,1
57863,1482,1918,212,2.5
57864,1482,1918,232,3
57865,1482,1918,239,4
57866,1482,1918,242,4
57867,1482,1918,247,4
57868,1482,1918,300,3.5
57869,1482,1918,311,3.5
57870,1482,1918,312,2
57871,1482,1918,321,1
57872,1482,1918,353,2
57873,1482,1918,358,2
57874,1482,1918,381,1
57875,1482,1918,384,3.5
57876,1482,1918,388,2
57877,1482,1918,402,3
57878,1482,1918,405,2.5
57879,1482,1918,453,5
57880,1482,1918,461,2
57881,1482,1918,485,4
57882,1482,1918,488,3
57883,1482,1918,504,4
57884,1482,1918,525,5
57885,1482,1918,527,1
57886,1482,1918,534,4
57887,1482,1918,546,5
57888,1482,1918,550,2
57889,1482,1918,564,3
57890,1482,1918,569,3
57891,1482,1918,574,4
57892,1482,1918,581,4
57893,1482,1918,586,2
57894,1482,1918,608,4
57895,1482,1918,624,3
57896,1482,1918,643,2.5
57897,1481,1917,4,4
57898,1481,1917,15,2
57899,1481,1917,22,2.5
57900,1481,1917,23,2
57901,1481,1917,30,4
57902,1481,1917,41,4
57903,1481,1917,48,3.5
57904,1481,1917,53,5
57905,1481,1917,57,1
57906,1481,1917,58,4
57907,1481,1917,63,4
57908,1481,1917,73,2
57909,1481,1917,74,4
57910,1481,1917,75,0.5
57911,1481,1917,77,2
57912,1481,1917,78,4.5
57913,1481,1917,79,2.5
57914,1481,1917,83,2
57915,1481,1917,88,3
57916,1481,1917,95,3
57917,1481,1917,105,3
57918,1481,1917,109,4
57919,1481,1917,111,2.5
57920,1481,1917,118,4
57921,1481,1917,119,3
57922,1481,1917,124,4
57923,1481,1917,125,3
57924,1481,1917,128,5
57925,1481,1917,134,3
57926,1481,1917,139,0.5
57927,1481,1917,150,4
57928,1481,1917,165,5
57929,1481,1917,166,3
57930,1481,1917,177,3
57931,1481,1917,185,5
57932,1481,1917,187,3.5
57933,1481,1917,199,3
57934,1481,1917,200,3
57935,1481,1917,201,4
57936,1481,1917,212,3
57937,1481,1917,213,1.5
57938,1481,1917,217,3
57939,1481,1917,221,3
57940,1481,1917,243,2
57941,1481,1917,246,3
57942,1481,1917,247,3
57943,1481,1917,250,4
57944,1481,1917,253,4
57945,1481,1917,255,2.5
57946,1481,1917,268,2
57947,1481,1917,271,1
57948,1481,1917,280,4
57949,1481,1917,282,3.5
57950,1481,1917,285,4
57951,1481,1917,286,3
57952,1481,1917,287,4
57953,1481,1917,292,4
57954,1481,1917,300,5
57955,1481,1917,311,3.5
57956,1481,1917,312,1
57957,1481,1917,313,4
57958,1481,1917,324,3
57959,1481,1917,334,3
57960,1481,1917,353,3
57961,1481,1917,355,1.5
57962,1481,1917,363,1
57963,1481,1917,367,3.5
57964,1481,1917,380,4
57965,1481,1917,381,2
57966,1481,1917,382,2
57967,1481,1917,384,2.5
57968,1481,1917,386,1
57969,1481,1917,388,1
57970,1481,1917,405,1
57971,1481,1917,408,4
57972,1481,1917,412,4
57973,1481,1917,426,3.5
57974,1481,1917,428,0.5
57975,1481,1917,430,3
57976,1481,1917,442,3.5
57977,1481,1917,452,3
57978,1481,1917,453,3
57979,1481,1917,460,1.5
57980,1481,1917,466,2
57981,1481,1917,468,1
57982,1481,1917,473,5
57983,1481,1917,480,4
57984,1481,1917,486,3
57985,1481,1917,504,3
57986,1481,1917,518,5
57987,1481,1917,520,1
57988,1481,1917,522,2.5
57989,1481,1917,523,3.5
57990,1481,1917,525,4
57991,1481,1917,534,5
57992,1481,1917,550,3
57993,1481,1917,560,4.5
57994,1481,1917,561,3
57995,1481,1917,562,3.5
57996,1481,1917,564,1
57997,1481,1917,570,4
57998,1481,1917,571,4
57999,1481,1917,574,3
58000,1481,1917,580,3
58001,1481,1917,582,3.5
58002,1481,1917,592,5
58003,1481,1917,596,3
58004,1481,1917,597,2
58005,1481,1917,607,3
58006,1481,1917,624,3
58007,1481,1917,627,0.5
58008,1481,1917,646,5
58009,1481,1917,664,3.5
58010,1480,1916,73,4
58011,1480,1916,185,4
58012,1480,1916,312,2
58013,1480,1916,407,2
58014,1480,1916,408,5
58015,1480,1916,468,3
58016,1480,1916,486,4
58017,1480,1916,509,3
58018,1480,1916,547,4
58019,1480,1916,564,2
58020,1480,1916,595,5
58021,1480,1916,606,4.5
58022,1480,1916,608,4
58023,1480,1916,626,5
58024,1479,1914,15,3.5
58025,1479,1914,57,5
58026,1479,1914,330,4
58027,1479,1914,408,4
58028,1479,1914,439,3
58029,1479,1914,452,3
58030,1479,1914,463,4
58031,1479,1914,472,3
58032,1479,1914,509,3
58033,1479,1914,547,2
58034,1479,1914,564,4
58035,1479,1914,585,4
58036,1479,1914,647,5
58037,1478,1913,81,3
58038,1478,1913,105,4
58039,1478,1913,322,5
58040,1478,1913,330,4
58041,1478,1913,373,4
58042,1478,1913,509,2
58043,1478,1913,547,4.5
58044,1477,1912,15,5
58045,1477,1912,30,4
58046,1477,1912,73,4.5
58047,1477,1912,93,4
58048,1477,1912,96,4
58049,1477,1912,111,3.5
58050,1477,1912,119,4
58051,1477,1912,242,4
58052,1477,1912,247,4
58053,1477,1912,311,5
58054,1477,1912,312,3
58055,1477,1912,358,4
58056,1477,1912,384,2.5
58057,1477,1912,388,4
58058,1477,1912,414,4
58059,1477,1912,424,3.5
58060,1477,1912,431,4
58061,1477,1912,457,3
58062,1477,1912,460,3.5
58063,1477,1912,461,4.5
58064,1477,1912,493,3
58065,1477,1912,520,3.5
58066,1477,1912,525,4
58067,1477,1912,547,0.5
58068,1477,1912,564,5
58069,1477,1912,580,2.5
58070,1477,1912,596,3.5
58071,1477,1912,608,4
58072,1477,1912,647,5
58073,1476,1911,53,2
58074,1476,1911,73,3
58075,1476,1911,119,2
58076,1476,1911,159,1
58077,1476,1911,189,2
58078,1476,1911,213,2
58079,1476,1911,280,3
58080,1476,1911,285,2
58081,1476,1911,287,4.5
58082,1476,1911,306,4
58083,1476,1911,350,2
58084,1476,1911,358,4
58085,1476,1911,380,3
58086,1476,1911,384,2.5
58087,1476,1911,452,3
58088,1476,1911,457,1.5
58089,1476,1911,489,3
58090,1476,1911,518,4
58091,1476,1911,564,4
58092,1476,1911,574,2.5
58093,1476,1911,580,1.5
58094,1476,1911,598,3
58095,1476,1911,624,3
58096,1476,1911,626,2
58097,1476,1911,644,2
58098,1476,1911,646,4
58099,1476,1911,665,4
58100,1475,1910,509,4
58101,1474,1909,6,3
58102,1474,1909,15,2
58103,1474,1909,22,3
58104,1474,1909,57,2
58105,1474,1909,73,3.5
58106,1474,1909,88,0.5
58107,1474,1909,95,4
58108,1474,1909,99,4
58109,1474,1909,101,3
58110,1474,1909,118,4
58111,1474,1909,130,1.5
58112,1474,1909,148,3.5
58113,1474,1909,150,3
58114,1474,1909,177,5
58115,1474,1909,197,5
58116,1474,1909,271,2.5
58117,1474,1909,276,2
58118,1474,1909,285,4
58119,1474,1909,290,5
58120,1474,1909,309,2.5
58121,1474,1909,321,2
58122,1474,1909,355,3
58123,1474,1909,380,3
58124,1474,1909,384,4
58125,1474,1909,388,3
58126,1474,1909,407,4
58127,1474,1909,408,5
58128,1474,1909,412,4
58129,1474,1909,422,2
58130,1474,1909,439,4
58131,1474,1909,452,3
58132,1474,1909,455,3.5
58133,1474,1909,461,2
58134,1474,1909,463,2
58135,1474,1909,468,2.5
58136,1474,1909,504,2
58137,1474,1909,521,3
58138,1474,1909,547,3
58139,1474,1909,562,4.5
58140,1474,1909,574,2.5
58141,1474,1909,580,4
58142,1474,1909,594,4
58143,1474,1909,597,4
58144,1474,1909,621,4.5
58145,1474,1909,648,2.5
58146,1474,1909,654,4
58147,1474,1909,664,3.5
58148,1473,1907,20,4
58149,1473,1907,23,3.5
58150,1473,1907,37,5
58151,1473,1907,43,3
58152,1473,1907,56,4
58153,1473,1907,61,4
58154,1473,1907,159,3.5
58155,1473,1907,164,3
58156,1473,1907,176,3.5
58157,1473,1907,185,4
58158,1473,1907,212,3.5
58159,1473,1907,213,4
58160,1473,1907,219,3
58161,1473,1907,246,3
58162,1473,1907,251,4.5
58163,1473,1907,273,4.5
58164,1473,1907,280,4
58165,1473,1907,287,5
58166,1473,1907,294,4
58167,1473,1907,295,4
58168,1473,1907,311,3.5
58169,1473,1907,352,4
58170,1473,1907,363,3
58171,1473,1907,408,3
58172,1473,1907,423,1.5
58173,1473,1907,461,2
58174,1473,1907,466,5
58175,1473,1907,468,2.5
58176,1473,1907,472,2
58177,1473,1907,504,1
58178,1473,1907,518,5
58179,1473,1907,542,4
58180,1473,1907,564,3
58181,1473,1907,573,4
58182,1473,1907,575,3
58183,1473,1907,577,4.5
58184,1473,1907,580,3
58185,1473,1907,595,3
58186,1473,1907,607,4
58187,1473,1907,651,5
58188,1473,1907,652,4
58189,1473,1907,654,4.5
58190,1472,1904,15,3.5
58191,1472,1904,330,3
58192,1472,1904,509,4
58193,1472,1904,564,5
58194,1471,1903,474,4
58195,1471,1903,652,5
58196,1470,1902,518,1
58197,1470,1902,609,1
58198,1469,1901,608,3
58199,1468,1900,23,3.5
58200,1468,1900,132,4.5
58201,1468,1900,198,2.5
58202,1468,1900,278,4
58203,1468,1900,576,4
58204,1467,1897,15,1.5
58205,1467,1897,312,4
58206,1467,1897,388,3
58207,1467,1897,407,4
58208,1467,1897,509,4
58209,1467,1897,547,3
58210,1467,1897,564,3
58211,1466,1896,452,3
58212,1465,1895,15,2.5
58213,1465,1895,43,2
58214,1465,1895,102,2
58215,1465,1895,128,5
58216,1465,1895,150,3
58217,1465,1895,187,4.5
58218,1465,1895,412,2
58219,1465,1895,461,3.5
58220,1465,1895,465,4.5
58221,1465,1895,534,3
58222,1465,1895,564,2
58223,1465,1895,598,3
58224,1465,1895,605,3
58225,1465,1895,665,3
58226,1464,1894,119,2
58227,1464,1894,150,2
58228,1464,1894,213,3
58229,1464,1894,232,4
58230,1464,1894,239,4
58231,1464,1894,247,3
58232,1464,1894,285,3
58233,1464,1894,294,4
58234,1464,1894,311,2
58235,1464,1894,313,3.5
58236,1464,1894,358,3
58237,1464,1894,380,2
58238,1464,1894,452,1
58239,1464,1894,468,1.5
58240,1464,1894,493,3
58241,1464,1894,505,3
58242,1464,1894,518,3
58243,1464,1894,534,4
58244,1464,1894,564,3
58245,1464,1894,575,3
58246,1464,1894,610,3
58247,1464,1894,646,4
58248,1464,1894,654,3
58249,1463,1892,27,4
58250,1463,1892,30,5
58251,1463,1892,57,5
58252,1463,1892,125,4
58253,1463,1892,128,4
58254,1463,1892,150,2.5
58255,1463,1892,206,3
58256,1463,1892,213,2.5
58257,1463,1892,242,3
58258,1463,1892,306,3
58259,1463,1892,311,3.5
58260,1463,1892,321,2
58261,1463,1892,330,4
58262,1463,1892,341,4.5
58263,1463,1892,355,3.5
58264,1463,1892,452,2
58265,1463,1892,463,3
58266,1463,1892,468,2
58267,1463,1892,504,4
58268,1463,1892,534,3
58269,1463,1892,564,3
58270,1463,1892,579,0.5
58271,1463,1892,596,4
58272,1462,1891,564,2
58273,1461,1889,15,3
58274,1461,1889,105,4
58275,1461,1889,128,2
58276,1461,1889,452,4
58277,1461,1889,463,3
58278,1461,1889,564,2
58279,1460,1888,51,3
58280,1460,1888,102,1
58281,1460,1888,111,3
58282,1460,1888,294,3
58283,1460,1888,311,2
58284,1460,1888,358,2
58285,1460,1888,452,4
58286,1460,1888,472,3
58287,1460,1888,493,5
58288,1460,1888,518,4
58289,1460,1888,534,2
58290,1460,1888,564,3
58291,1460,1888,605,2
58292,1460,1888,654,4
58293,1460,1888,665,3
58294,1459,1887,10,2
58295,1459,1887,286,2
58296,1459,1887,388,2
58297,1459,1887,468,2
58298,1459,1887,504,3
58299,1459,1887,546,5
58300,1458,1886,165,1.5
58301,1457,1885,119,4
58302,1457,1885,187,2.5
58303,1457,1885,232,4
58304,1457,1885,240,4.5
58305,1457,1885,285,3
58306,1457,1885,304,5
58307,1457,1885,306,4
58308,1457,1885,312,3
58309,1457,1885,373,4
58310,1457,1885,388,1
58311,1457,1885,408,5
58312,1457,1885,452,3
58313,1457,1885,491,5
58314,1457,1885,504,3
58315,1457,1885,509,4
58316,1457,1885,510,4
58317,1457,1885,518,4
58318,1457,1885,529,3.5
58319,1457,1885,545,1
58320,1457,1885,547,4.5
58321,1457,1885,564,5
58322,1457,1885,585,4
58323,1457,1885,617,3
58324,1457,1885,652,4
58325,1456,1884,3,4
58326,1456,1884,17,5
58327,1456,1884,22,4.5
58328,1456,1884,26,4
58329,1456,1884,30,1
58330,1456,1884,48,4.5
58331,1456,1884,73,3.5
58332,1456,1884,97,3.5
58333,1456,1884,102,3
58334,1456,1884,105,3.5
58335,1456,1884,119,2
58336,1456,1884,125,5
58337,1456,1884,130,1.5
58338,1456,1884,133,2
58339,1456,1884,143,4
58340,1456,1884,156,5
58341,1456,1884,187,4
58342,1456,1884,195,3
58343,1456,1884,212,4
58344,1456,1884,230,5
58345,1456,1884,262,3.5
58346,1456,1884,299,4
58347,1456,1884,304,5
58348,1456,1884,346,0.5
58349,1456,1884,362,2.5
58350,1456,1884,378,3.5
58351,1456,1884,423,4.5
58352,1456,1884,457,4
58353,1456,1884,468,3
58354,1456,1884,478,4
58355,1456,1884,481,5
58356,1456,1884,483,4
58357,1456,1884,486,4.5
58358,1456,1884,509,3
58359,1456,1884,544,4.5
58360,1456,1884,564,3
58361,1456,1884,580,3.5
58362,1456,1884,596,4.5
58363,1456,1884,598,4
58364,1456,1884,624,2.5
58365,1456,1884,628,2.5
58366,1456,1884,648,4.5
58367,1456,1884,664,4.5
58368,1456,1884,665,3
58369,1455,1883,15,4
58370,1455,1883,28,4
58371,1455,1883,43,3
58372,1455,1883,102,4
58373,1455,1883,119,5
58374,1455,1883,185,4
58375,1455,1883,306,4
58376,1455,1883,312,2
58377,1455,1883,321,5
58378,1455,1883,358,4
58379,1455,1883,380,3
58380,1455,1883,387,4
58381,1455,1883,388,4
58382,1455,1883,452,1
58383,1455,1883,466,3
58384,1455,1883,468,2
58385,1455,1883,472,1
58386,1455,1883,504,1
58387,1455,1883,509,3
58388,1455,1883,547,3
58389,1455,1883,550,4
58390,1455,1883,564,4
58391,1455,1883,585,4
58392,1455,1883,587,4
58393,1455,1883,595,4
58394,1455,1883,597,4
58395,1455,1883,598,3
58396,1455,1883,605,1
58397,1455,1883,608,5
58398,1455,1883,617,3
58399,1455,1883,665,2
58400,1454,1882,15,1.5
58401,1454,1882,30,2
58402,1454,1882,48,3
58403,1454,1882,73,1
58404,1454,1882,105,2
58405,1454,1882,119,2
58406,1454,1882,163,1.5
58407,1454,1882,165,1
58408,1454,1882,177,3
58409,1454,1882,199,3
58410,1454,1882,213,4.5
58411,1454,1882,253,2.5
58412,1454,1882,287,3
58413,1454,1882,311,3
58414,1454,1882,312,1
58415,1454,1882,380,2
58416,1454,1882,418,3.5
58417,1454,1882,453,2
58418,1454,1882,461,0.5
58419,1454,1882,468,1.5
58420,1454,1882,504,3
58421,1454,1882,560,4
58422,1454,1882,564,2
58423,1454,1882,570,1.5
58424,1454,1882,580,1.5
58425,1454,1882,611,1.5
58426,1454,1882,624,3
58427,1454,1882,638,1
58428,1453,1881,246,4
58429,1453,1881,294,4
58430,1453,1881,518,4
58431,1453,1881,564,4
58432,1452,1880,41,4
58433,1452,1880,407,4
58434,1451,1878,504,3
58435,1450,1876,6,0.5
58436,1450,1876,8,3.5
58437,1450,1876,15,2
58438,1450,1876,22,2
58439,1450,1876,23,3
58440,1450,1876,30,4
58441,1450,1876,41,3.5
58442,1450,1876,73,2.5
58443,1450,1876,74,3
58444,1450,1876,78,5
58445,1450,1876,119,3
58446,1450,1876,128,2
58447,1450,1876,141,2
58448,1450,1876,150,4
58449,1450,1876,165,3
58450,1450,1876,177,5
58451,1450,1876,206,3
58452,1450,1876,213,2
58453,1450,1876,232,4
58454,1450,1876,247,4
58455,1450,1876,248,4
58456,1450,1876,282,3.5
58457,1450,1876,292,3.5
58458,1450,1876,294,3.5
58459,1450,1876,306,3
58460,1450,1876,311,4
58461,1450,1876,312,2
58462,1450,1876,380,3
58463,1450,1876,388,1
58464,1450,1876,402,4
58465,1450,1876,405,2.5
58466,1450,1876,408,4
58467,1450,1876,412,5
58468,1450,1876,414,1
58469,1450,1876,426,4
58470,1450,1876,452,3
58471,1450,1876,468,2.5
58472,1450,1876,518,4
58473,1450,1876,521,3
58474,1450,1876,523,3.5
58475,1450,1876,534,4
58476,1450,1876,550,3
58477,1450,1876,559,4
58478,1450,1876,564,3
58479,1450,1876,580,3
58480,1450,1876,624,3
58481,1450,1876,627,1
58482,1450,1876,646,5
58483,1449,1875,312,3
58484,1449,1875,434,4
58485,1449,1875,504,3
58486,1449,1875,510,1
58487,1449,1875,564,5
58488,1449,1875,605,2
58489,1448,1874,518,3
58490,1447,1873,23,3
58491,1447,1873,30,5
58492,1447,1873,178,2.5
58493,1447,1873,212,4
58494,1447,1873,304,3
58495,1447,1873,406,3.5
58496,1447,1873,407,5
58497,1447,1873,408,5
58498,1447,1873,431,3
58499,1447,1873,564,3
58500,1447,1873,569,4
58501,1447,1873,585,3
58502,1447,1873,625,3.5
58503,1446,1870,407,4
58504,1445,1866,119,3
58505,1445,1866,128,3
58506,1445,1866,247,4
58507,1445,1866,472,3
58508,1445,1866,647,5
58509,1444,1865,451,4
58510,1444,1865,472,4
58511,1444,1865,509,4
58512,1444,1865,547,1
58513,1444,1865,564,3
58514,1444,1865,608,3
58515,1443,1864,30,3
58516,1442,1863,111,3
58517,1442,1863,165,3.5
58518,1442,1863,196,2
58519,1442,1863,358,1
58520,1442,1863,509,2
58521,1442,1863,564,1
58522,1442,1863,624,3
58523,1441,1862,15,2
58524,1441,1862,73,1
58525,1441,1862,119,2
58526,1441,1862,177,4
58527,1441,1862,213,2.5
58528,1441,1862,247,3
58529,1441,1862,388,1
58530,1441,1862,646,3
58531,1440,1861,472,2
58532,1439,1860,15,4
58533,1439,1860,23,5
58534,1439,1860,407,5
58535,1438,1859,15,5
58536,1438,1859,608,5
58537,1437,1858,4,5
58538,1437,1858,73,3
58539,1437,1858,294,2.5
58540,1437,1858,608,3
58541,1437,1858,614,4
58542,1437,1858,646,3
58543,1436,1856,102,2
58544,1436,1856,220,4
58545,1436,1856,363,4
58546,1436,1856,388,3
58547,1436,1856,472,5
58548,1436,1856,547,2.5
58549,1436,1856,564,2
58550,1436,1856,624,4
58551,1435,1855,358,1
58552,1435,1855,518,3
58553,1435,1855,564,2
58554,1435,1855,605,1
58555,1435,1855,646,5
58556,1434,1854,518,4
58557,1433,1852,119,3
58558,1432,1848,119,3
58559,1432,1848,137,2
58560,1432,1848,213,3
58561,1432,1848,346,1
58562,1432,1848,377,4
58563,1432,1848,531,4
58564,1432,1848,564,1
58565,1432,1848,575,2
58566,1432,1848,646,4
58567,1432,1848,653,3
58568,1431,1846,105,4
58569,1431,1846,608,5
58570,1430,1845,15,4
58571,1430,1845,118,4
58572,1430,1845,242,5
58573,1430,1845,367,2
58574,1430,1845,388,4
58575,1430,1845,472,5
58576,1430,1845,509,4
58577,1430,1845,518,4
58578,1430,1845,528,3.5
58579,1430,1845,564,4
58580,1430,1845,597,5
58581,1430,1845,652,5
58582,1429,1844,220,4
58583,1429,1844,564,4
58584,1429,1844,608,4
58585,1428,1841,102,4
58586,1428,1841,242,4
58587,1428,1841,564,3
58588,1428,1841,608,2
58589,1427,1840,73,3.5
58590,1427,1840,165,3
58591,1427,1840,388,3
58592,1427,1840,509,2
58593,1426,1839,219,3
58594,1426,1839,358,1
58595,1426,1839,518,2
58596,1426,1839,624,3
58597,1425,1837,358,1
58598,1425,1837,564,2
58599,1425,1837,624,3
58600,1424,1836,15,2
58601,1424,1836,102,4
58602,1424,1836,388,4
58603,1424,1836,408,1
58604,1424,1836,457,3
58605,1424,1836,492,3
58606,1424,1836,509,3
58607,1424,1836,547,1
58608,1424,1836,644,5
58609,1423,1835,23,3.5
58610,1423,1835,117,4
58611,1423,1835,163,3.5
58612,1423,1835,213,2
58613,1423,1835,301,5
58614,1423,1835,311,1.5
58615,1423,1835,313,3
58616,1423,1835,358,2
58617,1423,1835,371,3.5
58618,1423,1835,382,2
58619,1423,1835,384,2.5
58620,1423,1835,402,4
58621,1423,1835,412,5
58622,1423,1835,418,4
58623,1423,1835,452,3
58624,1423,1835,493,4
58625,1423,1835,518,5
58626,1423,1835,529,3
58627,1423,1835,534,4
58628,1423,1835,561,3.5
58629,1423,1835,575,2
58630,1423,1835,596,4
58631,1423,1835,665,4
58632,1422,1834,15,3.5
58633,1422,1834,17,4.5
58634,1422,1834,30,4
58635,1422,1834,118,5
58636,1422,1834,119,3
58637,1422,1834,231,4
58638,1422,1834,265,4
58639,1422,1834,388,4
58640,1422,1834,427,5
58641,1422,1834,434,4
58642,1422,1834,436,3
58643,1422,1834,452,3
58644,1422,1834,460,4
58645,1422,1834,468,2.5
58646,1422,1834,509,4
58647,1422,1834,510,5
58648,1422,1834,545,4
58649,1422,1834,547,4.5
58650,1422,1834,564,2
58651,1422,1834,587,4
58652,1422,1834,608,4
58653,1422,1834,646,4
58654,1422,1834,647,5
58655,1421,1833,119,2
58656,1421,1833,150,3
58657,1421,1833,213,3
58658,1421,1833,380,2
58659,1421,1833,412,1
58660,1421,1833,453,4
58661,1421,1833,534,4
58662,1421,1833,550,2
58663,1421,1833,564,4
58664,1421,1833,624,2
58665,1421,1833,626,3
58666,1420,1831,15,2
58667,1420,1831,26,3
58668,1420,1831,28,1
58669,1420,1831,117,0.5
58670,1420,1831,119,2
58671,1420,1831,146,1
58672,1420,1831,150,2.5
58673,1420,1831,177,5
58674,1420,1831,195,1
58675,1420,1831,213,2
58676,1420,1831,285,3
58677,1420,1831,290,5
58678,1420,1831,312,1
58679,1420,1831,379,4
58680,1420,1831,380,2
58681,1420,1831,461,1
58682,1420,1831,468,1.5
58683,1420,1831,518,3
58684,1420,1831,522,2
58685,1420,1831,564,1
58686,1420,1831,580,1.5
58687,1420,1831,585,1
58688,1420,1831,601,2.5
58689,1420,1831,613,2.5
58690,1420,1831,624,1.5
58691,1420,1831,646,3
58692,1419,1827,15,4
58693,1419,1827,119,2
58694,1419,1827,195,4
58695,1419,1827,232,5
58696,1419,1827,408,5
58697,1419,1827,441,5
58698,1419,1827,509,3.5
58699,1419,1827,596,4
58700,1419,1827,648,3.5
58701,1418,1826,73,1
58702,1418,1826,428,0.5
58703,1417,1824,119,5
58704,1417,1824,509,3
58705,1417,1824,647,1
58706,1416,1822,564,3
58707,1415,1821,43,3
58708,1415,1821,306,3
58709,1415,1821,312,4
58710,1415,1821,358,2
58711,1415,1821,412,3
58712,1415,1821,452,2
58713,1415,1821,518,4
58714,1415,1821,614,4
58715,1415,1821,665,3
58716,1414,1819,609,5
58717,1413,1816,15,2.5
58718,1413,1816,388,4
58719,1413,1816,460,0.5
58720,1413,1816,564,3
58721,1412,1812,518,3
58722,1412,1812,564,3
58723,1411,1810,15,2.5
58724,1411,1810,30,3
58725,1411,1810,105,3
58726,1411,1810,232,4
58727,1411,1810,311,5
58728,1411,1810,380,3
58729,1411,1810,388,4
58730,1411,1810,452,4
58731,1411,1810,466,3
58732,1411,1810,468,2.5
58733,1411,1810,497,4
58734,1411,1810,509,3
58735,1411,1810,529,4
58736,1411,1810,547,4
58737,1411,1810,658,4
58738,1410,1809,17,3
58739,1410,1809,236,4.5
58740,1410,1809,580,3.5
58741,1410,1809,608,5
58742,1409,1807,15,1.5
58743,1409,1807,533,3
58744,1408,1806,43,1
58745,1408,1806,595,2
58746,1407,1805,4,1
58747,1407,1805,15,3
58748,1407,1805,30,4
58749,1407,1805,78,5
58750,1407,1805,103,2
58751,1407,1805,119,4
58752,1407,1805,165,2
58753,1407,1805,170,4.5
58754,1407,1805,171,3
58755,1407,1805,177,4
58756,1407,1805,219,5
58757,1407,1805,220,3
58758,1407,1805,268,3.5
58759,1407,1805,285,4
58760,1407,1805,293,2.5
58761,1407,1805,294,3
58762,1407,1805,327,4.5
58763,1407,1805,380,3
58764,1407,1805,384,3
58765,1407,1805,386,3
58766,1407,1805,388,4
58767,1407,1805,412,1
58768,1407,1805,422,4
58769,1407,1805,442,4
58770,1407,1805,457,2.5
58771,1407,1805,461,2
58772,1407,1805,468,2
58773,1407,1805,492,3
58774,1407,1805,509,2
58775,1407,1805,518,4
58776,1407,1805,528,2.5
58777,1407,1805,534,4
58778,1407,1805,547,3.5
58779,1407,1805,564,5
58780,1407,1805,574,4
58781,1407,1805,580,2.5
58782,1407,1805,608,3
58783,1407,1805,647,5
58784,1407,1805,653,1
58785,1406,1804,111,3
58786,1406,1804,119,3
58787,1406,1804,452,3
58788,1405,1801,105,3
58789,1405,1801,119,2
58790,1405,1801,200,1.5
58791,1405,1801,213,4
58792,1405,1801,243,3
58793,1405,1801,285,3
58794,1405,1801,294,4
58795,1405,1801,311,3
58796,1405,1801,313,3.5
58797,1405,1801,358,1
58798,1405,1801,381,3
58799,1405,1801,384,2.5
58800,1405,1801,431,3
58801,1405,1801,452,2
58802,1405,1801,453,5
58803,1405,1801,460,1
58804,1405,1801,468,2.5
58805,1405,1801,518,5
58806,1405,1801,534,4
58807,1405,1801,564,1
58808,1405,1801,580,2
58809,1405,1801,623,3
58810,1404,1799,22,4
58811,1404,1799,83,5
58812,1404,1799,111,3.5
58813,1404,1799,119,3
58814,1404,1799,346,2.5
58815,1404,1799,472,4
58816,1404,1799,509,3
58817,1404,1799,518,3
58818,1404,1799,655,4
58819,1403,1798,30,3
58820,1403,1798,547,2
58821,1403,1798,564,2
58822,1402,1797,23,3.5
58823,1402,1797,102,4
58824,1402,1797,111,4.5
58825,1402,1797,294,4
58826,1402,1797,306,4
58827,1402,1797,312,2
58828,1402,1797,407,5
58829,1402,1797,451,3
58830,1402,1797,509,3
58831,1402,1797,576,4
58832,1402,1797,605,4
58833,1402,1797,654,5
58834,1401,1796,472,2
58835,1400,1795,220,4
58836,1399,1794,427,5
58837,1399,1794,472,3
58838,1399,1794,491,4
58839,1399,1794,509,4
58840,1399,1794,564,3
58841,1399,1794,587,3.5
58842,1398,1792,15,3
58843,1398,1792,23,3.5
58844,1398,1792,73,2.5
58845,1398,1792,119,3
58846,1398,1792,150,3.5
58847,1398,1792,177,5
58848,1398,1792,213,4
58849,1398,1792,242,4
58850,1398,1792,247,3
58851,1398,1792,311,2.5
58852,1398,1792,349,3
58853,1398,1792,388,3
58854,1398,1792,405,3.5
58855,1398,1792,417,3.5
58856,1398,1792,453,4
58857,1398,1792,461,1
58858,1398,1792,480,3.5
58859,1398,1792,518,4
58860,1398,1792,534,4
58861,1398,1792,550,3
58862,1398,1792,566,4
58863,1398,1792,643,3.5
58864,1397,1791,30,4
58865,1397,1791,242,3
58866,1397,1791,501,2
58867,1397,1791,564,4
58868,1396,1788,102,4
58869,1396,1788,119,4
58870,1396,1788,509,4
58871,1396,1788,608,5
58872,1395,1785,30,4
58873,1395,1785,73,3.5
58874,1395,1785,299,4
58875,1395,1785,452,3.5
58876,1395,1785,472,4
58877,1394,1784,5,4.5
58878,1394,1784,9,5
58879,1394,1784,15,3
58880,1394,1784,30,5
58881,1394,1784,33,4
58882,1394,1784,48,4.5
58883,1394,1784,56,2
58884,1394,1784,57,5
58885,1394,1784,58,2
58886,1394,1784,73,4.5
58887,1394,1784,77,2.5
58888,1394,1784,88,3.5
58889,1394,1784,93,3.5
58890,1394,1784,94,3.5
58891,1394,1784,105,4
58892,1394,1784,111,1
58893,1394,1784,119,5
58894,1394,1784,125,4.5
58895,1394,1784,133,0.5
58896,1394,1784,137,3
58897,1394,1784,150,2.5
58898,1394,1784,160,4
58899,1394,1784,165,3
58900,1394,1784,175,4
58901,1394,1784,177,4
58902,1394,1784,185,2
58903,1394,1784,212,2.5
58904,1394,1784,213,2
58905,1394,1784,214,3
58906,1394,1784,230,5
58907,1394,1784,239,5
58908,1394,1784,242,4
58909,1394,1784,253,5
58910,1394,1784,263,4
58911,1394,1784,268,4.5
58912,1394,1784,282,3
58913,1394,1784,283,5
58914,1394,1784,286,3
58915,1394,1784,295,3.5
58916,1394,1784,306,4
58917,1394,1784,311,4.5
58918,1394,1784,312,5
58919,1394,1784,313,4
58920,1394,1784,358,4
58921,1394,1784,365,4.5
58922,1394,1784,373,4
58923,1394,1784,380,4
58924,1394,1784,382,3
58925,1394,1784,387,5
58926,1394,1784,388,4
58927,1394,1784,394,3.5
58928,1394,1784,405,5
58929,1394,1784,406,4
58930,1394,1784,412,3
58931,1394,1784,419,3
58932,1394,1784,430,3.5
58933,1394,1784,431,4
58934,1394,1784,433,3
58935,1394,1784,439,2
58936,1394,1784,442,4.5
58937,1394,1784,452,1
58938,1394,1784,461,3.5
58939,1394,1784,462,3.5
58940,1394,1784,466,4
58941,1394,1784,467,5
58942,1394,1784,468,2.5
58943,1394,1784,472,3
58944,1394,1784,480,2.5
58945,1394,1784,481,3.5
58946,1394,1784,486,4
58947,1394,1784,491,4
58948,1394,1784,505,3.5
58949,1394,1784,509,4
58950,1394,1784,518,5
58951,1394,1784,520,3.5
58952,1394,1784,528,3
58953,1394,1784,529,4
58954,1394,1784,533,4
58955,1394,1784,547,4
58956,1394,1784,550,4
58957,1394,1784,559,5
58958,1394,1784,561,4
58959,1394,1784,562,3
58960,1394,1784,564,4
58961,1394,1784,575,5
58962,1394,1784,580,4.5
58963,1394,1784,585,4
58964,1394,1784,587,4
58965,1394,1784,594,3
58966,1394,1784,597,4
58967,1394,1784,598,5
58968,1394,1784,607,3.5
58969,1394,1784,608,3
58970,1394,1784,617,3
58971,1394,1784,624,4
58972,1394,1784,646,4
58973,1394,1784,654,4
58974,1394,1784,656,5
58975,1394,1784,665,4
58976,1393,1783,30,4
58977,1393,1783,305,3
58978,1393,1783,564,1
58979,1392,1779,15,1
58980,1392,1779,41,3.5
58981,1392,1779,73,3
58982,1392,1779,77,2.5
58983,1392,1779,119,3
58984,1392,1779,148,3.5
58985,1392,1779,177,2
58986,1392,1779,213,2.5
58987,1392,1779,294,4
58988,1392,1779,306,3
58989,1392,1779,359,3
58990,1392,1779,380,2
58991,1392,1779,388,2
58992,1392,1779,461,1.5
58993,1392,1779,471,3
58994,1392,1779,518,3
58995,1392,1779,564,4
58996,1392,1779,627,2.5
58997,1392,1779,654,3
58998,1391,1777,5,4
58999,1391,1777,8,5
59000,1391,1777,15,2
59001,1391,1777,43,3
59002,1391,1777,61,2
59003,1391,1777,73,3
59004,1391,1777,83,4.5
59005,1391,1777,88,1.5
59006,1391,1777,94,2.5
59007,1391,1777,99,3
59008,1391,1777,111,4.5
59009,1391,1777,119,2
59010,1391,1777,120,3.5
59011,1391,1777,125,3
59012,1391,1777,128,4
59013,1391,1777,130,3.5
59014,1391,1777,150,4
59015,1391,1777,153,5
59016,1391,1777,165,3.5
59017,1391,1777,212,3.5
59018,1391,1777,213,1
59019,1391,1777,216,3.5
59020,1391,1777,219,3
59021,1391,1777,235,4
59022,1391,1777,237,3
59023,1391,1777,239,5
59024,1391,1777,262,2
59025,1391,1777,282,4
59026,1391,1777,285,4
59027,1391,1777,292,4
59028,1391,1777,294,4.5
59029,1391,1777,306,3
59030,1391,1777,312,2
59031,1391,1777,330,1
59032,1391,1777,358,5
59033,1391,1777,380,3
59034,1391,1777,388,3
59035,1391,1777,402,3
59036,1391,1777,408,5
59037,1391,1777,412,3
59038,1391,1777,422,3
59039,1391,1777,424,1
59040,1391,1777,433,3.5
59041,1391,1777,452,2
59042,1391,1777,457,3.5
59043,1391,1777,461,3
59044,1391,1777,463,4
59045,1391,1777,468,2.5
59046,1391,1777,472,3
59047,1391,1777,480,4
59048,1391,1777,500,1.5
59049,1391,1777,509,1
59050,1391,1777,518,5
59051,1391,1777,523,3.5
59052,1391,1777,528,3.5
59053,1391,1777,529,3
59054,1391,1777,534,3
59055,1391,1777,547,3
59056,1391,1777,561,3.5
59057,1391,1777,562,4
59058,1391,1777,564,4
59059,1391,1777,580,4
59060,1391,1777,598,4
59061,1391,1777,607,3.5
59062,1391,1777,612,2.5
59063,1391,1777,617,1
59064,1391,1777,646,4
59065,1391,1777,648,3
59066,1391,1777,654,4
59067,1391,1777,665,3
59068,1390,1772,41,4
59069,1390,1772,53,4
59070,1390,1772,77,2.5
59071,1390,1772,89,5
59072,1390,1772,119,2
59073,1390,1772,195,4
59074,1390,1772,232,4
59075,1390,1772,296,4.5
59076,1390,1772,358,1
59077,1390,1772,365,3.5
59078,1390,1772,380,1
59079,1390,1772,493,2
59080,1390,1772,518,4
59081,1390,1772,528,2.5
59082,1390,1772,564,3
59083,1389,1771,564,5
59084,1388,1769,22,2.5
59085,1388,1769,119,2
59086,1388,1769,177,4
59087,1388,1769,214,2
59088,1388,1769,247,3
59089,1388,1769,380,3
59090,1388,1769,412,1
59091,1388,1769,534,3
59092,1388,1769,550,3
59093,1387,1767,452,2
59094,1387,1767,652,4
59095,1386,1762,73,3.5
59096,1386,1762,95,3
59097,1386,1762,119,3
59098,1386,1762,564,3
59099,1385,1760,33,1
59100,1385,1760,73,0.5
59101,1385,1760,111,2.5
59102,1385,1760,128,3
59103,1385,1760,176,0.5
59104,1385,1760,285,3
59105,1385,1760,321,3
59106,1385,1760,363,2
59107,1385,1760,412,2
59108,1385,1760,472,1
59109,1385,1760,518,1
59110,1385,1760,582,3
59111,1385,1760,624,1
59112,1384,1759,441,4.5
59113,1383,1757,430,3
59114,1383,1757,547,4
59115,1382,1756,370,3.5
59116,1381,1755,346,2
59117,1381,1755,624,4
59118,1380,1754,8,3
59119,1380,1754,15,3.5
59120,1380,1754,34,3
59121,1380,1754,57,3
59122,1380,1754,119,3
59123,1380,1754,177,4
59124,1380,1754,285,4
59125,1380,1754,346,5
59126,1380,1754,411,4
59127,1380,1754,452,2
59128,1380,1754,534,5
59129,1380,1754,564,5
59130,1380,1754,665,5
59131,1379,1753,15,1
59132,1379,1753,26,3
59133,1379,1753,73,4.5
59134,1379,1753,165,4
59135,1379,1753,285,3
59136,1379,1753,388,4
59137,1379,1753,509,1
59138,1379,1753,519,4.5
59139,1379,1753,534,2
59140,1379,1753,564,3
59141,1378,1752,15,3.5
59142,1378,1752,73,2
59143,1378,1752,150,3
59144,1378,1752,177,4
59145,1378,1752,311,3
59146,1378,1752,452,2
59147,1378,1752,482,3
59148,1377,1750,177,2
59149,1376,1748,15,4
59150,1376,1748,17,4.5
59151,1376,1748,23,5
59152,1376,1748,41,4
59153,1376,1748,45,4.5
59154,1376,1748,73,4
59155,1376,1748,99,4
59156,1376,1748,118,3
59157,1376,1748,119,4
59158,1376,1748,120,3
59159,1376,1748,130,4
59160,1376,1748,134,4.5
59161,1376,1748,150,4
59162,1376,1748,177,3
59163,1376,1748,185,3
59164,1376,1748,197,3
59165,1376,1748,199,4
59166,1376,1748,203,4.5
59167,1376,1748,214,2
59168,1376,1748,242,5
59169,1376,1748,243,3.5
59170,1376,1748,285,2
59171,1376,1748,292,4.5
59172,1376,1748,299,4
59173,1376,1748,300,3
59174,1376,1748,341,0.5
59175,1376,1748,346,3
59176,1376,1748,370,4.5
59177,1376,1748,380,4
59178,1376,1748,388,4
59179,1376,1748,408,5
59180,1376,1748,434,3
59181,1376,1748,439,3
59182,1376,1748,461,3.5
59183,1376,1748,463,4
59184,1376,1748,468,3
59185,1376,1748,470,2.5
59186,1376,1748,472,3
59187,1376,1748,550,5
59188,1376,1748,564,4
59189,1376,1748,565,4
59190,1376,1748,577,5
59191,1376,1748,580,1.5
59192,1376,1748,597,3
59193,1376,1748,607,3.5
59194,1376,1748,628,3
59195,1376,1748,647,5
59196,1376,1748,652,4
59197,1376,1748,654,4
59198,1376,1748,655,4
59199,1376,1748,664,4.5
59200,1375,1747,6,2
59201,1375,1747,15,3.5
59202,1375,1747,30,4
59203,1375,1747,41,3
59204,1375,1747,78,4
59205,1375,1747,83,4
59206,1375,1747,93,5
59207,1375,1747,96,2.5
59208,1375,1747,111,1.5
59209,1375,1747,118,4
59210,1375,1747,119,4
59211,1375,1747,130,2.5
59212,1375,1747,156,4.5
59213,1375,1747,165,1
59214,1375,1747,171,3
59215,1375,1747,185,3
59216,1375,1747,193,4
59217,1375,1747,195,3
59218,1375,1747,198,2
59219,1375,1747,234,4.5
59220,1375,1747,242,5
59221,1375,1747,243,3.5
59222,1375,1747,245,4
59223,1375,1747,247,4
59224,1375,1747,253,4.5
59225,1375,1747,276,4
59226,1375,1747,294,4
59227,1375,1747,297,5
59228,1375,1747,306,4
59229,1375,1747,311,3.5
59230,1375,1747,312,3
59231,1375,1747,345,4.5
59232,1375,1747,358,4
59233,1375,1747,362,3.5
59234,1375,1747,367,4
59235,1375,1747,380,2
59236,1375,1747,387,3
59237,1375,1747,388,3
59238,1375,1747,394,2
59239,1375,1747,424,3.5
59240,1375,1747,452,5
59241,1375,1747,468,2.5
59242,1375,1747,472,4
59243,1375,1747,494,3.5
59244,1375,1747,509,2
59245,1375,1747,510,3
59246,1375,1747,518,4
59247,1375,1747,521,3.5
59248,1375,1747,529,4
59249,1375,1747,547,4
59250,1375,1747,550,3
59251,1375,1747,561,3.5
59252,1375,1747,564,3
59253,1375,1747,596,5
59254,1375,1747,607,3.5
59255,1375,1747,624,2
59256,1375,1747,628,2.5
59257,1375,1747,658,4
59258,1375,1747,664,3
59259,1374,1746,150,3.5
59260,1374,1746,247,3
59261,1374,1746,564,1
59262,1373,1744,247,2
59263,1373,1744,311,3
59264,1373,1744,534,4
59265,1373,1744,550,1
59266,1372,1739,165,0.5
59267,1372,1739,500,1
59268,1371,1735,15,0.5
59269,1371,1735,23,4.5
59270,1371,1735,52,5
59271,1371,1735,99,4
59272,1371,1735,163,4.5
59273,1371,1735,187,4
59274,1371,1735,232,4
59275,1371,1735,294,2.5
59276,1371,1735,407,4
59277,1371,1735,461,1.5
59278,1371,1735,468,3
59279,1371,1735,509,2
59280,1371,1735,557,0.5
59281,1371,1735,592,3
59282,1371,1735,665,1
59283,1370,1734,102,4
59284,1370,1734,185,4
59285,1370,1734,187,4
59286,1370,1734,278,2
59287,1370,1734,283,2.5
59288,1370,1734,312,5
59289,1370,1734,407,5
59290,1370,1734,439,5
59291,1370,1734,472,2
59292,1370,1734,547,3.5
59293,1370,1734,554,4
59294,1370,1734,595,5
59295,1370,1734,608,4
59296,1369,1733,492,2
59297,1368,1732,12,3
59298,1368,1732,15,3.5
59299,1368,1732,17,4
59300,1368,1732,23,4
59301,1368,1732,26,4
59302,1368,1732,30,3
59303,1368,1732,48,3.5
59304,1368,1732,56,4
59305,1368,1732,57,3
59306,1368,1732,60,5
59307,1368,1732,66,2
59308,1368,1732,73,4
59309,1368,1732,77,3.5
59310,1368,1732,78,5
59311,1368,1732,83,5
59312,1368,1732,88,4
59313,1368,1732,97,4
59314,1368,1732,98,5
59315,1368,1732,99,3
59316,1368,1732,102,5
59317,1368,1732,105,4
59318,1368,1732,115,5
59319,1368,1732,119,4
59320,1368,1732,125,5
59321,1368,1732,130,4
59322,1368,1732,133,0.5
59323,1368,1732,148,4
59324,1368,1732,149,2.5
59325,1368,1732,150,3
59326,1368,1732,152,4
59327,1368,1732,157,4
59328,1368,1732,164,3.5
59329,1368,1732,166,1
59330,1368,1732,171,4
59331,1368,1732,177,4
59332,1368,1732,187,5
59333,1368,1732,189,3
59334,1368,1732,198,4.5
59335,1368,1732,199,3.5
59336,1368,1732,208,4
59337,1368,1732,212,3.5
59338,1368,1732,219,5
59339,1368,1732,220,4
59340,1368,1732,230,5
59341,1368,1732,242,4
59342,1368,1732,245,4
59343,1368,1732,253,4.5
59344,1368,1732,255,5
59345,1368,1732,257,2.5
59346,1368,1732,262,3
59347,1368,1732,263,2
59348,1368,1732,268,4.5
59349,1368,1732,270,4.5
59350,1368,1732,274,5
59351,1368,1732,283,4.5
59352,1368,1732,285,5
59353,1368,1732,291,3
59354,1368,1732,297,4.5
59355,1368,1732,299,5
59356,1368,1732,303,4.5
59357,1368,1732,304,5
59358,1368,1732,306,4
59359,1368,1732,307,5
59360,1368,1732,313,3
59361,1368,1732,321,5
59362,1368,1732,322,4
59363,1368,1732,350,4
59364,1368,1732,352,4
59365,1368,1732,355,4
59366,1368,1732,358,4
59367,1368,1732,360,4
59368,1368,1732,362,4.5
59369,1368,1732,364,4.5
59370,1368,1732,379,4.5
59371,1368,1732,384,3.5
59372,1368,1732,387,4
59373,1368,1732,388,5
59374,1368,1732,407,2
59375,1368,1732,408,4
59376,1368,1732,423,5
59377,1368,1732,428,5
59378,1368,1732,430,4.5
59379,1368,1732,434,4
59380,1368,1732,441,4.5
59381,1368,1732,450,4.5
59382,1368,1732,457,3
59383,1368,1732,461,3.5
59384,1368,1732,463,3
59385,1368,1732,468,4
59386,1368,1732,472,4
59387,1368,1732,479,3
59388,1368,1732,480,4
59389,1368,1732,481,5
59390,1368,1732,483,5
59391,1368,1732,486,4.5
59392,1368,1732,494,4
59393,1368,1732,501,4
59394,1368,1732,505,2
59395,1368,1732,509,5
59396,1368,1732,518,2
59397,1368,1732,519,5
59398,1368,1732,522,3.5
59399,1368,1732,534,2
59400,1368,1732,544,5
59401,1368,1732,547,5
59402,1368,1732,564,5
59403,1368,1732,567,5
59404,1368,1732,574,4.5
59405,1368,1732,580,4
59406,1368,1732,596,5
59407,1368,1732,597,4
59408,1368,1732,598,4
59409,1368,1732,607,3.5
59410,1368,1732,608,4
59411,1368,1732,615,4.5
59412,1368,1732,620,4
59413,1368,1732,635,2.5
59414,1368,1732,647,5
59415,1368,1732,648,5
59416,1368,1732,664,4.5
59417,1367,1731,564,1
59418,1366,1730,407,5
59419,1366,1730,509,3
59420,1366,1730,528,3.5
59421,1366,1730,564,4
59422,1366,1730,608,4
59423,1365,1729,15,1
59424,1365,1729,17,2.5
59425,1365,1729,30,5
59426,1365,1729,73,3.5
59427,1365,1729,102,4
59428,1365,1729,105,4.5
59429,1365,1729,119,3
59430,1365,1729,125,3
59431,1365,1729,130,3.5
59432,1365,1729,143,4
59433,1365,1729,165,2
59434,1365,1729,171,5
59435,1365,1729,181,4
59436,1365,1729,187,4
59437,1365,1729,220,4
59438,1365,1729,242,5
59439,1365,1729,269,4
59440,1365,1729,282,2.5
59441,1365,1729,283,4
59442,1365,1729,285,3
59443,1365,1729,299,4
59444,1365,1729,306,4
59445,1365,1729,311,3
59446,1365,1729,312,2
59447,1365,1729,358,4
59448,1365,1729,380,3
59449,1365,1729,388,3
59450,1365,1729,423,5
59451,1365,1729,432,5
59452,1365,1729,434,4
59453,1365,1729,457,3.5
59454,1365,1729,461,3.5
59455,1365,1729,468,3
59456,1365,1729,472,4
59457,1365,1729,480,5
59458,1365,1729,481,4
59459,1365,1729,501,4
59460,1365,1729,509,4.5
59461,1365,1729,510,3
59462,1365,1729,521,4.5
59463,1365,1729,544,4.5
59464,1365,1729,545,3
59465,1365,1729,547,5
59466,1365,1729,562,4
59467,1365,1729,564,3
59468,1365,1729,574,4.5
59469,1365,1729,580,3
59470,1365,1729,594,3
59471,1365,1729,596,4
59472,1365,1729,606,5
59473,1365,1729,607,3.5
59474,1365,1729,608,4
59475,1365,1729,624,4
59476,1365,1729,647,1
59477,1365,1729,654,4
59478,1365,1729,664,4.5
59479,1365,1729,665,3
59480,1364,1728,564,4
59481,1363,1727,105,3
59482,1363,1727,119,2
59483,1363,1727,160,3
59484,1363,1727,311,3
59485,1363,1727,452,4
59486,1363,1727,533,3
59487,1363,1727,605,3
59488,1362,1726,30,2
59489,1362,1726,43,1
59490,1362,1726,94,2
59491,1362,1726,213,3.5
59492,1362,1726,315,1
59493,1362,1726,533,3
59494,1362,1726,564,1
59495,1361,1722,15,3.5
59496,1361,1722,22,3.5
59497,1361,1722,23,3
59498,1361,1722,59,1.5
59499,1361,1722,74,5
59500,1361,1722,78,4.5
59501,1361,1722,130,3
59502,1361,1722,150,4.5
59503,1361,1722,156,0.5
59504,1361,1722,164,3.5
59505,1361,1722,177,5
59506,1361,1722,199,3
59507,1361,1722,212,2.5
59508,1361,1722,214,3
59509,1361,1722,243,2
59510,1361,1722,247,3
59511,1361,1722,269,4
59512,1361,1722,282,3
59513,1361,1722,285,3
59514,1361,1722,292,4
59515,1361,1722,294,3
59516,1361,1722,311,3
59517,1361,1722,327,4
59518,1361,1722,391,3
59519,1361,1722,405,3.5
59520,1361,1722,412,4
59521,1361,1722,418,3
59522,1361,1722,419,2.5
59523,1361,1722,435,3
59524,1361,1722,461,1.5
59525,1361,1722,468,2
59526,1361,1722,471,3.5
59527,1361,1722,477,4
59528,1361,1722,494,2.5
59529,1361,1722,525,4
59530,1361,1722,550,3
59531,1361,1722,553,4
59532,1361,1722,560,3.5
59533,1361,1722,561,3
59534,1361,1722,564,4
59535,1361,1722,574,3
59536,1361,1722,592,5
59537,1361,1722,596,3.5
59538,1361,1722,607,4
59539,1361,1722,611,4.5
59540,1361,1722,612,3
59541,1361,1722,624,4
59542,1361,1722,627,2
59543,1361,1722,631,3
59544,1360,1721,3,4.5
59545,1360,1721,5,4
59546,1360,1721,9,3
59547,1360,1721,14,3
59548,1360,1721,15,1.5
59549,1360,1721,17,0.5
59550,1360,1721,22,3
59551,1360,1721,23,5
59552,1360,1721,27,3
59553,1360,1721,30,4
59554,1360,1721,42,4
59555,1360,1721,48,4
59556,1360,1721,56,4
59557,1360,1721,57,3
59558,1360,1721,68,3
59559,1360,1721,69,4.5
59560,1360,1721,73,0.5
59561,1360,1721,74,2
59562,1360,1721,75,3
59563,1360,1721,77,2
59564,1360,1721,78,4
59565,1360,1721,79,2.5
59566,1360,1721,93,4
59567,1360,1721,94,4.5
59568,1360,1721,97,0.5
59569,1360,1721,98,5
59570,1360,1721,99,5
59571,1360,1721,103,3
59572,1360,1721,105,3
59573,1360,1721,106,4.5
59574,1360,1721,111,1.5
59575,1360,1721,119,3
59576,1360,1721,120,3.5
59577,1360,1721,125,4
59578,1360,1721,128,5
59579,1360,1721,130,3
59580,1360,1721,134,3
59581,1360,1721,146,3
59582,1360,1721,150,4.5
59583,1360,1721,152,1.5
59584,1360,1721,157,3
59585,1360,1721,159,4
59586,1360,1721,160,4
59587,1360,1721,163,3.5
59588,1360,1721,165,3
59589,1360,1721,175,3
59590,1360,1721,176,2
59591,1360,1721,183,4
59592,1360,1721,187,4
59593,1360,1721,200,2
59594,1360,1721,212,2.5
59595,1360,1721,213,2.5
59596,1360,1721,219,5
59597,1360,1721,220,3
59598,1360,1721,232,4
59599,1360,1721,235,5
59600,1360,1721,236,2.5
59601,1360,1721,238,4.5
59602,1360,1721,240,4
59603,1360,1721,242,5
59604,1360,1721,243,3.5
59605,1360,1721,245,5
59606,1360,1721,248,5
59607,1360,1721,262,2.5
59608,1360,1721,264,5
59609,1360,1721,268,2.5
59610,1360,1721,269,4
59611,1360,1721,271,4
59612,1360,1721,275,4.5
59613,1360,1721,280,5
59614,1360,1721,283,2
59615,1360,1721,286,5
59616,1360,1721,292,4.5
59617,1360,1721,294,3.5
59618,1360,1721,295,4
59619,1360,1721,303,3
59620,1360,1721,306,5
59621,1360,1721,309,2
59622,1360,1721,311,4
59623,1360,1721,312,2
59624,1360,1721,313,5
59625,1360,1721,322,3
59626,1360,1721,328,2.5
59627,1360,1721,345,2
59628,1360,1721,346,1
59629,1360,1721,347,4
59630,1360,1721,353,1.5
59631,1360,1721,355,2
59632,1360,1721,358,2
59633,1360,1721,371,5
59634,1360,1721,373,3
59635,1360,1721,380,3
59636,1360,1721,381,5
59637,1360,1721,382,2
59638,1360,1721,384,4
59639,1360,1721,388,4
59640,1360,1721,391,1
59641,1360,1721,394,2
59642,1360,1721,402,3
59643,1360,1721,408,4
59644,1360,1721,412,4
59645,1360,1721,418,4.5
59646,1360,1721,420,2
59647,1360,1721,422,3
59648,1360,1721,426,4
59649,1360,1721,428,1
59650,1360,1721,430,2.5
59651,1360,1721,434,2
59652,1360,1721,435,4
59653,1360,1721,441,0.5
59654,1360,1721,442,4
59655,1360,1721,452,1
59656,1360,1721,458,4.5
59657,1360,1721,461,4
59658,1360,1721,463,4
59659,1360,1721,467,5
59660,1360,1721,468,2.5
59661,1360,1721,471,3.5
59662,1360,1721,472,5
59663,1360,1721,475,3
59664,1360,1721,480,4.5
59665,1360,1721,482,5
59666,1360,1721,493,4
59667,1360,1721,498,0.5
59668,1360,1721,500,3.5
59669,1360,1721,505,3
59670,1360,1721,509,2
59671,1360,1721,510,1
59672,1360,1721,518,1
59673,1360,1721,522,2.5
59674,1360,1721,523,5
59675,1360,1721,525,3
59676,1360,1721,527,2
59677,1360,1721,530,5
59678,1360,1721,531,2
59679,1360,1721,533,4
59680,1360,1721,534,5
59681,1360,1721,545,3
59682,1360,1721,547,4.5
59683,1360,1721,550,2
59684,1360,1721,559,5
59685,1360,1721,562,4
59686,1360,1721,564,4
59687,1360,1721,565,4
59688,1360,1721,569,4
59689,1360,1721,574,3
59690,1360,1721,575,1
59691,1360,1721,577,3.5
59692,1360,1721,580,3.5
59693,1360,1721,584,5
59694,1360,1721,586,2
59695,1360,1721,596,4
59696,1360,1721,597,4
59697,1360,1721,608,4
59698,1360,1721,611,4
59699,1360,1721,615,3.5
59700,1360,1721,625,3.5
59701,1360,1721,627,3.5
59702,1360,1721,632,2.5
59703,1360,1721,648,1
59704,1360,1721,653,3
59705,1360,1721,654,5
59706,1360,1721,658,5
59707,1360,1721,665,3
59708,1359,1719,10,5
59709,1359,1719,15,4
59710,1359,1719,41,4
59711,1359,1719,57,5
59712,1359,1719,81,4.5
59713,1359,1719,102,4
59714,1359,1719,240,4
59715,1359,1719,242,3
59716,1359,1719,312,5
59717,1359,1719,348,5
59718,1359,1719,388,4
59719,1359,1719,407,5
59720,1359,1719,431,4
59721,1359,1719,434,5
59722,1359,1719,452,4
59723,1359,1719,472,5
59724,1359,1719,492,3
59725,1359,1719,509,4
59726,1359,1719,545,4
59727,1359,1719,547,4
59728,1359,1719,564,3
59729,1359,1719,587,4
59730,1359,1719,608,4
59731,1358,1717,15,4
59732,1358,1717,29,3
59733,1358,1717,33,3
59734,1358,1717,78,5
59735,1358,1717,95,4
59736,1358,1717,102,4
59737,1358,1717,128,2
59738,1358,1717,177,5
59739,1358,1717,187,3.5
59740,1358,1717,212,1.5
59741,1358,1717,243,3
59742,1358,1717,253,1
59743,1358,1717,262,2
59744,1358,1717,285,3
59745,1358,1717,289,0.5
59746,1358,1717,293,3.5
59747,1358,1717,294,3.5
59748,1358,1717,306,3
59749,1358,1717,379,2
59750,1358,1717,384,3
59751,1358,1717,388,2
59752,1358,1717,408,4
59753,1358,1717,457,1.5
59754,1358,1717,461,1.5
59755,1358,1717,480,3.5
59756,1358,1717,524,2
59757,1358,1717,534,4
59758,1358,1717,560,4
59759,1358,1717,564,4
59760,1358,1717,574,3
59761,1358,1717,617,3
59762,1358,1717,654,4
59763,1357,1715,564,3
59764,1356,1713,119,3
59765,1356,1713,239,3
59766,1356,1713,289,3
59767,1356,1713,294,2
59768,1356,1713,306,2
59769,1356,1713,321,4
59770,1356,1713,342,2
59771,1356,1713,380,0.5
59772,1356,1713,452,2
59773,1356,1713,492,1
59774,1356,1713,518,3
59775,1356,1713,557,3
59776,1356,1713,564,4
59777,1356,1713,575,3
59778,1356,1713,595,1
59779,1356,1713,607,3.5
59780,1355,1711,30,5
59781,1355,1711,119,4
59782,1355,1711,148,4
59783,1355,1711,232,5
59784,1355,1711,239,3
59785,1355,1711,269,2
59786,1355,1711,285,5
59787,1355,1711,311,3
59788,1355,1711,321,3
59789,1355,1711,388,3
59790,1355,1711,452,3
59791,1355,1711,461,0.5
59792,1355,1711,467,4
59793,1355,1711,505,3
59794,1355,1711,509,4
59795,1355,1711,547,1
59796,1355,1711,564,5
59797,1355,1711,575,3
59798,1355,1711,597,4
59799,1355,1711,608,3
59800,1354,1707,46,5
59801,1354,1707,73,1.5
59802,1354,1707,306,2
59803,1354,1707,358,1
59804,1354,1707,386,1
59805,1354,1707,471,3
59806,1354,1707,518,4
59807,1354,1707,564,1
59808,1354,1707,577,1.5
59809,1353,1704,8,4
59810,1353,1704,9,4
59811,1353,1704,10,4
59812,1353,1704,15,4
59813,1353,1704,16,5
59814,1353,1704,17,4
59815,1353,1704,23,3.5
59816,1353,1704,27,5
59817,1353,1704,30,5
59818,1353,1704,38,3.5
59819,1353,1704,42,4.5
59820,1353,1704,56,5
59821,1353,1704,57,5
59822,1353,1704,69,5
59823,1353,1704,73,4
59824,1353,1704,74,4
59825,1353,1704,77,3
59826,1353,1704,78,5
59827,1353,1704,88,5
59828,1353,1704,93,4
59829,1353,1704,94,4.5
59830,1353,1704,98,5
59831,1353,1704,102,2
59832,1353,1704,111,4
59833,1353,1704,115,4
59834,1353,1704,117,4.5
59835,1353,1704,119,5
59836,1353,1704,125,5
59837,1353,1704,130,3
59838,1353,1704,133,4
59839,1353,1704,139,4.5
59840,1353,1704,149,4
59841,1353,1704,150,4
59842,1353,1704,152,2
59843,1353,1704,155,3
59844,1353,1704,160,5
59845,1353,1704,163,4.5
59846,1353,1704,164,4
59847,1353,1704,165,4
59848,1353,1704,175,5
59849,1353,1704,178,3.5
59850,1353,1704,187,5
59851,1353,1704,199,4.5
59852,1353,1704,212,4.5
59853,1353,1704,213,4
59854,1353,1704,214,5
59855,1353,1704,216,5
59856,1353,1704,230,4
59857,1353,1704,232,4
59858,1353,1704,234,5
59859,1353,1704,240,4
59860,1353,1704,242,5
59861,1353,1704,245,5
59862,1353,1704,250,4.5
59863,1353,1704,251,4.5
59864,1353,1704,253,4.5
59865,1353,1704,260,5
59866,1353,1704,262,1
59867,1353,1704,268,4
59868,1353,1704,270,4
59869,1353,1704,275,4.5
59870,1353,1704,282,4.5
59871,1353,1704,283,3.5
59872,1353,1704,292,4.5
59873,1353,1704,294,3
59874,1353,1704,295,4
59875,1353,1704,299,2.5
59876,1353,1704,303,4.5
59877,1353,1704,304,3.5
59878,1353,1704,306,4
59879,1353,1704,309,4.5
59880,1353,1704,311,5
59881,1353,1704,320,4
59882,1353,1704,324,3.5
59883,1353,1704,327,4.5
59884,1353,1704,330,4
59885,1353,1704,340,5
59886,1353,1704,342,5
59887,1353,1704,353,3.5
59888,1353,1704,373,4
59889,1353,1704,379,3.5
59890,1353,1704,380,4
59891,1353,1704,382,3
59892,1353,1704,387,5
59893,1353,1704,388,4
59894,1353,1704,407,5
59895,1353,1704,408,5
59896,1353,1704,412,3
59897,1353,1704,418,3.5
59898,1353,1704,420,4
59899,1353,1704,422,4
59900,1353,1704,426,3.5
59901,1353,1704,430,4.5
59902,1353,1704,431,4.5
59903,1353,1704,442,4.5
59904,1353,1704,450,5
59905,1353,1704,452,5
59906,1353,1704,457,4
59907,1353,1704,460,4
59908,1353,1704,461,4.5
59909,1353,1704,466,4
59910,1353,1704,467,5
59911,1353,1704,468,3
59912,1353,1704,472,3
59913,1353,1704,473,5
59914,1353,1704,479,4
59915,1353,1704,481,3.5
59916,1353,1704,494,4
59917,1353,1704,500,3.5
59918,1353,1704,501,5
59919,1353,1704,505,2.5
59920,1353,1704,509,5
59921,1353,1704,510,1
59922,1353,1704,519,4
59923,1353,1704,520,4
59924,1353,1704,523,4.5
59925,1353,1704,527,4
59926,1353,1704,529,4
59927,1353,1704,530,5
59928,1353,1704,539,4
59929,1353,1704,542,3
59930,1353,1704,544,4
59931,1353,1704,545,4
59932,1353,1704,546,5
59933,1353,1704,547,3
59934,1353,1704,550,5
59935,1353,1704,553,4
59936,1353,1704,562,4.5
59937,1353,1704,563,4
59938,1353,1704,564,2
59939,1353,1704,570,5
59940,1353,1704,572,4.5
59941,1353,1704,574,4
59942,1353,1704,575,3
59943,1353,1704,577,5
59944,1353,1704,580,3.5
59945,1353,1704,582,4.5
59946,1353,1704,583,4
59947,1353,1704,584,5
59948,1353,1704,587,3.5
59949,1353,1704,596,4.5
59950,1353,1704,598,4
59951,1353,1704,605,4
59952,1353,1704,607,5
59953,1353,1704,608,3
59954,1353,1704,621,4
59955,1353,1704,622,5
59956,1353,1704,624,4
59957,1353,1704,627,4
59958,1353,1704,631,5
59959,1353,1704,648,4.5
59960,1353,1704,654,4
59961,1353,1704,658,4
59962,1353,1704,661,5
59963,1353,1704,665,5
59964,1353,1704,670,4
59965,1353,1704,671,4
59966,1352,1703,232,4
59967,1352,1703,452,1
59968,1352,1703,564,3
59969,1352,1703,605,2
59970,1352,1703,665,3
59971,1351,1702,119,3
59972,1351,1702,185,3
59973,1351,1702,195,2
59974,1351,1702,197,5
59975,1351,1702,200,3
59976,1351,1702,213,3
59977,1351,1702,220,1
59978,1351,1702,311,3
59979,1351,1702,518,3
59980,1351,1702,530,2
59981,1351,1702,547,3.5
59982,1351,1702,560,4.5
59983,1351,1702,564,2
59984,1351,1702,577,3.5
59985,1351,1702,605,2
59986,1351,1702,646,3
59987,1350,1701,30,4
59988,1350,1701,102,4
59989,1350,1701,312,3
59990,1350,1701,358,4
59991,1350,1701,363,2
59992,1350,1701,407,4
59993,1350,1701,408,1
59994,1350,1701,452,3
59995,1350,1701,468,3
59996,1350,1701,472,3
59997,1350,1701,491,5
59998,1350,1701,509,5
59999,1350,1701,510,3
60000,1350,1701,564,5
60001,1350,1701,580,3
60002,1350,1701,608,4
60003,1349,1699,388,3
60004,1349,1699,407,4
60005,1349,1699,472,4
60006,1349,1699,492,3
60007,1349,1699,509,3
60008,1349,1699,510,5
60009,1349,1699,558,4
60010,1349,1699,564,3
60011,1349,1699,608,4
60012,1348,1696,564,2
60013,1347,1694,15,3
60014,1347,1694,30,5
60015,1347,1694,119,2
60016,1347,1694,220,4
60017,1347,1694,242,4
60018,1347,1694,311,3
60019,1347,1694,330,4
60020,1347,1694,358,5
60021,1347,1694,387,3
60022,1347,1694,452,4
60023,1347,1694,509,4
60024,1347,1694,547,4
60025,1347,1694,585,4
60026,1347,1694,595,4
60027,1347,1694,656,3
60028,1347,1694,658,5
60029,1346,1693,22,2
60030,1346,1693,23,4
60031,1346,1693,141,4
60032,1346,1693,193,5
60033,1346,1693,232,5
60034,1346,1693,236,3
60035,1346,1693,253,4.5
60036,1346,1693,304,3.5
60037,1346,1693,306,3
60038,1346,1693,311,4
60039,1346,1693,388,5
60040,1346,1693,407,4
60041,1346,1693,417,4
60042,1346,1693,434,5
60043,1346,1693,452,3
60044,1346,1693,472,2
60045,1346,1693,509,3
60046,1346,1693,518,5
60047,1346,1693,547,4
60048,1346,1693,564,2
60049,1346,1693,592,3
60050,1346,1693,605,1
60051,1346,1693,654,4.5
60052,1346,1693,656,5
60053,1346,1693,665,3
60054,1345,1692,656,5
60055,1344,1690,10,3
60056,1344,1690,15,1
60057,1344,1690,30,3
60058,1344,1690,34,3
60059,1344,1690,41,4
60060,1344,1690,58,4
60061,1344,1690,73,2
60062,1344,1690,78,4
60063,1344,1690,95,3
60064,1344,1690,102,4
60065,1344,1690,103,1.5
60066,1344,1690,118,3
60067,1344,1690,119,1
60068,1344,1690,148,3
60069,1344,1690,157,3
60070,1344,1690,177,3
60071,1344,1690,185,3
60072,1344,1690,195,3
60073,1344,1690,197,4
60074,1344,1690,199,2.5
60075,1344,1690,202,2
60076,1344,1690,213,3.5
60077,1344,1690,218,3
60078,1344,1690,220,3
60079,1344,1690,232,4
60080,1344,1690,243,3
60081,1344,1690,247,2
60082,1344,1690,248,4
60083,1344,1690,269,3
60084,1344,1690,276,3
60085,1344,1690,293,2
60086,1344,1690,299,3.5
60087,1344,1690,332,4.5
60088,1344,1690,353,2
60089,1344,1690,363,4
60090,1344,1690,388,3
60091,1344,1690,461,2
60092,1344,1690,477,1
60093,1344,1690,530,2
60094,1344,1690,560,4
60095,1344,1690,564,4
60096,1344,1690,580,3.5
60097,1344,1690,592,5
60098,1344,1690,656,5
60099,1344,1690,664,2.5
60100,1343,1689,15,4.5
60101,1343,1689,119,3
60102,1343,1689,239,4
60103,1343,1689,285,2
60104,1343,1689,321,3
60105,1343,1689,358,1
60106,1343,1689,510,3
60107,1343,1689,518,3
60108,1343,1689,597,3
60109,1343,1689,607,4
60110,1343,1689,631,4
60111,1343,1689,646,5
60112,1342,1688,111,4
60113,1342,1688,128,5
60114,1342,1688,164,3
60115,1342,1688,175,4
60116,1342,1688,185,3
60117,1342,1688,213,3
60118,1342,1688,294,4.5
60119,1342,1688,358,4
60120,1342,1688,363,4
60121,1342,1688,382,3.5
60122,1342,1688,418,4
60123,1342,1688,461,2.5
60124,1342,1688,466,5
60125,1342,1688,468,2.5
60126,1342,1688,472,3
60127,1342,1688,518,4
60128,1342,1688,557,3
60129,1342,1688,564,4
60130,1342,1688,575,3
60131,1342,1688,605,5
60132,1342,1688,646,3
60133,1342,1688,654,4
60134,1341,1687,6,2
60135,1341,1687,26,3.5
60136,1341,1687,119,3
60137,1341,1687,128,3
60138,1341,1687,177,2
60139,1341,1687,213,4
60140,1341,1687,247,4
60141,1341,1687,269,3
60142,1341,1687,312,2
60143,1341,1687,388,1
60144,1341,1687,417,4
60145,1341,1687,453,3
60146,1341,1687,463,2
60147,1341,1687,528,2
60148,1341,1687,534,5
60149,1341,1687,574,4
60150,1341,1687,579,0.5
60151,1341,1687,615,3.5
60152,1341,1687,631,3
60153,1341,1687,643,3.5
60154,1341,1687,664,4
60155,1340,1686,30,4
60156,1340,1686,128,5
60157,1340,1686,177,3
60158,1340,1686,452,3
60159,1340,1686,631,3
60160,1339,1684,245,3
60161,1339,1684,265,3
60162,1339,1684,407,4
60163,1339,1684,414,4
60164,1339,1684,467,3
60165,1338,1683,118,1
60166,1338,1683,269,4
60167,1338,1683,312,3
60168,1338,1683,321,4
60169,1338,1683,330,5
60170,1338,1683,407,5
60171,1338,1683,547,3
60172,1338,1683,550,5
60173,1338,1683,587,3.5
60174,1338,1683,608,4
60175,1337,1682,5,4
60176,1337,1682,9,5
60177,1337,1682,15,2
60178,1337,1682,22,2.5
60179,1337,1682,23,5
60180,1337,1682,30,5
60181,1337,1682,38,4
60182,1337,1682,48,3.5
60183,1337,1682,56,5
60184,1337,1682,69,5
60185,1337,1682,72,3.5
60186,1337,1682,73,4.5
60187,1337,1682,77,3.5
60188,1337,1682,78,3.5
60189,1337,1682,91,5
60190,1337,1682,93,3.5
60191,1337,1682,94,4
60192,1337,1682,105,3.5
60193,1337,1682,111,3
60194,1337,1682,119,3
60195,1337,1682,125,5
60196,1337,1682,130,3
60197,1337,1682,136,4
60198,1337,1682,149,3.5
60199,1337,1682,150,3
60200,1337,1682,152,3.5
60201,1337,1682,153,4
60202,1337,1682,157,4
60203,1337,1682,165,3
60204,1337,1682,166,4
60205,1337,1682,170,3
60206,1337,1682,176,3
60207,1337,1682,178,4
60208,1337,1682,179,3
60209,1337,1682,187,4.5
60210,1337,1682,199,4
60211,1337,1682,200,5
60212,1337,1682,204,4
60213,1337,1682,212,4
60214,1337,1682,213,2.5
60215,1337,1682,216,5
60216,1337,1682,219,5
60217,1337,1682,220,3
60218,1337,1682,228,3.5
60219,1337,1682,230,5
60220,1337,1682,232,3
60221,1337,1682,235,5
60222,1337,1682,238,5
60223,1337,1682,243,4
60224,1337,1682,245,5
60225,1337,1682,250,4.5
60226,1337,1682,253,4.5
60227,1337,1682,265,3
60228,1337,1682,268,4
60229,1337,1682,270,4.5
60230,1337,1682,274,3
60231,1337,1682,275,4.5
60232,1337,1682,283,5
60233,1337,1682,287,5
60234,1337,1682,292,4
60235,1337,1682,294,4
60236,1337,1682,295,3
60237,1337,1682,298,4
60238,1337,1682,303,4
60239,1337,1682,306,4
60240,1337,1682,311,3
60241,1337,1682,313,3.5
60242,1337,1682,324,4
60243,1337,1682,342,3
60244,1337,1682,345,4.5
60245,1337,1682,348,5
60246,1337,1682,353,3
60247,1337,1682,363,5
60248,1337,1682,373,3
60249,1337,1682,379,3.5
60250,1337,1682,380,4
60251,1337,1682,382,2
60252,1337,1682,384,3
60253,1337,1682,386,3
60254,1337,1682,388,3.5
60255,1337,1682,402,4
60256,1337,1682,408,5
60257,1337,1682,412,4
60258,1337,1682,419,3
60259,1337,1682,423,3
60260,1337,1682,431,4
60261,1337,1682,433,4.5
60262,1337,1682,438,4.5
60263,1337,1682,450,5
60264,1337,1682,452,4
60265,1337,1682,457,3
60266,1337,1682,460,3.5
60267,1337,1682,461,2.5
60268,1337,1682,468,3.5
60269,1337,1682,472,4
60270,1337,1682,480,5
60271,1337,1682,481,4
60272,1337,1682,483,3
60273,1337,1682,486,4
60274,1337,1682,501,4.5
60275,1337,1682,509,3
60276,1337,1682,518,4
60277,1337,1682,520,4
60278,1337,1682,522,4
60279,1337,1682,523,4
60280,1337,1682,527,3.5
60281,1337,1682,529,4
60282,1337,1682,531,4
60283,1337,1682,533,4
60284,1337,1682,534,3
60285,1337,1682,542,4.5
60286,1337,1682,544,4.5
60287,1337,1682,547,4.5
60288,1337,1682,553,1.5
60289,1337,1682,559,4
60290,1337,1682,561,4.5
60291,1337,1682,562,3.5
60292,1337,1682,564,3
60293,1337,1682,574,3.5
60294,1337,1682,577,5
60295,1337,1682,580,4.5
60296,1337,1682,584,5
60297,1337,1682,592,4
60298,1337,1682,596,4
60299,1337,1682,598,4
60300,1337,1682,607,3.5
60301,1337,1682,608,4
60302,1337,1682,612,4
60303,1337,1682,621,4
60304,1337,1682,624,3
60305,1337,1682,625,4.5
60306,1337,1682,626,5
60307,1337,1682,627,3.5
60308,1337,1682,628,3
60309,1337,1682,653,5
60310,1337,1682,654,4
60311,1337,1682,665,4
60312,1336,1681,29,0.5
60313,1336,1681,73,1.5
60314,1336,1681,165,0.5
60315,1336,1681,285,1
60316,1336,1681,294,3
60317,1336,1681,453,4
60318,1336,1681,564,2
60319,1336,1681,623,2.5
60320,1336,1681,643,2
60321,1335,1680,9,4
60322,1335,1680,15,3
60323,1335,1680,20,5
60324,1335,1680,54,4
60325,1335,1680,78,5
60326,1335,1680,152,3.5
60327,1335,1680,193,5
60328,1335,1680,220,4
60329,1335,1680,229,3.5
60330,1335,1680,239,5
60331,1335,1680,240,4.5
60332,1335,1680,262,1
60333,1335,1680,292,4.5
60334,1335,1680,342,5
60335,1335,1680,363,3
60336,1335,1680,452,3
60337,1335,1680,480,3
60338,1335,1680,493,5
60339,1335,1680,509,4
60340,1335,1680,522,3
60341,1335,1680,544,4.5
60342,1335,1680,547,4
60343,1335,1680,549,1
60344,1335,1680,580,1.5
60345,1335,1680,624,3
60346,1335,1680,665,4
60347,1334,1678,119,3
60348,1334,1678,160,4
60349,1334,1678,242,4
60350,1334,1678,292,4.5
60351,1334,1678,294,4
60352,1334,1678,306,4
60353,1334,1678,342,4
60354,1334,1678,373,4
60355,1334,1678,381,5
60356,1334,1678,407,4
60357,1334,1678,452,4
60358,1334,1678,461,2.5
60359,1334,1678,472,3
60360,1334,1678,509,3
60361,1334,1678,529,4
60362,1334,1678,533,3
60363,1334,1678,547,3.5
60364,1334,1678,564,5
60365,1334,1678,605,2
60366,1334,1678,652,4
60367,1334,1678,658,4
60368,1333,1676,15,4
60369,1333,1676,34,3
60370,1333,1676,41,4
60371,1333,1676,48,3
60372,1333,1676,49,2
60373,1333,1676,56,2
60374,1333,1676,73,3
60375,1333,1676,77,4
60376,1333,1676,78,5
60377,1333,1676,94,4
60378,1333,1676,99,1
60379,1333,1676,103,4
60380,1333,1676,119,2
60381,1333,1676,130,3.5
60382,1333,1676,134,4
60383,1333,1676,148,3.5
60384,1333,1676,149,3.5
60385,1333,1676,150,0.5
60386,1333,1676,157,2.5
60387,1333,1676,166,3
60388,1333,1676,177,5
60389,1333,1676,197,5
60390,1333,1676,199,4
60391,1333,1676,232,3
60392,1333,1676,236,4.5
60393,1333,1676,243,3.5
60394,1333,1676,247,4
60395,1333,1676,268,4
60396,1333,1676,269,1
60397,1333,1676,274,3
60398,1333,1676,285,3
60399,1333,1676,287,5
60400,1333,1676,293,2
60401,1333,1676,306,2
60402,1333,1676,312,1
60403,1333,1676,314,4.5
60404,1333,1676,346,4
60405,1333,1676,350,2
60406,1333,1676,353,2.5
60407,1333,1676,355,4
60408,1333,1676,363,1
60409,1333,1676,380,3
60410,1333,1676,384,3.5
60411,1333,1676,386,3
60412,1333,1676,401,4
60413,1333,1676,412,3
60414,1333,1676,439,1
60415,1333,1676,457,1
60416,1333,1676,463,2
60417,1333,1676,466,3
60418,1333,1676,468,1.5
60419,1333,1676,480,5
60420,1333,1676,483,4
60421,1333,1676,520,2.5
60422,1333,1676,530,1
60423,1333,1676,531,1.5
60424,1333,1676,533,4
60425,1333,1676,550,4
60426,1333,1676,554,3
60427,1333,1676,560,4
60428,1333,1676,561,3.5
60429,1333,1676,562,4
60430,1333,1676,564,1
60431,1333,1676,574,3
60432,1333,1676,577,4
60433,1333,1676,580,3.5
60434,1333,1676,596,3.5
60435,1333,1676,598,2
60436,1333,1676,624,4
60437,1333,1676,642,4
60438,1333,1676,664,4
60439,1333,1676,671,3
60440,1332,1674,4,5
60441,1332,1674,8,4
60442,1332,1674,17,4.5
60443,1332,1674,28,4
60444,1332,1674,30,5
60445,1332,1674,57,5
60446,1332,1674,73,3.5
60447,1332,1674,88,3
60448,1332,1674,117,5
60449,1332,1674,118,5
60450,1332,1674,119,4
60451,1332,1674,130,3
60452,1332,1674,160,5
60453,1332,1674,212,3
60454,1332,1674,214,4
60455,1332,1674,219,3
60456,1332,1674,237,3
60457,1332,1674,240,3
60458,1332,1674,242,5
60459,1332,1674,264,5
60460,1332,1674,265,4
60461,1332,1674,271,3.5
60462,1332,1674,282,3.5
60463,1332,1674,294,3
60464,1332,1674,303,4.5
60465,1332,1674,306,4
60466,1332,1674,311,4.5
60467,1332,1674,312,4
60468,1332,1674,350,5
60469,1332,1674,358,4
60470,1332,1674,360,4
60471,1332,1674,362,3.5
60472,1332,1674,373,4
60473,1332,1674,387,4
60474,1332,1674,405,4.5
60475,1332,1674,439,4
60476,1332,1674,452,4
60477,1332,1674,463,4
60478,1332,1674,468,3
60479,1332,1674,472,4
60480,1332,1674,497,5
60481,1332,1674,505,3
60482,1332,1674,509,3
60483,1332,1674,518,4
60484,1332,1674,529,3
60485,1332,1674,547,3
60486,1332,1674,559,5
60487,1332,1674,564,4
60488,1332,1674,569,4
60489,1332,1674,575,5
60490,1332,1674,577,5
60491,1332,1674,580,3.5
60492,1332,1674,587,4
60493,1332,1674,597,5
60494,1332,1674,608,5
60495,1332,1674,621,4
60496,1331,1673,15,3
60497,1331,1673,17,4.5
60498,1331,1673,23,4
60499,1331,1673,30,4
60500,1331,1673,43,3
60501,1331,1673,45,4.5
60502,1331,1673,56,4
60503,1331,1673,59,4
60504,1331,1673,60,4.5
60505,1331,1673,71,4
60506,1331,1673,73,4
60507,1331,1673,102,4
60508,1331,1673,105,4
60509,1331,1673,125,4.5
60510,1331,1673,143,4.5
60511,1331,1673,150,3
60512,1331,1673,156,5
60513,1331,1673,183,5
60514,1331,1673,187,5
60515,1331,1673,212,3
60516,1331,1673,230,5
60517,1331,1673,237,4
60518,1331,1673,265,3
60519,1331,1673,269,4
60520,1331,1673,275,5
60521,1331,1673,282,3
60522,1331,1673,299,4.5
60523,1331,1673,306,4
60524,1331,1673,312,5
60525,1331,1673,345,3
60526,1331,1673,348,5
60527,1331,1673,351,4
60528,1331,1673,370,3.5
60529,1331,1673,387,4
60530,1331,1673,388,5
60531,1331,1673,391,3
60532,1331,1673,407,5
60533,1331,1673,408,2
60534,1331,1673,423,5
60535,1331,1673,433,5
60536,1331,1673,452,3
60537,1331,1673,457,4.5
60538,1331,1673,460,4
60539,1331,1673,461,4
60540,1331,1673,472,4
60541,1331,1673,474,3
60542,1331,1673,509,4
60543,1331,1673,510,4
60544,1331,1673,534,2
60545,1331,1673,545,5
60546,1331,1673,547,2.5
60547,1331,1673,562,4
60548,1331,1673,564,4
60549,1331,1673,580,4
60550,1331,1673,587,4
60551,1331,1673,595,5
60552,1331,1673,605,3
60553,1331,1673,608,3
60554,1331,1673,631,3
60555,1331,1673,642,3
60556,1331,1673,665,3
60557,1331,1673,671,3.5
60558,1330,1672,30,4
60559,1330,1672,75,4
60560,1330,1672,187,3.5
60561,1330,1672,292,4
60562,1330,1672,294,4
60563,1330,1672,295,4
60564,1330,1672,306,3
60565,1330,1672,311,3.5
60566,1330,1672,343,4
60567,1330,1672,380,4
60568,1330,1672,468,2.5
60569,1330,1672,509,3
60570,1330,1672,518,4
60571,1330,1672,596,3.5
60572,1330,1672,631,4
60573,1329,1671,596,3.5
60574,1328,1670,99,4
60575,1328,1670,119,3
60576,1328,1670,388,4
60577,1328,1670,434,4
60578,1328,1670,509,4
60579,1327,1669,436,4
60580,1326,1668,150,2.5
60581,1326,1668,414,2
60582,1326,1668,564,1
60583,1325,1667,128,3
60584,1325,1667,269,3
60585,1325,1667,380,2
60586,1325,1667,452,3
60587,1325,1667,509,3
60588,1325,1667,545,1
60589,1325,1667,559,4
60590,1325,1667,564,3
60591,1324,1665,147,3.5
60592,1324,1665,285,3
60593,1324,1665,340,3
60594,1324,1665,434,3
60595,1324,1665,471,3.5
60596,1324,1665,560,4
60597,1324,1665,605,3
60598,1324,1665,624,3
60599,1323,1663,4,4
60600,1323,1663,15,3
60601,1323,1663,57,4
60602,1323,1663,102,4
60603,1323,1663,119,3
60604,1323,1663,120,5
60605,1323,1663,134,4.5
60606,1323,1663,206,5
60607,1323,1663,217,5
60608,1323,1663,232,4
60609,1323,1663,239,5
60610,1323,1663,247,5
60611,1323,1663,262,1
60612,1323,1663,268,1.5
60613,1323,1663,285,3
60614,1323,1663,297,4
60615,1323,1663,346,3.5
60616,1323,1663,358,4
60617,1323,1663,367,3
60618,1323,1663,373,4
60619,1323,1663,388,4
60620,1323,1663,423,4
60621,1323,1663,442,4.5
60622,1323,1663,452,3
60623,1323,1663,466,4
60624,1323,1663,472,4
60625,1323,1663,479,4
60626,1323,1663,497,3
60627,1323,1663,505,3.5
60628,1323,1663,509,3
60629,1323,1663,518,3
60630,1323,1663,529,3
60631,1323,1663,564,5
60632,1323,1663,575,4
60633,1323,1663,580,3
60634,1323,1663,585,4
60635,1323,1663,597,3
60636,1323,1663,613,2.5
60637,1323,1663,634,4
60638,1323,1663,654,4
60639,1322,1661,165,1.5
60640,1322,1661,177,5
60641,1322,1661,518,3
60642,1322,1661,564,3
60643,1321,1660,509,3
60644,1321,1660,547,3
60645,1320,1658,111,4
60646,1320,1658,177,5
60647,1320,1658,384,3
60648,1320,1658,408,5
60649,1320,1658,472,2
60650,1320,1658,509,3
60651,1320,1658,608,3
60652,1320,1658,642,2
60653,1319,1657,564,3
60654,1318,1655,95,2
60655,1318,1655,564,5
60656,1317,1654,492,4
60657,1317,1654,605,3
60658,1316,1653,15,3
60659,1316,1653,16,5
60660,1316,1653,17,5
60661,1316,1653,26,3.5
60662,1316,1653,34,4
60663,1316,1653,60,5
60664,1316,1653,73,3.5
60665,1316,1653,77,3.5
60666,1316,1653,83,5
60667,1316,1653,94,4
60668,1316,1653,103,3.5
60669,1316,1653,111,3.5
60670,1316,1653,118,3
60671,1316,1653,119,4
60672,1316,1653,125,3.5
60673,1316,1653,133,1.5
60674,1316,1653,134,4
60675,1316,1653,137,4
60676,1316,1653,139,3.5
60677,1316,1653,143,1
60678,1316,1653,148,4
60679,1316,1653,150,2
60680,1316,1653,152,5
60681,1316,1653,157,4
60682,1316,1653,175,4
60683,1316,1653,177,5
60684,1316,1653,187,3
60685,1316,1653,201,4
60686,1316,1653,212,4.5
60687,1316,1653,217,1.5
60688,1316,1653,234,4
60689,1316,1653,242,5
60690,1316,1653,245,4
60691,1316,1653,253,3
60692,1316,1653,257,3.5
60693,1316,1653,269,3
60694,1316,1653,271,4.5
60695,1316,1653,274,4
60696,1316,1653,285,3
60697,1316,1653,292,4
60698,1316,1653,294,3.5
60699,1316,1653,304,5
60700,1316,1653,311,2
60701,1316,1653,312,4
60702,1316,1653,346,4
60703,1316,1653,353,3.5
60704,1316,1653,363,4
60705,1316,1653,371,2.5
60706,1316,1653,378,3.5
60707,1316,1653,380,4
60708,1316,1653,384,2
60709,1316,1653,388,4
60710,1316,1653,431,5
60711,1316,1653,439,3
60712,1316,1653,450,3.5
60713,1316,1653,452,2
60714,1316,1653,463,3
60715,1316,1653,468,3.5
60716,1316,1653,472,4
60717,1316,1653,486,4
60718,1316,1653,509,3
60719,1316,1653,518,4
60720,1316,1653,520,3.5
60721,1316,1653,526,4
60722,1316,1653,531,3.5
60723,1316,1653,533,4
60724,1316,1653,544,4.5
60725,1316,1653,546,5
60726,1316,1653,550,5
60727,1316,1653,559,4
60728,1316,1653,561,4
60729,1316,1653,564,2
60730,1316,1653,580,3
60731,1316,1653,596,4.5
60732,1316,1653,597,3
60733,1316,1653,607,2.5
60734,1316,1653,608,4
60735,1316,1653,610,5
60736,1316,1653,614,2
60737,1316,1653,615,3.5
60738,1316,1653,628,4.5
60739,1316,1653,652,4
60740,1316,1653,653,4
60741,1316,1653,654,4.5
60742,1315,1652,299,3.5
60743,1315,1652,547,4.5
60744,1314,1649,15,2
60745,1314,1649,468,4
60746,1314,1649,509,4
60747,1314,1649,547,3
60748,1314,1649,564,5
60749,1314,1649,642,5
60750,1313,1648,102,5
60751,1313,1648,111,3.5
60752,1313,1648,265,3
60753,1313,1648,363,4
60754,1313,1648,380,4
60755,1313,1648,408,1
60756,1313,1648,509,3
60757,1313,1648,564,4
60758,1313,1648,595,1
60759,1312,1647,177,3
60760,1312,1647,242,4
60761,1312,1647,285,3
60762,1312,1647,358,1
60763,1312,1647,452,3
60764,1312,1647,518,2
60765,1311,1646,119,2
60766,1311,1646,232,4
60767,1311,1646,358,1
60768,1311,1646,380,3
60769,1311,1646,452,2
60770,1311,1646,518,3
60771,1311,1646,624,3
60772,1310,1645,15,3
60773,1310,1645,17,3.5
60774,1310,1645,22,2.5
60775,1310,1645,30,5
60776,1310,1645,34,3
60777,1310,1645,57,4
60778,1310,1645,73,3
60779,1310,1645,95,4
60780,1310,1645,103,3.5
60781,1310,1645,128,2
60782,1310,1645,150,4
60783,1310,1645,165,2.5
60784,1310,1645,177,5
60785,1310,1645,200,4.5
60786,1310,1645,220,4
60787,1310,1645,243,3
60788,1310,1645,250,4.5
60789,1310,1645,253,4
60790,1310,1645,269,3
60791,1310,1645,271,2.5
60792,1310,1645,283,3
60793,1310,1645,285,3
60794,1310,1645,294,3
60795,1310,1645,311,2.5
60796,1310,1645,321,4
60797,1310,1645,346,4
60798,1310,1645,355,4
60799,1310,1645,358,4
60800,1310,1645,370,4.5
60801,1310,1645,371,4.5
60802,1310,1645,380,3.5
60803,1310,1645,388,4
60804,1310,1645,418,3.5
60805,1310,1645,426,4.5
60806,1310,1645,434,4
60807,1310,1645,452,2
60808,1310,1645,457,2.5
60809,1310,1645,460,1
60810,1310,1645,461,2
60811,1310,1645,467,4
60812,1310,1645,468,2
60813,1310,1645,509,3
60814,1310,1645,521,4
60815,1310,1645,523,4
60816,1310,1645,534,4
60817,1310,1645,544,4
60818,1310,1645,550,2
60819,1310,1645,561,3.5
60820,1310,1645,564,4
60821,1310,1645,580,3
60822,1310,1645,596,4
60823,1310,1645,605,4
60824,1310,1645,607,3.5
60825,1310,1645,608,3
60826,1310,1645,617,3
60827,1310,1645,624,3
60828,1310,1645,627,3.5
60829,1310,1645,647,4
60830,1310,1645,654,3.5
60831,1310,1645,655,4.5
60832,1309,1644,15,1.5
60833,1309,1644,73,1.5
60834,1309,1644,78,4.5
60835,1309,1644,95,3
60836,1309,1644,102,2
60837,1309,1644,128,3
60838,1309,1644,150,2.5
60839,1309,1644,177,5
60840,1309,1644,212,2.5
60841,1309,1644,213,2
60842,1309,1644,262,1.5
60843,1309,1644,285,3
60844,1309,1644,384,3
60845,1309,1644,386,2
60846,1309,1644,408,4
60847,1309,1644,412,4
60848,1309,1644,429,0.5
60849,1309,1644,452,2
60850,1309,1644,457,1.5
60851,1309,1644,461,1
60852,1309,1644,477,1
60853,1309,1644,480,3
60854,1309,1644,492,2
60855,1309,1644,509,2
60856,1309,1644,534,4
60857,1309,1644,564,4
60858,1309,1644,596,2.5
60859,1309,1644,597,3
60860,1309,1644,605,2
60861,1309,1644,642,2
60862,1308,1643,220,4
60863,1308,1643,240,4.5
60864,1308,1643,391,5
60865,1308,1643,407,4
60866,1308,1643,452,4
60867,1308,1643,493,4
60868,1308,1643,509,4
60869,1308,1643,510,4
60870,1308,1643,564,4
60871,1308,1643,642,3
60872,1307,1642,358,2
60873,1307,1642,452,3
60874,1307,1642,564,4
60875,1307,1642,581,0.5
60876,1306,1641,22,2
60877,1306,1641,57,5
60878,1306,1641,63,3
60879,1306,1641,88,4
60880,1306,1641,93,4.5
60881,1306,1641,105,3.5
60882,1306,1641,119,3
60883,1306,1641,130,3.5
60884,1306,1641,150,3.5
60885,1306,1641,185,4
60886,1306,1641,193,5
60887,1306,1641,195,2
60888,1306,1641,219,3
60889,1306,1641,220,5
60890,1306,1641,239,4
60891,1306,1641,268,2.5
60892,1306,1641,269,5
60893,1306,1641,282,1.5
60894,1306,1641,283,4.5
60895,1306,1641,285,3
60896,1306,1641,293,4
60897,1306,1641,306,4
60898,1306,1641,312,1
60899,1306,1641,313,3.5
60900,1306,1641,345,4
60901,1306,1641,358,4
60902,1306,1641,367,4
60903,1306,1641,372,4
60904,1306,1641,387,4
60905,1306,1641,388,4
60906,1306,1641,391,4
60907,1306,1641,407,4
60908,1306,1641,408,5
60909,1306,1641,419,4.5
60910,1306,1641,424,4
60911,1306,1641,434,4
60912,1306,1641,441,4.5
60913,1306,1641,452,4
60914,1306,1641,461,2.5
60915,1306,1641,463,4
60916,1306,1641,466,4
60917,1306,1641,472,4
60918,1306,1641,480,5
60919,1306,1641,509,4
60920,1306,1641,510,4
60921,1306,1641,518,4
60922,1306,1641,529,5
60923,1306,1641,547,4
60924,1306,1641,564,5
60925,1306,1641,573,4
60926,1306,1641,575,3
60927,1306,1641,577,4.5
60928,1306,1641,580,3
60929,1306,1641,585,4
60930,1306,1641,587,4.5
60931,1306,1641,595,4
60932,1306,1641,598,4
60933,1306,1641,605,3
60934,1306,1641,621,4
60935,1306,1641,624,4
60936,1306,1641,627,1
60937,1306,1641,654,4
60938,1306,1641,658,3
60939,1306,1641,671,4
60940,1305,1640,564,1
60941,1304,1639,6,2
60942,1304,1639,12,2
60943,1304,1639,15,4
60944,1304,1639,27,4
60945,1304,1639,45,3
60946,1304,1639,52,1
60947,1304,1639,63,5
60948,1304,1639,73,3.5
60949,1304,1639,83,4.5
60950,1304,1639,88,4.5
60951,1304,1639,111,4
60952,1304,1639,115,3.5
60953,1304,1639,119,4
60954,1304,1639,165,4
60955,1304,1639,174,4
60956,1304,1639,187,4
60957,1304,1639,189,4
60958,1304,1639,212,4
60959,1304,1639,216,4.5
60960,1304,1639,242,4
60961,1304,1639,268,3.5
60962,1304,1639,269,4
60963,1304,1639,280,4
60964,1304,1639,291,3.5
60965,1304,1639,292,3.5
60966,1304,1639,299,3.5
60967,1304,1639,303,3
60968,1304,1639,323,2.5
60969,1304,1639,330,1
60970,1304,1639,342,4
60971,1304,1639,345,4.5
60972,1304,1639,373,3
60973,1304,1639,380,4
60974,1304,1639,388,3
60975,1304,1639,405,2
60976,1304,1639,407,4
60977,1304,1639,408,5
60978,1304,1639,422,5
60979,1304,1639,431,5
60980,1304,1639,451,1
60981,1304,1639,452,1.5
60982,1304,1639,461,3.5
60983,1304,1639,462,3
60984,1304,1639,463,4
60985,1304,1639,466,5
60986,1304,1639,472,4
60987,1304,1639,480,3
60988,1304,1639,502,5
60989,1304,1639,509,4
60990,1304,1639,518,4
60991,1304,1639,520,3.5
60992,1304,1639,528,4.5
60993,1304,1639,547,0.5
60994,1304,1639,561,4
60995,1304,1639,562,4.5
60996,1304,1639,564,5
60997,1304,1639,574,4.5
60998,1304,1639,580,3.5
60999,1304,1639,605,2
61000,1304,1639,608,3
61001,1304,1639,624,4.5
61002,1304,1639,642,3
61003,1304,1639,654,3.5
61004,1304,1639,664,3.5
61005,1304,1639,665,3
61006,1303,1636,51,1
61007,1303,1636,414,1
61008,1302,1635,15,4
61009,1302,1635,105,4
61010,1302,1635,152,0.5
61011,1302,1635,359,3
61012,1302,1635,388,4
61013,1302,1635,431,5
61014,1302,1635,441,3.5
61015,1302,1635,452,5
61016,1302,1635,460,4
61017,1302,1635,509,4
61018,1302,1635,529,3.5
61019,1302,1635,547,4.5
61020,1302,1635,564,4
61021,1302,1635,580,4
61022,1302,1635,605,2
61023,1302,1635,608,5
61024,1302,1635,647,5
61025,1301,1633,265,3
61026,1301,1633,342,4
61027,1301,1633,452,4
61028,1301,1633,547,3
61029,1301,1633,564,3
61030,1301,1633,575,4
61031,1301,1633,642,3
61032,1301,1633,658,3
61033,1300,1632,165,2.5
61034,1299,1631,509,3
61035,1299,1631,534,4
61036,1298,1629,358,1
61037,1298,1629,452,3
61038,1298,1629,493,4
61039,1298,1629,518,4
61040,1298,1629,564,5
61041,1297,1627,17,4
61042,1297,1627,119,4
61043,1297,1627,299,2.5
61044,1297,1627,322,4
61045,1297,1627,358,1
61046,1297,1627,509,3
61047,1297,1627,520,1.5
61048,1297,1627,534,3
61049,1297,1627,564,2
61050,1297,1627,596,3.5
61051,1297,1627,608,3
61052,1296,1626,285,1
61053,1296,1626,534,3
61054,1296,1626,575,1
61055,1295,1625,8,5
61056,1295,1625,15,4
61057,1295,1625,17,5
61058,1295,1625,22,2
61059,1295,1625,23,4.5
61060,1295,1625,30,3
61061,1295,1625,57,3
61062,1295,1625,66,4
61063,1295,1625,73,4
61064,1295,1625,78,5
61065,1295,1625,105,4
61066,1295,1625,118,4
61067,1295,1625,119,4
61068,1295,1625,120,4
61069,1295,1625,124,4
61070,1295,1625,130,1.5
61071,1295,1625,134,4
61072,1295,1625,148,4
61073,1295,1625,150,4.5
61074,1295,1625,165,3
61075,1295,1625,177,5
61076,1295,1625,181,3.5
61077,1295,1625,189,5
61078,1295,1625,199,4
61079,1295,1625,200,5
61080,1295,1625,209,4
61081,1295,1625,211,4
61082,1295,1625,231,3
61083,1295,1625,235,5
61084,1295,1625,243,3.5
61085,1295,1625,245,5
61086,1295,1625,250,4.5
61087,1295,1625,268,3.5
61088,1295,1625,269,4
61089,1295,1625,282,2.5
61090,1295,1625,285,4
61091,1295,1625,292,4
61092,1295,1625,295,4
61093,1295,1625,300,4
61094,1295,1625,306,3
61095,1295,1625,313,4.5
61096,1295,1625,321,4
61097,1295,1625,322,2
61098,1295,1625,355,4.5
61099,1295,1625,370,5
61100,1295,1625,371,5
61101,1295,1625,380,4
61102,1295,1625,388,5
61103,1295,1625,430,4
61104,1295,1625,434,1
61105,1295,1625,452,2
61106,1295,1625,457,3
61107,1295,1625,461,3.5
61108,1295,1625,462,5
61109,1295,1625,463,4
61110,1295,1625,468,3
61111,1295,1625,472,5
61112,1295,1625,492,3
61113,1295,1625,529,4
61114,1295,1625,534,5
61115,1295,1625,547,3.5
61116,1295,1625,550,3
61117,1295,1625,564,4
61118,1295,1625,570,4.5
61119,1295,1625,580,4
61120,1295,1625,584,5
61121,1295,1625,587,4
61122,1295,1625,596,4.5
61123,1295,1625,605,2
61124,1295,1625,607,5
61125,1295,1625,608,4
61126,1295,1625,615,4
61127,1295,1625,627,4.5
61128,1295,1625,631,5
61129,1295,1625,647,3
61130,1295,1625,654,4.5
61131,1294,1624,30,4
61132,1293,1623,189,3
61133,1293,1623,243,3.5
61134,1293,1623,346,1
61135,1293,1623,564,2
61136,1293,1623,626,2
61137,1292,1621,461,3
61138,1292,1621,575,3
61139,1291,1620,30,4
61140,1291,1620,150,4
61141,1291,1620,177,4
61142,1291,1620,213,3
61143,1291,1620,260,3.5
61144,1291,1620,358,3
61145,1291,1620,388,3
61146,1291,1620,408,5
61147,1291,1620,452,3
61148,1291,1620,457,2.5
61149,1291,1620,463,2
61150,1291,1620,465,3.5
61151,1291,1620,509,3
61152,1291,1620,518,4
61153,1291,1620,533,3
61154,1291,1620,534,4
61155,1291,1620,550,3
61156,1291,1620,564,3
61157,1291,1620,624,4
61158,1291,1620,647,3
61159,1290,1619,99,5
61160,1290,1619,119,1
61161,1290,1619,200,2.5
61162,1290,1619,212,3.5
61163,1290,1619,269,4
61164,1290,1619,386,3
61165,1290,1619,407,4
61166,1290,1619,422,5
61167,1290,1619,463,3
61168,1290,1619,505,2.5
61169,1290,1619,509,4
61170,1290,1619,529,3
61171,1290,1619,564,3
61172,1290,1619,575,3
61173,1290,1619,580,3.5
61174,1290,1619,596,4.5
61175,1290,1619,598,4
61176,1290,1619,631,4
61177,1290,1619,645,3
61178,1289,1617,8,3.5
61179,1289,1617,15,5
61180,1289,1617,17,4.5
61181,1289,1617,23,4
61182,1289,1617,28,5
61183,1289,1617,30,5
61184,1289,1617,34,4
61185,1289,1617,56,4
61186,1289,1617,57,4
61187,1289,1617,71,5
61188,1289,1617,73,4.5
61189,1289,1617,89,4
61190,1289,1617,94,3.5
61191,1289,1617,96,4
61192,1289,1617,99,5
61193,1289,1617,102,5
61194,1289,1617,105,5
61195,1289,1617,111,4
61196,1289,1617,118,5
61197,1289,1617,119,4
61198,1289,1617,128,2
61199,1289,1617,130,3.5
61200,1289,1617,137,4
61201,1289,1617,148,4.5
61202,1289,1617,150,3
61203,1289,1617,153,3
61204,1289,1617,160,3
61205,1289,1617,177,5
61206,1289,1617,183,3
61207,1289,1617,199,5
61208,1289,1617,203,5
61209,1289,1617,211,4
61210,1289,1617,214,5
61211,1289,1617,216,4.5
61212,1289,1617,220,4
61213,1289,1617,231,3
61214,1289,1617,232,4
61215,1289,1617,235,5
61216,1289,1617,236,2.5
61217,1289,1617,240,4
61218,1289,1617,242,5
61219,1289,1617,247,5
61220,1289,1617,253,4
61221,1289,1617,263,3.5
61222,1289,1617,265,4
61223,1289,1617,268,3
61224,1289,1617,269,5
61225,1289,1617,278,3
61226,1289,1617,295,3
61227,1289,1617,305,3
61228,1289,1617,306,4
61229,1289,1617,307,4.5
61230,1289,1617,311,4.5
61231,1289,1617,312,4
61232,1289,1617,321,4
61233,1289,1617,322,5
61234,1289,1617,328,3.5
61235,1289,1617,330,2
61236,1289,1617,342,4
61237,1289,1617,345,4
61238,1289,1617,358,4
61239,1289,1617,360,4
61240,1289,1617,362,5
61241,1289,1617,363,4
61242,1289,1617,373,4
61243,1289,1617,388,4.5
61244,1289,1617,391,5
61245,1289,1617,407,5
61246,1289,1617,425,3.5
61247,1289,1617,430,3.5
61248,1289,1617,433,4
61249,1289,1617,434,5
61250,1289,1617,444,4
61251,1289,1617,450,4.5
61252,1289,1617,452,5
61253,1289,1617,457,3.5
61254,1289,1617,460,3.5
61255,1289,1617,461,5
61256,1289,1617,463,4
61257,1289,1617,466,3
61258,1289,1617,468,3
61259,1289,1617,472,5
61260,1289,1617,480,4.5
61261,1289,1617,492,4
61262,1289,1617,493,4
61263,1289,1617,505,3.5
61264,1289,1617,509,4
61265,1289,1617,510,4
61266,1289,1617,520,4.5
61267,1289,1617,523,5
61268,1289,1617,529,3
61269,1289,1617,537,3
61270,1289,1617,545,4
61271,1289,1617,547,4.5
61272,1289,1617,550,5
61273,1289,1617,559,5
61274,1289,1617,561,4
61275,1289,1617,562,4
61276,1289,1617,564,5
61277,1289,1617,569,5
61278,1289,1617,573,3
61279,1289,1617,574,4.5
61280,1289,1617,575,3
61281,1289,1617,580,4.5
61282,1289,1617,585,5
61283,1289,1617,586,3.5
61284,1289,1617,587,4.5
61285,1289,1617,594,5
61286,1289,1617,595,5
61287,1289,1617,596,4
61288,1289,1617,597,5
61289,1289,1617,598,5
61290,1289,1617,605,3
61291,1289,1617,608,5
61292,1289,1617,617,3
61293,1289,1617,618,4
61294,1289,1617,624,4
61295,1289,1617,627,4
61296,1289,1617,631,5
61297,1289,1617,642,4
61298,1289,1617,647,5
61299,1289,1617,654,5
61300,1289,1617,658,4
61301,1289,1617,664,4
61302,1289,1617,670,2
61303,1288,1616,15,3
61304,1288,1616,128,5
61305,1288,1616,150,3
61306,1288,1616,177,4
61307,1288,1616,199,2.5
61308,1288,1616,242,4
61309,1288,1616,311,5
61310,1288,1616,312,3
61311,1288,1616,384,3.5
61312,1288,1616,471,3.5
61313,1288,1616,534,4
61314,1288,1616,550,3
61315,1288,1616,564,3
61316,1288,1616,631,3
61317,1287,1615,15,3
61318,1287,1615,128,4
61319,1287,1615,177,4
61320,1287,1615,242,4
61321,1287,1615,311,1.5
61322,1287,1615,313,4
61323,1287,1615,388,4
61324,1287,1615,463,3
61325,1287,1615,534,4
61326,1287,1615,564,5
61327,1286,1614,30,3
61328,1286,1614,52,4
61329,1286,1614,232,4
61330,1286,1614,269,3
61331,1286,1614,306,4
61332,1286,1614,312,3
61333,1286,1614,358,4
61334,1286,1614,388,3
61335,1286,1614,407,4
61336,1286,1614,434,1
61337,1286,1614,452,4
61338,1286,1614,461,2.5
61339,1286,1614,472,1
61340,1286,1614,491,3
61341,1286,1614,492,2
61342,1286,1614,493,4
61343,1286,1614,518,3
61344,1286,1614,529,3
61345,1286,1614,537,4
61346,1286,1614,547,4
61347,1286,1614,564,5
61348,1286,1614,575,5
61349,1286,1614,624,4
61350,1286,1614,631,3
61351,1286,1614,654,3.5
61352,1285,1613,119,3
61353,1284,1612,43,4
61354,1284,1612,312,2
61355,1284,1612,412,1
61356,1284,1612,564,4
61357,1284,1612,608,2
61358,1284,1612,652,5
61359,1283,1611,10,5
61360,1283,1611,30,2
61361,1283,1611,102,4
61362,1283,1611,119,5
61363,1283,1611,129,4
61364,1283,1611,299,5
61365,1283,1611,311,3
61366,1283,1611,391,5
61367,1283,1611,452,4
61368,1283,1611,547,4
61369,1283,1611,564,4
61370,1283,1611,608,4
61371,1282,1610,15,3
61372,1282,1610,27,4
61373,1282,1610,28,4
61374,1282,1610,30,5
61375,1282,1610,34,4
61376,1282,1610,53,5
61377,1282,1610,63,4.5
61378,1282,1610,77,4
61379,1282,1610,78,5
61380,1282,1610,84,3.5
61381,1282,1610,93,4
61382,1282,1610,94,4
61383,1282,1610,101,4
61384,1282,1610,102,3
61385,1282,1610,105,3.5
61386,1282,1610,111,4
61387,1282,1610,118,4
61388,1282,1610,119,4
61389,1282,1610,125,5
61390,1282,1610,130,2.5
61391,1282,1610,134,4
61392,1282,1610,148,5
61393,1282,1610,150,4.5
61394,1282,1610,177,5
61395,1282,1610,195,4
61396,1282,1610,200,3.5
61397,1282,1610,212,3.5
61398,1282,1610,213,3.5
61399,1282,1610,214,5
61400,1282,1610,217,5
61401,1282,1610,218,4
61402,1282,1610,219,4
61403,1282,1610,220,4
61404,1282,1610,232,4
61405,1282,1610,235,4.5
61406,1282,1610,242,5
61407,1282,1610,243,3.5
61408,1282,1610,245,5
61409,1282,1610,247,5
61410,1282,1610,263,4.5
61411,1282,1610,268,3.5
61412,1282,1610,282,4
61413,1282,1610,285,3
61414,1282,1610,291,4
61415,1282,1610,294,3.5
61416,1282,1610,303,3
61417,1282,1610,306,3
61418,1282,1610,311,3
61419,1282,1610,312,4
61420,1282,1610,330,3
61421,1282,1610,342,3
61422,1282,1610,353,3.5
61423,1282,1610,358,3
61424,1282,1610,367,5
61425,1282,1610,380,4
61426,1282,1610,388,5
61427,1282,1610,405,4
61428,1282,1610,407,3
61429,1282,1610,417,4
61430,1282,1610,422,4
61431,1282,1610,425,3.5
61432,1282,1610,427,4
61433,1282,1610,430,3.5
61434,1282,1610,442,4.5
61435,1282,1610,452,3
61436,1282,1610,453,2
61437,1282,1610,461,4.5
61438,1282,1610,463,5
61439,1282,1610,468,2.5
61440,1282,1610,471,4
61441,1282,1610,472,5
61442,1282,1610,494,4
61443,1282,1610,509,4
61444,1282,1610,510,2
61445,1282,1610,522,3.5
61446,1282,1610,525,5
61447,1282,1610,527,2.5
61448,1282,1610,534,4
61449,1282,1610,537,5
61450,1282,1610,547,2.5
61451,1282,1610,550,4
61452,1282,1610,554,3
61453,1282,1610,559,5
61454,1282,1610,561,4
61455,1282,1610,562,4.5
61456,1282,1610,564,4
61457,1282,1610,577,5
61458,1282,1610,587,4
61459,1282,1610,594,3
61460,1282,1610,595,3
61461,1282,1610,598,3.5
61462,1282,1610,607,4
61463,1282,1610,624,4
61464,1282,1610,628,2
61465,1282,1610,647,3
61466,1282,1610,658,5
61467,1282,1610,671,4
61468,1281,1609,434,3
61469,1281,1609,558,3
61470,1280,1608,15,1
61471,1280,1608,22,2.5
61472,1280,1608,23,2.5
61473,1280,1608,30,5
61474,1280,1608,56,4
61475,1280,1608,58,5
61476,1280,1608,68,4
61477,1280,1608,73,3.5
61478,1280,1608,90,2
61479,1280,1608,105,3
61480,1280,1608,111,3
61481,1280,1608,119,3
61482,1280,1608,120,3
61483,1280,1608,125,4
61484,1280,1608,128,3
61485,1280,1608,150,3
61486,1280,1608,177,4
61487,1280,1608,195,3
61488,1280,1608,212,3
61489,1280,1608,213,4
61490,1280,1608,232,4
61491,1280,1608,242,5
61492,1280,1608,245,4
61493,1280,1608,247,4
61494,1280,1608,268,3
61495,1280,1608,285,4
61496,1280,1608,286,4
61497,1280,1608,294,3.5
61498,1280,1608,300,4
61499,1280,1608,306,4
61500,1280,1608,311,4
61501,1280,1608,313,3
61502,1280,1608,322,2
61503,1280,1608,330,3
61504,1280,1608,339,2.5
61505,1280,1608,380,2
61506,1280,1608,381,1
61507,1280,1608,384,3
61508,1280,1608,402,3.5
61509,1280,1608,405,2.5
61510,1280,1608,412,2
61511,1280,1608,417,4
61512,1280,1608,452,4
61513,1280,1608,457,1.5
61514,1280,1608,461,1.5
61515,1280,1608,463,2
61516,1280,1608,480,4.5
61517,1280,1608,505,3
61518,1280,1608,518,4
61519,1280,1608,525,3
61520,1280,1608,534,4
61521,1280,1608,537,4
61522,1280,1608,550,3
61523,1280,1608,560,4
61524,1280,1608,561,3
61525,1280,1608,564,2
61526,1280,1608,569,4
61527,1280,1608,570,4.5
61528,1280,1608,571,3.5
61529,1280,1608,584,2.5
61530,1280,1608,596,2.5
61531,1280,1608,605,3
61532,1280,1608,612,3
61533,1280,1608,624,3
61534,1280,1608,627,1
61535,1280,1608,631,3
61536,1280,1608,654,4.5
61537,1280,1608,656,5
61538,1280,1608,658,4
61539,1280,1608,665,4
61540,1279,1606,119,2
61541,1279,1606,518,3
61542,1279,1606,530,1
61543,1279,1606,564,3
61544,1278,1605,452,2
61545,1278,1605,518,5
61546,1278,1605,530,3
61547,1278,1605,534,3
61548,1278,1605,564,1
61549,1277,1604,380,3
61550,1277,1604,624,3
61551,1276,1603,73,2.5
61552,1276,1603,119,2
61553,1276,1603,177,2
61554,1276,1603,213,3
61555,1276,1603,380,2
61556,1276,1603,381,1
61557,1276,1603,461,0.5
61558,1276,1603,550,3
61559,1276,1603,564,4
61560,1276,1603,652,4
61561,1275,1602,358,1
61562,1275,1602,564,1
61563,1274,1601,220,4
61564,1274,1601,388,2
61565,1274,1601,550,4
61566,1274,1601,642,4
61567,1273,1600,311,0.5
61568,1273,1600,547,2
61569,1273,1600,564,2
61570,1273,1600,642,4
61571,1272,1599,73,1
61572,1272,1599,103,1
61573,1272,1599,165,3
61574,1272,1599,247,2
61575,1271,1598,30,4
61576,1271,1598,177,5
61577,1271,1598,306,3
61578,1271,1598,564,3
61579,1270,1597,15,2
61580,1270,1597,17,2.5
61581,1270,1597,34,3
61582,1270,1597,57,4
61583,1270,1597,73,3.5
61584,1270,1597,90,4
61585,1270,1597,119,4
61586,1270,1597,120,3
61587,1270,1597,150,3.5
61588,1270,1597,165,2.5
61589,1270,1597,177,4
61590,1270,1597,181,4
61591,1270,1597,207,3.5
61592,1270,1597,212,2.5
61593,1270,1597,213,3
61594,1270,1597,232,5
61595,1270,1597,242,4
61596,1270,1597,253,4
61597,1270,1597,269,4
61598,1270,1597,285,4
61599,1270,1597,294,4
61600,1270,1597,306,3
61601,1270,1597,311,1.5
61602,1270,1597,313,5
61603,1270,1597,358,3
61604,1270,1597,388,3
61605,1270,1597,452,2
61606,1270,1597,461,1.5
61607,1270,1597,505,3
61608,1270,1597,518,3
61609,1270,1597,521,4
61610,1270,1597,530,3
61611,1270,1597,532,3.5
61612,1270,1597,534,4
61613,1270,1597,537,3
61614,1270,1597,564,1
61615,1270,1597,575,4
61616,1270,1597,577,4
61617,1270,1597,597,4
61618,1270,1597,607,5
61619,1270,1597,631,4
61620,1270,1597,642,2
61621,1270,1597,654,3
61622,1270,1597,665,4
61623,1269,1596,391,3
61624,1269,1596,492,3
61625,1269,1596,547,1
61626,1268,1595,73,0.5
61627,1268,1595,518,4
61628,1268,1595,564,1
61629,1267,1594,102,2
61630,1267,1594,313,3
61631,1267,1594,373,4
61632,1267,1594,388,2
61633,1267,1594,423,3.5
61634,1267,1594,452,3
61635,1267,1594,457,3.5
61636,1267,1594,509,3
61637,1267,1594,547,4
61638,1267,1594,558,3
61639,1267,1594,605,3
61640,1267,1594,608,4
61641,1267,1594,614,5
61642,1267,1594,642,5
61643,1266,1593,111,3.5
61644,1266,1593,239,2
61645,1266,1593,294,3
61646,1266,1593,306,3
61647,1266,1593,311,2
61648,1266,1593,518,3
61649,1266,1593,665,3
61650,1265,1592,286,3
61651,1265,1592,468,1
61652,1265,1592,518,4
61653,1265,1592,534,3
61654,1265,1592,557,3.5
61655,1265,1592,564,1
61656,1265,1592,605,4
61657,1264,1591,41,4
61658,1264,1591,48,3
61659,1264,1591,73,3
61660,1264,1591,77,2.5
61661,1264,1591,99,1
61662,1264,1591,119,2
61663,1264,1591,173,3
61664,1264,1591,177,3
61665,1264,1591,285,4
61666,1264,1591,380,4
61667,1264,1591,397,2.5
61668,1264,1591,445,3
61669,1264,1591,468,1.5
61670,1264,1591,564,3
61671,1264,1591,624,1
61672,1263,1590,73,4.5
61673,1263,1590,83,5
61674,1263,1590,90,5
61675,1263,1590,150,4.5
61676,1263,1590,152,4.5
61677,1263,1590,157,3.5
61678,1263,1590,177,1
61679,1263,1590,185,2
61680,1263,1590,199,4.5
61681,1263,1590,213,2.5
61682,1263,1590,232,4
61683,1263,1590,243,3.5
61684,1263,1590,306,2
61685,1263,1590,311,0.5
61686,1263,1590,388,3
61687,1263,1590,423,1
61688,1263,1590,439,2
61689,1263,1590,461,2
61690,1263,1590,537,1
61691,1263,1590,550,1
61692,1263,1590,564,5
61693,1263,1590,597,2
61694,1263,1590,610,4
61695,1262,1589,15,2
61696,1262,1589,30,3
61697,1262,1589,34,4
61698,1262,1589,57,5
61699,1262,1589,99,3
61700,1262,1589,105,4
61701,1262,1589,119,3
61702,1262,1589,285,3
61703,1262,1589,311,3
61704,1262,1589,322,3
61705,1262,1589,327,4
61706,1262,1589,358,3
61707,1262,1589,384,2.5
61708,1262,1589,509,4
61709,1262,1589,547,3.5
61710,1262,1589,550,3
61711,1262,1589,574,4.5
61712,1262,1589,608,3
61713,1262,1589,647,4
61714,1261,1588,30,2
61715,1261,1588,119,2
61716,1261,1588,147,4
61717,1261,1588,150,1
61718,1261,1588,213,1.5
61719,1261,1588,311,4
61720,1261,1588,423,1
61721,1261,1588,460,4
61722,1261,1588,518,5
61723,1261,1588,530,3
61724,1261,1588,564,4
61725,1261,1588,577,4
61726,1261,1588,605,3
61727,1261,1588,623,3
61728,1261,1588,624,3
61729,1261,1588,646,4
61730,1261,1588,654,4
61731,1260,1587,57,3
61732,1260,1587,73,4
61733,1260,1587,119,3
61734,1260,1587,199,4
61735,1260,1587,202,4
61736,1260,1587,206,3
61737,1260,1587,232,5
61738,1260,1587,243,4
61739,1260,1587,285,4
61740,1260,1587,311,1
61741,1260,1587,346,4.5
61742,1260,1587,353,3.5
61743,1260,1587,384,3.5
61744,1260,1587,388,4
61745,1260,1587,423,3.5
61746,1260,1587,442,1
61747,1260,1587,461,2.5
61748,1260,1587,463,4
61749,1260,1587,471,4
61750,1260,1587,509,2
61751,1260,1587,518,4
61752,1260,1587,547,1
61753,1260,1587,564,4
61754,1260,1587,580,3.5
61755,1259,1586,78,3.5
61756,1259,1586,99,2
61757,1259,1586,105,2
61758,1259,1586,119,2
61759,1259,1586,128,5
61760,1259,1586,159,3
61761,1259,1586,195,1
61762,1259,1586,212,3
61763,1259,1586,213,2
61764,1259,1586,242,3
61765,1259,1586,285,3
61766,1259,1586,311,4
61767,1259,1586,350,2
61768,1259,1586,379,1
61769,1259,1586,380,1
61770,1259,1586,461,2
61771,1259,1586,468,1.5
61772,1259,1586,488,3
61773,1259,1586,518,4
61774,1259,1586,530,2
61775,1259,1586,534,3
61776,1259,1586,546,3
61777,1259,1586,627,4
61778,1259,1586,631,3
61779,1259,1586,637,4
61780,1259,1586,652,3.5
61781,1259,1586,654,4
61782,1258,1584,9,4
61783,1258,1584,15,4
61784,1258,1584,23,4
61785,1258,1584,27,4
61786,1258,1584,30,5
61787,1258,1584,73,3
61788,1258,1584,74,5
61789,1258,1584,75,4
61790,1258,1584,77,1.5
61791,1258,1584,78,5
61792,1258,1584,90,5
61793,1258,1584,102,2
61794,1258,1584,103,3.5
61795,1258,1584,111,3.5
61796,1258,1584,118,4
61797,1258,1584,119,3
61798,1258,1584,134,3.5
61799,1258,1584,138,3.5
61800,1258,1584,139,5
61801,1258,1584,148,3.5
61802,1258,1584,150,4
61803,1258,1584,166,4
61804,1258,1584,175,4
61805,1258,1584,177,5
61806,1258,1584,185,3
61807,1258,1584,199,3.5
61808,1258,1584,200,2
61809,1258,1584,211,5
61810,1258,1584,212,2.5
61811,1258,1584,213,2
61812,1258,1584,214,5
61813,1258,1584,218,3.5
61814,1258,1584,243,3.5
61815,1258,1584,247,4
61816,1258,1584,248,4
61817,1258,1584,261,5
61818,1258,1584,263,3.5
61819,1258,1584,269,1
61820,1258,1584,271,2.5
61821,1258,1584,294,3.5
61822,1258,1584,295,4.5
61823,1258,1584,306,4
61824,1258,1584,311,3
61825,1258,1584,312,4
61826,1258,1584,345,4.5
61827,1258,1584,355,4.5
61828,1258,1584,363,5
61829,1258,1584,370,5
61830,1258,1584,380,4
61831,1258,1584,381,2
61832,1258,1584,382,2
61833,1258,1584,388,4
61834,1258,1584,393,3.5
61835,1258,1584,401,5
61836,1258,1584,402,4.5
61837,1258,1584,408,4
61838,1258,1584,411,4
61839,1258,1584,423,4
61840,1258,1584,425,3
61841,1258,1584,430,1
61842,1258,1584,439,4
61843,1258,1584,452,3
61844,1258,1584,461,2
61845,1258,1584,463,4
61846,1258,1584,467,5
61847,1258,1584,468,3
61848,1258,1584,486,3
61849,1258,1584,502,5
61850,1258,1584,505,3
61851,1258,1584,509,4
61852,1258,1584,518,4
61853,1258,1584,529,4
61854,1258,1584,530,5
61855,1258,1584,533,3
61856,1258,1584,534,5
61857,1258,1584,537,5
61858,1258,1584,544,5
61859,1258,1584,547,4
61860,1258,1584,559,5
61861,1258,1584,562,4
61862,1258,1584,570,2
61863,1258,1584,575,2
61864,1258,1584,594,4
61865,1258,1584,596,3
61866,1258,1584,597,4
61867,1258,1584,607,2.5
61868,1258,1584,608,3
61869,1258,1584,631,4
61870,1258,1584,646,5
61871,1258,1584,654,3.5
61872,1258,1584,665,4
61873,1258,1584,670,4
61874,1257,1583,195,2
61875,1257,1583,564,1
61876,1256,1582,534,4
61877,1256,1582,564,3
61878,1255,1581,285,2
61879,1255,1581,306,2
61880,1255,1581,358,1
61881,1255,1581,509,1
61882,1255,1581,564,4
61883,1254,1580,3,3.5
61884,1254,1580,4,5
61885,1254,1580,15,4
61886,1254,1580,17,2.5
61887,1254,1580,20,5
61888,1254,1580,22,4
61889,1254,1580,23,3.5
61890,1254,1580,26,3.5
61891,1254,1580,30,4
61892,1254,1580,34,3
61893,1254,1580,41,4
61894,1254,1580,43,4
61895,1254,1580,48,3.5
61896,1254,1580,49,3
61897,1254,1580,53,3
61898,1254,1580,61,3.5
61899,1254,1580,66,3
61900,1254,1580,68,4
61901,1254,1580,73,3
61902,1254,1580,75,2.5
61903,1254,1580,77,3.5
61904,1254,1580,78,2.5
61905,1254,1580,79,3
61906,1254,1580,88,2.5
61907,1254,1580,90,4
61908,1254,1580,93,3.5
61909,1254,1580,94,3
61910,1254,1580,97,2.5
61911,1254,1580,99,3
61912,1254,1580,103,3
61913,1254,1580,105,4
61914,1254,1580,111,4
61915,1254,1580,118,4
61916,1254,1580,119,4
61917,1254,1580,120,4
61918,1254,1580,125,4
61919,1254,1580,128,4
61920,1254,1580,130,4
61921,1254,1580,134,4.5
61922,1254,1580,137,5
61923,1254,1580,139,3.5
61924,1254,1580,146,3.5
61925,1254,1580,148,4
61926,1254,1580,150,2.5
61927,1254,1580,152,4
61928,1254,1580,155,5
61929,1254,1580,157,3
61930,1254,1580,159,3.5
61931,1254,1580,164,3.5
61932,1254,1580,165,2.5
61933,1254,1580,173,4
61934,1254,1580,175,4
61935,1254,1580,176,2.5
61936,1254,1580,177,4
61937,1254,1580,178,4
61938,1254,1580,185,4
61939,1254,1580,187,4
61940,1254,1580,197,5
61941,1254,1580,199,4
61942,1254,1580,200,4
61943,1254,1580,211,3
61944,1254,1580,212,1.5
61945,1254,1580,213,4
61946,1254,1580,214,5
61947,1254,1580,219,4
61948,1254,1580,220,4
61949,1254,1580,228,5
61950,1254,1580,232,5
61951,1254,1580,234,4
61952,1254,1580,239,4
61953,1254,1580,240,4
61954,1254,1580,242,5
61955,1254,1580,243,3
61956,1254,1580,246,5
61957,1254,1580,247,4
61958,1254,1580,248,3
61959,1254,1580,251,5
61960,1254,1580,253,3.5
61961,1254,1580,262,2
61962,1254,1580,263,4
61963,1254,1580,268,4
61964,1254,1580,275,4
61965,1254,1580,282,2
61966,1254,1580,285,4
61967,1254,1580,287,5
61968,1254,1580,292,3.5
61969,1254,1580,294,4.5
61970,1254,1580,295,4.5
61971,1254,1580,303,3.5
61972,1254,1580,305,3
61973,1254,1580,306,4
61974,1254,1580,311,3
61975,1254,1580,312,2
61976,1254,1580,313,4
61977,1254,1580,321,3
61978,1254,1580,326,2
61979,1254,1580,328,4
61980,1254,1580,330,4
61981,1254,1580,342,4
61982,1254,1580,345,3
61983,1254,1580,346,3.5
61984,1254,1580,350,4
61985,1254,1580,351,5
61986,1254,1580,353,1
61987,1254,1580,355,4
61988,1254,1580,358,3
61989,1254,1580,365,4.5
61990,1254,1580,367,3
61991,1254,1580,370,3.5
61992,1254,1580,380,3
61993,1254,1580,381,4
61994,1254,1580,382,3
61995,1254,1580,384,4
61996,1254,1580,388,3
61997,1254,1580,393,1.5
61998,1254,1580,394,4
61999,1254,1580,401,5
62000,1254,1580,402,3.5
62001,1254,1580,404,4
62002,1254,1580,405,4.5
62003,1254,1580,412,3
62004,1254,1580,417,4
62005,1254,1580,418,4
62006,1254,1580,426,3
62007,1254,1580,428,4
62008,1254,1580,430,5
62009,1254,1580,435,5
62010,1254,1580,439,2
62011,1254,1580,442,4.5
62012,1254,1580,452,4
62013,1254,1580,453,5
62014,1254,1580,461,2
62015,1254,1580,462,4
62016,1254,1580,463,4
62017,1254,1580,466,3
62018,1254,1580,468,3
62019,1254,1580,471,3
62020,1254,1580,472,5
62021,1254,1580,475,3
62022,1254,1580,477,4
62023,1254,1580,479,4.5
62024,1254,1580,480,5
62025,1254,1580,481,4
62026,1254,1580,483,3
62027,1254,1580,491,3
62028,1254,1580,500,0.5
62029,1254,1580,501,4
62030,1254,1580,502,4
62031,1254,1580,505,3
62032,1254,1580,509,2
62033,1254,1580,518,5
62034,1254,1580,523,4
62035,1254,1580,525,5
62036,1254,1580,527,3
62037,1254,1580,530,5
62038,1254,1580,531,3
62039,1254,1580,533,3
62040,1254,1580,534,4
62041,1254,1580,547,2
62042,1254,1580,550,4
62043,1254,1580,559,5
62044,1254,1580,560,3
62045,1254,1580,561,3
62046,1254,1580,562,4
62047,1254,1580,564,4
62048,1254,1580,574,3.5
62049,1254,1580,575,1
62050,1254,1580,576,4
62051,1254,1580,580,2.5
62052,1254,1580,582,4
62053,1254,1580,584,4
62054,1254,1580,585,3
62055,1254,1580,592,4
62056,1254,1580,596,3
62057,1254,1580,597,5
62058,1254,1580,598,3
62059,1254,1580,603,5
62060,1254,1580,607,4.5
62061,1254,1580,615,3.5
62062,1254,1580,617,4
62063,1254,1580,621,5
62064,1254,1580,623,3.5
62065,1254,1580,624,4
62066,1254,1580,627,3
62067,1254,1580,646,5
62068,1254,1580,648,1.5
62069,1254,1580,653,5
62070,1254,1580,654,4.5
62071,1254,1580,664,4
62072,1254,1580,665,4
62073,1253,1575,330,5
62074,1252,1573,15,4
62075,1252,1573,42,3
62076,1252,1573,63,4
62077,1252,1573,66,3
62078,1252,1573,73,3.5
62079,1252,1573,88,3
62080,1252,1573,91,4
62081,1252,1573,104,3.5
62082,1252,1573,105,3.5
62083,1252,1573,116,5
62084,1252,1573,118,4
62085,1252,1573,119,2
62086,1252,1573,120,3.5
62087,1252,1573,128,5
62088,1252,1573,134,3.5
62089,1252,1573,150,4
62090,1252,1573,155,2
62091,1252,1573,157,2.5
62092,1252,1573,165,3.5
62093,1252,1573,177,4
62094,1252,1573,212,3
62095,1252,1573,213,1
62096,1252,1573,219,5
62097,1252,1573,242,4
62098,1252,1573,247,4
62099,1252,1573,253,2.5
62100,1252,1573,268,4.5
62101,1252,1573,277,5
62102,1252,1573,282,3
62103,1252,1573,285,4
62104,1252,1573,312,3
62105,1252,1573,313,3.5
62106,1252,1573,315,5
62107,1252,1573,339,4.5
62108,1252,1573,342,2
62109,1252,1573,346,2
62110,1252,1573,363,4
62111,1252,1573,380,3
62112,1252,1573,384,4.5
62113,1252,1573,388,4
62114,1252,1573,407,3
62115,1252,1573,408,4
62116,1252,1573,423,3.5
62117,1252,1573,424,3.5
62118,1252,1573,426,4.5
62119,1252,1573,433,3.5
62120,1252,1573,434,5
62121,1252,1573,442,0.5
62122,1252,1573,452,3
62123,1252,1573,453,3
62124,1252,1573,457,0.5
62125,1252,1573,461,3
62126,1252,1573,463,2
62127,1252,1573,480,4.5
62128,1252,1573,483,2
62129,1252,1573,486,4
62130,1252,1573,502,5
62131,1252,1573,518,4
62132,1252,1573,520,1.5
62133,1252,1573,523,4
62134,1252,1573,525,5
62135,1252,1573,530,5
62136,1252,1573,533,2
62137,1252,1573,534,4
62138,1252,1573,547,1
62139,1252,1573,550,4
62140,1252,1573,559,4
62141,1252,1573,560,4.5
62142,1252,1573,561,4
62143,1252,1573,562,3.5
62144,1252,1573,564,4
62145,1252,1573,574,3.5
62146,1252,1573,580,2.5
62147,1252,1573,584,3.5
62148,1252,1573,596,3.5
62149,1252,1573,603,4
62150,1252,1573,605,3
62151,1252,1573,607,3.5
62152,1252,1573,624,3
62153,1252,1573,627,1
62154,1252,1573,652,3.5
62155,1252,1573,654,4.5
62156,1252,1573,664,4
62157,1251,1572,156,4.5
62158,1251,1572,545,5
62159,1251,1572,564,3
62160,1250,1571,609,1
62161,1249,1570,17,2.5
62162,1248,1569,15,3.5
62163,1248,1569,29,2
62164,1248,1569,43,5
62165,1248,1569,90,4
62166,1248,1569,98,5
62167,1248,1569,119,2
62168,1248,1569,128,4
62169,1248,1569,146,1.5
62170,1248,1569,160,3
62171,1248,1569,173,5
62172,1248,1569,208,5
62173,1248,1569,212,3
62174,1248,1569,232,4
62175,1248,1569,235,4
62176,1248,1569,264,5
62177,1248,1569,283,2.5
62178,1248,1569,292,3.5
62179,1248,1569,294,4.5
62180,1248,1569,306,3
62181,1248,1569,311,3.5
62182,1248,1569,312,4
62183,1248,1569,325,4
62184,1248,1569,358,4
62185,1248,1569,372,4
62186,1248,1569,382,2.5
62187,1248,1569,384,3
62188,1248,1569,408,4
62189,1248,1569,412,4
62190,1248,1569,434,2
62191,1248,1569,452,2
62192,1248,1569,461,1.5
62193,1248,1569,463,4
62194,1248,1569,468,1.5
62195,1248,1569,470,2
62196,1248,1569,472,3
62197,1248,1569,480,3.5
62198,1248,1569,493,4
62199,1248,1569,498,3.5
62200,1248,1569,500,3
62201,1248,1569,502,4
62202,1248,1569,509,1
62203,1248,1569,518,2
62204,1248,1569,523,3.5
62205,1248,1569,529,3
62206,1248,1569,530,4
62207,1248,1569,534,2
62208,1248,1569,547,3.5
62209,1248,1569,559,3
62210,1248,1569,564,5
62211,1248,1569,575,2
62212,1248,1569,580,2
62213,1248,1569,665,4
62214,1247,1566,30,4
62215,1247,1566,73,4
62216,1247,1566,128,5
62217,1247,1566,130,2.5
62218,1247,1566,176,3.5
62219,1247,1566,185,3
62220,1247,1566,212,3
62221,1247,1566,213,4
62222,1247,1566,239,4
62223,1247,1566,246,4
62224,1247,1566,294,3
62225,1247,1566,312,2
62226,1247,1566,358,4
62227,1247,1566,363,4
62228,1247,1566,392,2
62229,1247,1566,402,3
62230,1247,1566,418,3
62231,1247,1566,435,3
62232,1247,1566,453,4
62233,1247,1566,466,3
62234,1247,1566,468,2.5
62235,1247,1566,471,3.5
62236,1247,1566,472,2
62237,1247,1566,515,3.5
62238,1247,1566,518,5
62239,1247,1566,530,5
62240,1247,1566,560,4
62241,1247,1566,564,3
62242,1247,1566,595,4
62243,1247,1566,603,5
62244,1247,1566,646,3
62245,1247,1566,654,3.5
62246,1246,1564,119,5
62247,1246,1564,367,4
62248,1245,1563,609,5
62249,1244,1562,15,1.5
62250,1244,1562,23,1
62251,1244,1562,30,3
62252,1244,1562,73,0.5
62253,1244,1562,74,4
62254,1244,1562,103,1.5
62255,1244,1562,119,1
62256,1244,1562,130,2.5
62257,1244,1562,165,0.5
62258,1244,1562,173,3
62259,1244,1562,175,2
62260,1244,1562,212,2.5
62261,1244,1562,213,1
62262,1244,1562,232,5
62263,1244,1562,247,3
62264,1244,1562,276,1
62265,1244,1562,285,1
62266,1244,1562,294,2.5
62267,1244,1562,297,0.5
62268,1244,1562,300,3.5
62269,1244,1562,325,1
62270,1244,1562,353,1
62271,1244,1562,358,1
62272,1244,1562,360,2
62273,1244,1562,384,3
62274,1244,1562,388,1
62275,1244,1562,390,3
62276,1244,1562,412,1
62277,1244,1562,418,1.5
62278,1244,1562,453,4
62279,1244,1562,461,0.5
62280,1244,1562,468,1.5
62281,1244,1562,475,1
62282,1244,1562,502,3
62283,1244,1562,509,2
62284,1244,1562,518,3
62285,1244,1562,543,4
62286,1244,1562,561,2.5
62287,1244,1562,564,3
62288,1244,1562,574,3
62289,1244,1562,580,1.5
62290,1244,1562,603,3
62291,1244,1562,605,2
62292,1244,1562,606,3.5
62293,1244,1562,624,1.5
62294,1244,1562,652,4
62295,1244,1562,654,3
62296,1243,1556,15,2.5
62297,1243,1556,23,0.5
62298,1243,1556,119,1
62299,1243,1556,147,2
62300,1243,1556,203,2.5
62301,1243,1556,213,1.5
62302,1243,1556,247,3
62303,1243,1556,306,2
62304,1243,1556,311,1.5
62305,1243,1556,358,1
62306,1243,1556,367,1.5
62307,1243,1556,405,1
62308,1243,1556,452,1
62309,1243,1556,461,0.5
62310,1243,1556,468,1
62311,1243,1556,522,1.5
62312,1243,1556,530,2
62313,1243,1556,554,1
62314,1243,1556,574,2.5
62315,1243,1556,610,2.5
62316,1243,1556,614,1
62317,1243,1556,624,1
62318,1243,1556,626,4
62319,1242,1555,575,4
62320,1241,1554,90,4
62321,1241,1554,102,4
62322,1241,1554,119,2
62323,1241,1554,220,1
62324,1241,1554,470,4
62325,1241,1554,564,5
62326,1240,1552,8,3
62327,1240,1552,15,1.5
62328,1240,1552,23,3
62329,1240,1552,30,4
62330,1240,1552,41,3.5
62331,1240,1552,73,2.5
62332,1240,1552,77,3.5
62333,1240,1552,78,4
62334,1240,1552,90,4
62335,1240,1552,94,2.5
62336,1240,1552,103,2
62337,1240,1552,105,3
62338,1240,1552,119,3
62339,1240,1552,120,3
62340,1240,1552,128,5
62341,1240,1552,150,3.5
62342,1240,1552,165,2.5
62343,1240,1552,173,4
62344,1240,1552,177,5
62345,1240,1552,181,3
62346,1240,1552,195,2
62347,1240,1552,213,4.5
62348,1240,1552,232,3
62349,1240,1552,242,4
62350,1240,1552,246,4
62351,1240,1552,253,3.5
62352,1240,1552,268,3.5
62353,1240,1552,271,2.5
62354,1240,1552,285,3
62355,1240,1552,294,4
62356,1240,1552,306,2
62357,1240,1552,311,3
62358,1240,1552,343,4
62359,1240,1552,384,4
62360,1240,1552,388,2
62361,1240,1552,405,3
62362,1240,1552,408,5
62363,1240,1552,414,1
62364,1240,1552,441,2.5
62365,1240,1552,442,4.5
62366,1240,1552,452,4
62367,1240,1552,457,0.5
62368,1240,1552,461,2.5
62369,1240,1552,468,2
62370,1240,1552,480,5
62371,1240,1552,502,3
62372,1240,1552,518,4
62373,1240,1552,523,4
62374,1240,1552,525,5
62375,1240,1552,534,4
62376,1240,1552,550,3
62377,1240,1552,561,3.5
62378,1240,1552,564,4
62379,1240,1552,592,5
62380,1240,1552,596,3.5
62381,1240,1552,607,3.5
62382,1240,1552,624,0.5
62383,1240,1552,627,1
62384,1240,1552,654,4
62385,1239,1550,564,3
62386,1238,1549,564,2
62387,1237,1546,15,4
62388,1237,1546,564,1
62389,1236,1545,41,4.5
62390,1236,1545,452,4
62391,1235,1544,4,3
62392,1235,1544,5,3.5
62393,1235,1544,15,1
62394,1235,1544,22,3
62395,1235,1544,23,2
62396,1235,1544,43,2
62397,1235,1544,48,3.5
62398,1235,1544,73,3
62399,1235,1544,105,3
62400,1235,1544,111,1.5
62401,1235,1544,119,2
62402,1235,1544,128,3
62403,1235,1544,130,2.5
62404,1235,1544,141,3
62405,1235,1544,148,3.5
62406,1235,1544,150,3
62407,1235,1544,157,3
62408,1235,1544,165,3
62409,1235,1544,177,4
62410,1235,1544,185,2
62411,1235,1544,199,3
62412,1235,1544,200,3
62413,1235,1544,212,3
62414,1235,1544,213,4
62415,1235,1544,232,4
62416,1235,1544,242,5
62417,1235,1544,244,3.5
62418,1235,1544,246,4
62419,1235,1544,247,3
62420,1235,1544,268,3
62421,1235,1544,271,2.5
62422,1235,1544,290,5
62423,1235,1544,294,3
62424,1235,1544,305,2
62425,1235,1544,306,2
62426,1235,1544,311,3.5
62427,1235,1544,312,3
62428,1235,1544,313,3.5
62429,1235,1544,363,2
62430,1235,1544,380,3
62431,1235,1544,384,3
62432,1235,1544,390,5
62433,1235,1544,412,2
62434,1235,1544,439,2
62435,1235,1544,461,1
62436,1235,1544,463,2
62437,1235,1544,466,3
62438,1235,1544,468,2.5
62439,1235,1544,471,3
62440,1235,1544,498,4
62441,1235,1544,502,3
62442,1235,1544,518,4
62443,1235,1544,520,1.5
62444,1235,1544,530,2
62445,1235,1544,532,3
62446,1235,1544,559,3
62447,1235,1544,560,4
62448,1235,1544,564,2
62449,1235,1544,570,3
62450,1235,1544,580,2.5
62451,1235,1544,585,2
62452,1235,1544,603,3
62453,1235,1544,614,1
62454,1235,1544,624,2
62455,1235,1544,625,4
62456,1235,1544,646,3
62457,1235,1544,654,3.5
62458,1234,1543,564,5
62459,1233,1542,173,5
62460,1233,1542,220,4
62461,1233,1542,242,4
62462,1233,1542,367,4
62463,1233,1542,605,2
62464,1232,1541,9,2
62465,1232,1541,111,3.5
62466,1232,1541,128,3
62467,1232,1541,232,4
62468,1232,1541,286,2
62469,1232,1541,306,3
62470,1232,1541,311,0.5
62471,1232,1541,358,2
62472,1232,1541,452,2
62473,1232,1541,493,4
62474,1232,1541,502,5
62475,1232,1541,518,4
62476,1232,1541,564,4
62477,1232,1541,580,2
62478,1232,1541,605,2
62479,1232,1541,665,3
62480,1231,1539,609,1
62481,1230,1537,137,3
62482,1230,1537,175,4
62483,1230,1537,306,4
62484,1230,1537,342,5
62485,1230,1537,372,4
62486,1230,1537,373,4
62487,1230,1537,408,5
62488,1230,1537,461,3.5
62489,1230,1537,467,4
62490,1230,1537,472,5
62491,1230,1537,522,3
62492,1230,1537,565,4
62493,1230,1537,576,5
62494,1230,1537,585,4
62495,1230,1537,587,5
62496,1230,1537,595,4
62497,1230,1537,608,4
62498,1230,1537,609,1
62499,1229,1535,102,4
62500,1229,1535,306,4
62501,1229,1535,452,3
62502,1229,1535,529,4
62503,1229,1535,564,4
62504,1228,1532,165,2.5
62505,1227,1531,564,5
62506,1226,1529,15,3
62507,1226,1529,299,4.5
62508,1226,1529,564,4
62509,1225,1527,15,1
62510,1225,1527,22,4.5
62511,1225,1527,23,3.5
62512,1225,1527,26,4
62513,1225,1527,34,3
62514,1225,1527,41,4
62515,1225,1527,42,4
62516,1225,1527,48,3.5
62517,1225,1527,73,3.5
62518,1225,1527,77,4
62519,1225,1527,78,4
62520,1225,1527,88,4
62521,1225,1527,90,4
62522,1225,1527,97,3.5
62523,1225,1527,98,5
62524,1225,1527,103,4
62525,1225,1527,105,3.5
62526,1225,1527,111,3
62527,1225,1527,118,2
62528,1225,1527,119,4
62529,1225,1527,130,4
62530,1225,1527,133,0.5
62531,1225,1527,134,4.5
62532,1225,1527,149,4
62533,1225,1527,150,4
62534,1225,1527,152,3.5
62535,1225,1527,155,3
62536,1225,1527,157,3.5
62537,1225,1527,165,4
62538,1225,1527,170,2
62539,1225,1527,175,4
62540,1225,1527,176,4
62541,1225,1527,177,5
62542,1225,1527,185,5
62543,1225,1527,197,5
62544,1225,1527,199,4
62545,1225,1527,200,2.5
62546,1225,1527,201,5
62547,1225,1527,205,4
62548,1225,1527,211,4
62549,1225,1527,213,4
62550,1225,1527,228,5
62551,1225,1527,232,4
62552,1225,1527,234,4.5
62553,1225,1527,243,4
62554,1225,1527,247,4
62555,1225,1527,253,3
62556,1225,1527,263,3
62557,1225,1527,268,3
62558,1225,1527,277,5
62559,1225,1527,285,4
62560,1225,1527,291,5
62561,1225,1527,292,4
62562,1225,1527,294,4.5
62563,1225,1527,295,3.5
62564,1225,1527,300,4
62565,1225,1527,303,3.5
62566,1225,1527,311,3
62567,1225,1527,312,1
62568,1225,1527,328,3.5
62569,1225,1527,333,4.5
62570,1225,1527,339,4
62571,1225,1527,346,2
62572,1225,1527,353,3.5
62573,1225,1527,355,4.5
62574,1225,1527,363,4
62575,1225,1527,380,4
62576,1225,1527,384,3
62577,1225,1527,390,3
62578,1225,1527,393,3.5
62579,1225,1527,394,4
62580,1225,1527,395,1
62581,1225,1527,402,3.5
62582,1225,1527,408,5
62583,1225,1527,412,2
62584,1225,1527,417,2
62585,1225,1527,418,3.5
62586,1225,1527,430,5
62587,1225,1527,434,1
62588,1225,1527,439,3
62589,1225,1527,450,3
62590,1225,1527,453,5
62591,1225,1527,458,3.5
62592,1225,1527,461,2
62593,1225,1527,468,2.5
62594,1225,1527,473,5
62595,1225,1527,477,5
62596,1225,1527,478,5
62597,1225,1527,480,3.5
62598,1225,1527,481,4
62599,1225,1527,483,3
62600,1225,1527,502,5
62601,1225,1527,509,3
62602,1225,1527,523,3.5
62603,1225,1527,528,4
62604,1225,1527,533,4
62605,1225,1527,534,3
62606,1225,1527,546,4
62607,1225,1527,559,3
62608,1225,1527,561,3
62609,1225,1527,563,4
62610,1225,1527,564,5
62611,1225,1527,574,2.5
62612,1225,1527,577,5
62613,1225,1527,580,3.5
62614,1225,1527,584,3.5
62615,1225,1527,596,3
62616,1225,1527,597,4
62617,1225,1527,603,3
62618,1225,1527,607,5
62619,1225,1527,615,4.5
62620,1225,1527,624,3
62621,1225,1527,627,3
62622,1225,1527,646,5
62623,1225,1527,652,5
62624,1225,1527,654,4
62625,1225,1527,655,4
62626,1225,1527,664,4
62627,1224,1526,358,1
62628,1224,1526,388,2
62629,1224,1526,452,1
62630,1224,1526,518,3
62631,1224,1526,564,3
62632,1224,1526,603,3
62633,1223,1525,214,2
62634,1223,1525,518,1
62635,1222,1523,30,4
62636,1222,1523,647,4
62637,1221,1518,119,3
62638,1221,1518,128,4
62639,1221,1518,150,3.5
62640,1221,1518,177,3
62641,1221,1518,242,3
62642,1221,1518,306,2
62643,1221,1518,313,4
62644,1221,1518,367,3.5
62645,1221,1518,380,1
62646,1221,1518,388,4
62647,1221,1518,534,3
62648,1221,1518,559,4
62649,1221,1518,564,4
62650,1220,1517,15,3
62651,1220,1517,17,3
62652,1220,1517,30,3
62653,1220,1517,43,1
62654,1220,1517,58,1
62655,1220,1517,63,4
62656,1220,1517,73,3.5
62657,1220,1517,75,3
62658,1220,1517,77,4
62659,1220,1517,78,3
62660,1220,1517,79,0.5
62661,1220,1517,88,0.5
62662,1220,1517,102,4
62663,1220,1517,111,4
62664,1220,1517,119,2
62665,1220,1517,120,3
62666,1220,1517,134,4
62667,1220,1517,139,4.5
62668,1220,1517,148,4.5
62669,1220,1517,149,4
62670,1220,1517,150,3
62671,1220,1517,152,1.5
62672,1220,1517,157,3.5
62673,1220,1517,164,4
62674,1220,1517,165,2.5
62675,1220,1517,173,4
62676,1220,1517,176,1.5
62677,1220,1517,187,3.5
62678,1220,1517,193,5
62679,1220,1517,195,4
62680,1220,1517,202,4
62681,1220,1517,212,1.5
62682,1220,1517,213,1
62683,1220,1517,217,5
62684,1220,1517,220,4
62685,1220,1517,228,5
62686,1220,1517,234,4
62687,1220,1517,240,3
62688,1220,1517,243,3
62689,1220,1517,247,5
62690,1220,1517,250,4
62691,1220,1517,261,2
62692,1220,1517,262,3
62693,1220,1517,268,3.5
62694,1220,1517,271,4
62695,1220,1517,285,4
62696,1220,1517,286,3
62697,1220,1517,294,4
62698,1220,1517,295,4
62699,1220,1517,303,2
62700,1220,1517,306,4
62701,1220,1517,312,2
62702,1220,1517,324,3.5
62703,1220,1517,345,4
62704,1220,1517,346,3
62705,1220,1517,353,3.5
62706,1220,1517,355,4
62707,1220,1517,358,4
62708,1220,1517,365,4
62709,1220,1517,370,4.5
62710,1220,1517,380,5
62711,1220,1517,382,1
62712,1220,1517,388,4
62713,1220,1517,394,3.5
62714,1220,1517,408,1
62715,1220,1517,422,4
62716,1220,1517,425,4.5
62717,1220,1517,430,3.5
62718,1220,1517,431,2
62719,1220,1517,432,4.5
62720,1220,1517,442,4.5
62721,1220,1517,452,3
62722,1220,1517,457,3
62723,1220,1517,460,3
62724,1220,1517,461,3
62725,1220,1517,462,5
62726,1220,1517,468,2
62727,1220,1517,472,5
62728,1220,1517,480,4.5
62729,1220,1517,500,3
62730,1220,1517,502,5
62731,1220,1517,509,3
62732,1220,1517,518,4
62733,1220,1517,519,4
62734,1220,1517,527,2.5
62735,1220,1517,528,2.5
62736,1220,1517,534,4
62737,1220,1517,547,1.5
62738,1220,1517,557,3.5
62739,1220,1517,559,2
62740,1220,1517,561,4
62741,1220,1517,562,5
62742,1220,1517,564,2
62743,1220,1517,571,2.5
62744,1220,1517,574,2
62745,1220,1517,580,3.5
62746,1220,1517,592,4
62747,1220,1517,596,3.5
62748,1220,1517,598,4
62749,1220,1517,603,5
62750,1220,1517,605,4
62751,1220,1517,607,3.5
62752,1220,1517,615,4
62753,1220,1517,624,4
62754,1220,1517,646,3
62755,1220,1517,653,5
62756,1220,1517,654,4
62757,1219,1516,102,4
62758,1219,1516,509,3
62759,1219,1516,558,4
62760,1219,1516,564,5
62761,1218,1515,23,3
62762,1218,1515,46,5
62763,1218,1515,73,3
62764,1218,1515,90,3
62765,1218,1515,150,2
62766,1218,1515,177,4
62767,1218,1515,213,2.5
62768,1218,1515,306,3
62769,1218,1515,311,2
62770,1218,1515,380,1
62771,1218,1515,390,5
62772,1218,1515,468,2
62773,1218,1515,518,4
62774,1218,1515,534,4
62775,1218,1515,550,3
62776,1218,1515,560,4.5
62777,1218,1515,564,3
62778,1218,1515,624,2
62779,1218,1515,627,1
62780,1218,1515,631,2
62781,1217,1513,15,2
62782,1217,1513,43,4
62783,1217,1513,63,1
62784,1217,1513,69,3.5
62785,1217,1513,78,4
62786,1217,1513,90,2
62787,1217,1513,95,4
62788,1217,1513,128,4
62789,1217,1513,140,2
62790,1217,1513,171,4
62791,1217,1513,187,4
62792,1217,1513,189,2
62793,1217,1513,190,4
62794,1217,1513,213,1
62795,1217,1513,219,2
62796,1217,1513,232,5
62797,1217,1513,235,3.5
62798,1217,1513,239,2
62799,1217,1513,268,3
62800,1217,1513,285,3
62801,1217,1513,292,2.5
62802,1217,1513,294,4
62803,1217,1513,303,3.5
62804,1217,1513,306,4
62805,1217,1513,311,3
62806,1217,1513,312,4
62807,1217,1513,358,4
62808,1217,1513,380,3
62809,1217,1513,390,3
62810,1217,1513,412,4
62811,1217,1513,467,2
62812,1217,1513,469,4
62813,1217,1513,489,3
62814,1217,1513,518,4
62815,1217,1513,527,1.5
62816,1217,1513,543,5
62817,1217,1513,564,5
62818,1217,1513,580,3
62819,1217,1513,598,2
62820,1217,1513,626,5
62821,1217,1513,644,3
62822,1217,1513,651,4
62823,1217,1513,656,5
62824,1217,1513,665,2
62825,1217,1513,669,3
62826,1216,1508,30,4
62827,1216,1508,119,4
62828,1216,1508,564,2
62829,1215,1507,414,3
62830,1215,1507,452,3
62831,1214,1504,407,5
62832,1214,1504,564,4
62833,1213,1503,15,1
62834,1213,1503,105,3
62835,1213,1503,119,4
62836,1213,1503,509,3
62837,1213,1503,558,3
62838,1213,1503,564,2
62839,1212,1502,15,1.5
62840,1212,1502,187,2
62841,1211,1501,509,3
62842,1210,1500,8,4
62843,1210,1500,15,3
62844,1210,1500,23,4.5
62845,1210,1500,61,4.5
62846,1210,1500,73,4
62847,1210,1500,83,5
62848,1210,1500,88,4
62849,1210,1500,90,5
62850,1210,1500,105,4
62851,1210,1500,115,3
62852,1210,1500,130,4
62853,1210,1500,150,2
62854,1210,1500,152,3.5
62855,1210,1500,160,4
62856,1210,1500,165,4
62857,1210,1500,171,4
62858,1210,1500,185,4
62859,1210,1500,212,3.5
62860,1210,1500,213,4
62861,1210,1500,216,4.5
62862,1210,1500,217,4.5
62863,1210,1500,232,5
62864,1210,1500,239,5
62865,1210,1500,240,4
62866,1210,1500,242,4
62867,1210,1500,268,3
62868,1210,1500,274,3
62869,1210,1500,285,5
62870,1210,1500,292,4
62871,1210,1500,306,3
62872,1210,1500,311,3
62873,1210,1500,312,3
62874,1210,1500,321,4
62875,1210,1500,358,4
62876,1210,1500,380,4
62877,1210,1500,388,3
62878,1210,1500,407,4
62879,1210,1500,408,5
62880,1210,1500,411,3
62881,1210,1500,442,5
62882,1210,1500,452,5
62883,1210,1500,460,5
62884,1210,1500,461,5
62885,1210,1500,462,3
62886,1210,1500,463,4
62887,1210,1500,472,4
62888,1210,1500,502,4
62889,1210,1500,509,4
62890,1210,1500,518,4
62891,1210,1500,528,5
62892,1210,1500,544,4.5
62893,1210,1500,547,3.5
62894,1210,1500,559,4
62895,1210,1500,562,4
62896,1210,1500,564,5
62897,1210,1500,575,5
62898,1210,1500,580,3
62899,1210,1500,595,2
62900,1210,1500,598,3.5
62901,1210,1500,605,2
62902,1210,1500,607,4.5
62903,1210,1500,608,4
62904,1210,1500,647,5
62905,1210,1500,654,4
62906,1209,1499,10,3
62907,1209,1499,23,1.5
62908,1209,1499,48,2.5
62909,1209,1499,58,1
62910,1209,1499,73,2
62911,1209,1499,105,2
62912,1209,1499,119,2
62913,1209,1499,128,2
62914,1209,1499,142,2
62915,1209,1499,177,1
62916,1209,1499,213,3
62917,1209,1499,247,2
62918,1209,1499,285,1
62919,1209,1499,286,3
62920,1209,1499,304,0.5
62921,1209,1499,305,1
62922,1209,1499,306,1
62923,1209,1499,318,5
62924,1209,1499,381,1
62925,1209,1499,384,1
62926,1209,1499,390,2
62927,1209,1499,452,1
62928,1209,1499,468,1.5
62929,1209,1499,480,3.5
62930,1209,1499,509,2
62931,1209,1499,534,5
62932,1209,1499,550,2
62933,1209,1499,564,2
62934,1208,1498,153,5
62935,1208,1498,306,3
62936,1208,1498,407,3
62937,1208,1498,493,3
62938,1208,1498,547,2
62939,1208,1498,564,3
62940,1208,1498,605,2
62941,1207,1497,384,3.5
62942,1207,1497,502,2
62943,1207,1497,652,3
62944,1206,1495,239,1
62945,1206,1495,564,1
62946,1205,1493,564,4
62947,1204,1490,165,0.5
62948,1204,1490,668,1
62949,1203,1489,294,4
62950,1203,1489,472,2
62951,1203,1489,518,3
62952,1203,1489,530,5
62953,1202,1488,30,4
62954,1202,1488,128,4
62955,1202,1488,177,2
62956,1202,1488,311,3
62957,1202,1488,381,3
62958,1202,1488,384,3
62959,1202,1488,434,2
62960,1202,1488,452,3
62961,1202,1488,463,3
62962,1202,1488,509,3
62963,1202,1488,518,4
62964,1202,1488,533,2
62965,1202,1488,534,4
62966,1202,1488,564,2
62967,1202,1488,631,3
62968,1201,1487,128,5
62969,1201,1487,175,3
62970,1201,1487,258,2
62971,1201,1487,358,4
62972,1201,1487,518,3
62973,1201,1487,547,2.5
62974,1201,1487,564,3
62975,1201,1487,665,3
62976,1200,1485,5,4.5
62977,1200,1485,15,3
62978,1200,1485,30,4
62979,1200,1485,48,3.5
62980,1200,1485,60,2.5
62981,1200,1485,73,3.5
62982,1200,1485,88,0.5
62983,1200,1485,119,2
62984,1200,1485,125,5
62985,1200,1485,130,1
62986,1200,1485,150,3.5
62987,1200,1485,160,3
62988,1200,1485,165,4
62989,1200,1485,173,3
62990,1200,1485,176,3
62991,1200,1485,187,3.5
62992,1200,1485,212,2
62993,1200,1485,213,1
62994,1200,1485,216,4
62995,1200,1485,221,4
62996,1200,1485,232,4
62997,1200,1485,239,3
62998,1200,1485,243,3
62999,1200,1485,251,4
63000,1200,1485,253,3
63001,1200,1485,268,4
63002,1200,1485,285,3
63003,1200,1485,291,2.5
63004,1200,1485,292,2.5
63005,1200,1485,294,4
63006,1200,1485,295,4
63007,1200,1485,306,4
63008,1200,1485,313,4
63009,1200,1485,328,1.5
63010,1200,1485,343,4
63011,1200,1485,358,4
63012,1200,1485,381,3
63013,1200,1485,384,3
63014,1200,1485,388,4
63015,1200,1485,412,3
63016,1200,1485,431,3
63017,1200,1485,432,3.5
63018,1200,1485,433,3
63019,1200,1485,442,4.5
63020,1200,1485,457,2
63021,1200,1485,461,3
63022,1200,1485,468,2
63023,1200,1485,480,4.5
63024,1200,1485,500,2.5
63025,1200,1485,518,4
63026,1200,1485,522,2
63027,1200,1485,530,2
63028,1200,1485,534,4
63029,1200,1485,543,5
63030,1200,1485,559,4
63031,1200,1485,564,2
63032,1200,1485,573,3
63033,1200,1485,577,4
63034,1200,1485,580,3.5
63035,1200,1485,596,3.5
63036,1200,1485,598,4
63037,1200,1485,605,3
63038,1200,1485,607,2.5
63039,1200,1485,612,3
63040,1200,1485,617,4
63041,1200,1485,624,2.5
63042,1200,1485,627,1
63043,1200,1485,631,3
63044,1200,1485,635,2
63045,1200,1485,654,4.5
63046,1200,1485,665,4
63047,1199,1484,15,3
63048,1199,1484,451,5
63049,1199,1484,547,3.5
63050,1198,1483,15,3
63051,1198,1483,25,3
63052,1198,1483,262,4
63053,1198,1483,269,2
63054,1198,1483,299,4.5
63055,1198,1483,452,2
63056,1198,1483,457,3
63057,1198,1483,492,3
63058,1198,1483,564,5
63059,1197,1482,509,3
63060,1197,1482,564,3
63061,1196,1480,105,3.5
63062,1196,1480,242,4
63063,1196,1480,452,3
63064,1196,1480,550,4
63065,1196,1480,564,5
63066,1196,1480,575,2
63067,1195,1479,15,1.5
63068,1195,1479,73,2.5
63069,1195,1479,90,3
63070,1195,1479,128,4
63071,1195,1479,175,3
63072,1195,1479,177,5
63073,1195,1479,211,4
63074,1195,1479,213,3
63075,1195,1479,215,4
63076,1195,1479,235,4
63077,1195,1479,242,5
63078,1195,1479,247,4
63079,1195,1479,253,2
63080,1195,1479,280,4
63081,1195,1479,285,4
63082,1195,1479,311,2.5
63083,1195,1479,318,4
63084,1195,1479,327,4
63085,1195,1479,358,1
63086,1195,1479,384,3
63087,1195,1479,461,1
63088,1195,1479,463,2
63089,1195,1479,468,2.5
63090,1195,1479,469,2
63091,1195,1479,509,2
63092,1195,1479,518,3
63093,1195,1479,534,4
63094,1195,1479,537,2
63095,1195,1479,559,4
63096,1195,1479,564,3
63097,1195,1479,575,2
63098,1195,1479,596,3.5
63099,1195,1479,607,4
63100,1195,1479,624,3
63101,1195,1479,631,2
63102,1194,1476,15,3
63103,1194,1476,43,4
63104,1194,1476,57,4
63105,1194,1476,83,5
63106,1194,1476,120,2.5
63107,1194,1476,152,2
63108,1194,1476,239,4
63109,1194,1476,247,4
63110,1194,1476,285,4
63111,1194,1476,306,4
63112,1194,1476,380,4
63113,1194,1476,388,4
63114,1194,1476,452,2
63115,1194,1476,461,3
63116,1194,1476,462,3
63117,1194,1476,472,3
63118,1194,1476,502,4
63119,1194,1476,547,3
63120,1194,1476,564,4
63121,1194,1476,580,3.5
63122,1194,1476,617,3
63123,1194,1476,624,5
63124,1194,1476,640,3
63125,1193,1475,532,3.5
63126,1193,1475,547,4.5
63127,1193,1475,564,4
63128,1192,1474,63,1
63129,1192,1474,311,1
63130,1192,1474,380,2
63131,1192,1474,518,2
63132,1192,1474,564,2
63133,1192,1474,605,2
63134,1191,1473,518,3
63135,1191,1473,608,1
63136,1190,1472,90,4
63137,1189,1468,239,3
63138,1189,1468,388,2
63139,1189,1468,665,2
63140,1188,1466,15,4
63141,1188,1466,17,4.5
63142,1188,1466,30,5
63143,1188,1466,56,4
63144,1188,1466,73,4
63145,1188,1466,102,4
63146,1188,1466,105,4
63147,1188,1466,130,3.5
63148,1188,1466,171,4
63149,1188,1466,212,3.5
63150,1188,1466,258,4
63151,1188,1466,267,3.5
63152,1188,1466,311,4
63153,1188,1466,312,3
63154,1188,1466,330,3
63155,1188,1466,358,4
63156,1188,1466,384,3
63157,1188,1466,388,5
63158,1188,1466,414,3
63159,1188,1466,424,3.5
63160,1188,1466,426,4
63161,1188,1466,431,5
63162,1188,1466,434,5
63163,1188,1466,452,3
63164,1188,1466,457,4
63165,1188,1466,472,3
63166,1188,1466,474,4
63167,1188,1466,502,4
63168,1188,1466,509,4
63169,1188,1466,522,2.5
63170,1188,1466,547,4.5
63171,1188,1466,564,4
63172,1188,1466,596,4
63173,1188,1466,605,3
63174,1188,1466,607,4
63175,1188,1466,608,4
63176,1188,1466,647,5
63177,1188,1466,648,3.5
63178,1188,1466,664,4.5
63179,1187,1465,564,4
63180,1186,1464,15,4
63181,1186,1464,17,5
63182,1186,1464,23,2
63183,1186,1464,34,1
63184,1186,1464,73,3.5
63185,1186,1464,269,5
63186,1186,1464,299,4.5
63187,1186,1464,306,2
63188,1186,1464,321,5
63189,1186,1464,370,5
63190,1186,1464,388,1
63191,1186,1464,408,4
63192,1186,1464,430,4
63193,1186,1464,457,4
63194,1186,1464,468,4
63195,1186,1464,502,5
63196,1186,1464,547,4
63197,1186,1464,564,5
63198,1186,1464,580,3
63199,1186,1464,664,3
63200,1185,1463,390,4
63201,1185,1463,564,5
63202,1184,1461,30,4
63203,1184,1461,139,2.5
63204,1184,1461,202,4
63205,1184,1461,285,1
63206,1184,1461,358,1
63207,1184,1461,390,3
63208,1184,1461,457,2
63209,1184,1461,499,1
63210,1184,1461,564,3
63211,1184,1461,596,3.5
63212,1184,1461,607,3.5
63213,1184,1461,624,2
63214,1184,1461,632,4
63215,1184,1461,654,3.5
63216,1183,1460,111,4
63217,1183,1460,311,2
63218,1183,1460,518,4
63219,1183,1460,543,4
63220,1183,1460,564,4
63221,1183,1460,597,2
63222,1182,1459,10,3
63223,1182,1459,30,4
63224,1182,1459,57,4
63225,1182,1459,58,4
63226,1182,1459,177,1
63227,1182,1459,232,2
63228,1182,1459,286,3
63229,1182,1459,311,4
63230,1182,1459,322,2
63231,1182,1459,330,3
63232,1182,1459,343,4
63233,1182,1459,388,2
63234,1182,1459,390,3
63235,1182,1459,452,1
63236,1182,1459,518,5
63237,1182,1459,534,4
63238,1182,1459,564,2
63239,1182,1459,575,5
63240,1182,1459,605,3
63241,1182,1459,624,2
63242,1181,1458,564,3
63243,1180,1457,43,3
63244,1180,1457,128,3
63245,1180,1457,294,3.5
63246,1180,1457,311,3
63247,1180,1457,358,2
63248,1180,1457,404,3
63249,1180,1457,502,2
63250,1180,1457,518,4
63251,1180,1457,534,3
63252,1180,1457,665,4
63253,1179,1456,73,1
63254,1179,1456,239,2
63255,1178,1455,232,5
63256,1177,1454,502,3
63257,1176,1453,247,2
63258,1176,1453,294,4
63259,1176,1453,311,0.5
63260,1176,1453,358,1
63261,1176,1453,518,3
63262,1176,1453,559,3
63263,1176,1453,605,3
63264,1175,1450,609,5
63265,1174,1449,15,4
63266,1174,1449,56,5
63267,1174,1449,76,4
63268,1174,1449,102,5
63269,1174,1449,130,4.5
63270,1174,1449,143,1.5
63271,1174,1449,148,4.5
63272,1174,1449,198,3
63273,1174,1449,253,4.5
63274,1174,1449,274,4
63275,1174,1449,294,3.5
63276,1174,1449,309,5
63277,1174,1449,328,3
63278,1174,1449,358,4
63279,1174,1449,382,2
63280,1174,1449,388,4
63281,1174,1449,394,4
63282,1174,1449,407,5
63283,1174,1449,417,4
63284,1174,1449,439,3
63285,1174,1449,452,3
63286,1174,1449,460,4
63287,1174,1449,468,3.5
63288,1174,1449,472,3
63289,1174,1449,509,4
63290,1174,1449,529,4
63291,1174,1449,547,4
63292,1174,1449,595,5
63293,1174,1449,654,4.5
63294,1173,1447,165,3.5
63295,1173,1447,285,4
63296,1173,1447,609,1
63297,1172,1446,359,4
63298,1172,1446,373,3
63299,1172,1446,404,4
63300,1172,1446,418,3.5
63301,1172,1446,441,5
63302,1172,1446,509,4
63303,1172,1446,558,4
63304,1172,1446,585,3
63305,1172,1446,618,4
63306,1171,1445,285,3
63307,1171,1445,311,2
63308,1171,1445,564,1
63309,1170,1444,350,4
63310,1169,1442,452,3
63311,1169,1442,564,2
63312,1168,1441,19,3
63313,1168,1441,20,2.5
63314,1168,1441,75,3.5
63315,1168,1441,185,5
63316,1168,1441,212,4
63317,1168,1441,232,4
63318,1168,1441,262,3
63319,1168,1441,285,4
63320,1168,1441,294,3
63321,1168,1441,296,4
63322,1168,1441,306,3
63323,1168,1441,358,3
63324,1168,1441,380,3
63325,1168,1441,407,4
63326,1168,1441,408,3
63327,1168,1441,422,3
63328,1168,1441,451,3
63329,1168,1441,452,3
63330,1168,1441,493,4
63331,1168,1441,500,3.5
63332,1168,1441,509,3
63333,1168,1441,514,2
63334,1168,1441,518,3
63335,1168,1441,537,3
63336,1168,1441,547,4
63337,1168,1441,575,4
63338,1168,1441,580,3
63339,1168,1441,582,4
63340,1167,1440,30,3
63341,1167,1440,239,3
63342,1167,1440,285,3
63343,1167,1440,518,3
63344,1166,1438,23,3
63345,1166,1438,30,3
63346,1166,1438,73,2.5
63347,1166,1438,90,3
63348,1166,1438,105,3
63349,1166,1438,128,4
63350,1166,1438,177,4
63351,1166,1438,213,2
63352,1166,1438,294,2.5
63353,1166,1438,306,2
63354,1166,1438,311,2
63355,1166,1438,312,1
63356,1166,1438,318,4
63357,1166,1438,355,3
63358,1166,1438,461,1.5
63359,1166,1438,468,2.5
63360,1166,1438,530,1
63361,1166,1438,534,5
63362,1166,1438,564,1
63363,1166,1438,623,3
63364,1166,1438,624,2
63365,1166,1438,631,4
63366,1165,1437,41,4
63367,1165,1437,262,2.5
63368,1165,1437,502,4
63369,1164,1433,518,3
63370,1163,1432,233,3
63371,1163,1432,247,4
63372,1163,1432,318,4
63373,1163,1432,518,4
63374,1163,1432,624,2
63375,1162,1431,239,3
63376,1162,1431,247,4
63377,1162,1431,306,3
63378,1162,1431,390,1
63379,1162,1431,453,3
63380,1162,1431,457,1.5
63381,1162,1431,468,1.5
63382,1162,1431,518,4
63383,1162,1431,632,3.5
63384,1161,1430,165,2.5
63385,1160,1429,119,4
63386,1160,1429,150,3.5
63387,1160,1429,215,3
63388,1160,1429,301,0.5
63389,1160,1429,318,5
63390,1160,1429,346,4.5
63391,1160,1429,390,4
63392,1160,1429,408,5
63393,1160,1429,502,3
63394,1160,1429,543,4
63395,1160,1429,575,4
63396,1160,1429,605,3
63397,1160,1429,654,4
63398,1159,1428,330,5
63399,1158,1427,21,3
63400,1158,1427,177,3
63401,1158,1427,233,3
63402,1158,1427,534,4
63403,1158,1427,550,3
63404,1157,1425,242,4
63405,1157,1425,286,2
63406,1157,1425,435,4
63407,1157,1425,518,3
63408,1157,1425,537,1
63409,1157,1425,564,3
63410,1157,1425,577,4
63411,1157,1425,615,3.5
63412,1157,1425,624,2
63413,1156,1423,10,4
63414,1156,1423,452,4.5
63415,1155,1422,30,4
63416,1155,1422,57,3
63417,1155,1422,90,4
63418,1155,1422,177,3
63419,1155,1422,213,4.5
63420,1155,1422,242,4
63421,1155,1422,269,3
63422,1155,1422,306,2
63423,1155,1422,311,2
63424,1155,1422,343,3
63425,1155,1422,534,4
63426,1155,1422,537,2
63427,1155,1422,550,3
63428,1155,1422,597,2
63429,1155,1422,631,3
63430,1154,1420,102,5
63431,1153,1419,232,5
63432,1153,1419,299,5
63433,1153,1419,383,3
63434,1153,1419,391,3
63435,1153,1419,468,3.5
63436,1153,1419,492,4
63437,1153,1419,509,3
63438,1153,1419,547,4.5
63439,1153,1419,564,4
63440,1153,1419,609,1
63441,1152,1417,311,2
63442,1151,1416,31,3
63443,1151,1416,119,4
63444,1151,1416,175,4
63445,1151,1416,199,1
63446,1151,1416,212,4
63447,1151,1416,294,4.5
63448,1151,1416,306,3
63449,1151,1416,311,2.5
63450,1151,1416,318,2
63451,1151,1416,358,3
63452,1151,1416,363,5
63453,1151,1416,382,3
63454,1151,1416,387,4
63455,1151,1416,418,2.5
63456,1151,1416,434,2
63457,1151,1416,461,2
63458,1151,1416,529,3
63459,1151,1416,530,4
63460,1151,1416,547,2.5
63461,1151,1416,564,3
63462,1151,1416,640,4
63463,1151,1416,641,4
63464,1150,1415,492,3
63465,1150,1415,564,4
63466,1149,1414,358,5
63467,1149,1414,434,3
63468,1149,1414,452,3
63469,1149,1414,509,3
63470,1149,1414,537,4
63471,1149,1414,559,4
63472,1149,1414,564,4
63473,1149,1414,631,2
63474,1149,1414,642,4
63475,1149,1414,646,5
63476,1148,1413,472,3
63477,1148,1413,509,4
63478,1148,1413,547,2
63479,1148,1413,558,5
63480,1147,1411,9,3
63481,1147,1411,17,5
63482,1147,1411,23,3.5
63483,1147,1411,102,5
63484,1147,1411,119,5
63485,1147,1411,130,4
63486,1147,1411,185,5
63487,1147,1411,212,4
63488,1147,1411,220,4
63489,1147,1411,232,5
63490,1147,1411,407,4
63491,1147,1411,408,2
63492,1147,1411,420,4
63493,1147,1411,431,5
63494,1147,1411,434,5
63495,1147,1411,436,3
63496,1147,1411,460,3.5
63497,1147,1411,461,2.5
63498,1147,1411,468,3.5
63499,1147,1411,502,5
63500,1147,1411,537,4
63501,1147,1411,547,5
63502,1147,1411,564,4
63503,1147,1411,575,5
63504,1147,1411,614,5
63505,1146,1410,390,2
63506,1146,1410,452,2
63507,1146,1410,529,4
63508,1146,1410,564,3
63509,1145,1409,25,2
63510,1145,1409,68,3.5
63511,1145,1409,150,3.5
63512,1145,1409,160,3
63513,1145,1409,213,1.5
63514,1145,1409,232,3
63515,1145,1409,239,3
63516,1145,1409,247,3
63517,1145,1409,260,4
63518,1145,1409,311,1.5
63519,1145,1409,358,3
63520,1145,1409,380,3
63521,1145,1409,387,3
63522,1145,1409,390,4
63523,1145,1409,412,1
63524,1145,1409,442,3.5
63525,1145,1409,452,3
63526,1145,1409,463,3
63527,1145,1409,468,2
63528,1145,1409,488,3.5
63529,1145,1409,509,3
63530,1145,1409,518,3
63531,1145,1409,529,2
63532,1145,1409,530,3
63533,1145,1409,534,3
63534,1145,1409,559,4
63535,1145,1409,564,3
63536,1145,1409,575,2
63537,1145,1409,616,4
63538,1145,1409,624,3
63539,1145,1409,637,4
63540,1145,1409,654,3.5
63541,1145,1409,665,4
63542,1144,1408,7,1
63543,1144,1408,11,5
63544,1144,1408,19,3
63545,1144,1408,23,3.5
63546,1144,1408,57,4
63547,1144,1408,63,4.5
63548,1144,1408,73,3
63549,1144,1408,111,4.5
63550,1144,1408,212,3.5
63551,1144,1408,232,5
63552,1144,1408,237,1
63553,1144,1408,245,4
63554,1144,1408,263,4.5
63555,1144,1408,275,4.5
63556,1144,1408,276,3.5
63557,1144,1408,280,4
63558,1144,1408,306,4
63559,1144,1408,311,4.5
63560,1144,1408,353,3.5
63561,1144,1408,384,3
63562,1144,1408,388,5
63563,1144,1408,408,4
63564,1144,1408,463,4
63565,1144,1408,466,5
63566,1144,1408,468,2.5
63567,1144,1408,480,4.5
63568,1144,1408,493,2
63569,1144,1408,509,3
63570,1144,1408,522,3.5
63571,1144,1408,529,2
63572,1144,1408,534,4
63573,1144,1408,537,3
63574,1144,1408,564,3
63575,1144,1408,573,4
63576,1144,1408,575,3
63577,1144,1408,577,3
63578,1144,1408,580,3.5
63579,1144,1408,596,4
63580,1144,1408,603,5
63581,1144,1408,607,4
63582,1144,1408,624,2
63583,1144,1408,658,5
63584,1144,1408,665,3
63585,1143,1407,15,5
63586,1143,1407,33,4
63587,1143,1407,34,4
63588,1143,1407,48,2.5
63589,1143,1407,73,4
63590,1143,1407,78,4.5
63591,1143,1407,88,1.5
63592,1143,1407,90,4
63593,1143,1407,95,4
63594,1143,1407,102,4
63595,1143,1407,105,3
63596,1143,1407,118,3
63597,1143,1407,128,4
63598,1143,1407,134,4.5
63599,1143,1407,150,3
63600,1143,1407,177,5
63601,1143,1407,187,3.5
63602,1143,1407,204,3
63603,1143,1407,210,2.5
63604,1143,1407,211,3
63605,1143,1407,212,2
63606,1143,1407,213,2
63607,1143,1407,217,2.5
63608,1143,1407,220,2
63609,1143,1407,243,3
63610,1143,1407,253,1.5
63611,1143,1407,262,4
63612,1143,1407,268,5
63613,1143,1407,285,5
63614,1143,1407,292,3
63615,1143,1407,293,3.5
63616,1143,1407,294,3.5
63617,1143,1407,306,4
63618,1143,1407,313,3
63619,1143,1407,330,1
63620,1143,1407,343,4
63621,1143,1407,384,4
63622,1143,1407,407,3
63623,1143,1407,408,4
63624,1143,1407,412,5
63625,1143,1407,418,3.5
63626,1143,1407,431,4
63627,1143,1407,434,3
63628,1143,1407,452,3
63629,1143,1407,457,2
63630,1143,1407,461,3
63631,1143,1407,463,3
63632,1143,1407,468,2.5
63633,1143,1407,480,4
63634,1143,1407,482,3
63635,1143,1407,491,2
63636,1143,1407,500,0.5
63637,1143,1407,518,3
63638,1143,1407,523,3.5
63639,1143,1407,528,3
63640,1143,1407,531,1
63641,1143,1407,534,4
63642,1143,1407,547,4
63643,1143,1407,560,4
63644,1143,1407,562,4
63645,1143,1407,564,4
63646,1143,1407,574,4
63647,1143,1407,580,2.5
63648,1143,1407,596,4
63649,1143,1407,608,4
63650,1143,1407,615,3
63651,1143,1407,617,4
63652,1143,1407,626,5
63653,1143,1407,627,3.5
63654,1143,1407,631,5
63655,1143,1407,641,5
63656,1143,1407,654,4.5
63657,1143,1407,664,3.5
63658,1142,1406,492,1
63659,1142,1406,545,5
63660,1142,1406,564,4
63661,1142,1406,608,3
63662,1141,1405,1,1
63663,1141,1405,7,5
63664,1141,1405,15,3
63665,1141,1405,19,3
63666,1141,1405,25,3
63667,1141,1405,26,1.5
63668,1141,1405,73,3.5
63669,1141,1405,87,2
63670,1141,1405,102,4
63671,1141,1405,150,3
63672,1141,1405,154,4
63673,1141,1405,165,4
63674,1141,1405,198,3
63675,1141,1405,207,2.5
63676,1141,1405,224,4
63677,1141,1405,247,3
63678,1141,1405,285,2
63679,1141,1405,306,4
63680,1141,1405,312,3
63681,1141,1405,361,3
63682,1141,1405,380,3
63683,1141,1405,384,3
63684,1141,1405,388,3
63685,1141,1405,390,1
63686,1141,1405,420,1
63687,1141,1405,423,3.5
63688,1141,1405,428,3
63689,1141,1405,457,2.5
63690,1141,1405,461,2
63691,1141,1405,468,3
63692,1141,1405,472,3
63693,1141,1405,502,3
63694,1141,1405,509,2.5
63695,1141,1405,534,5
63696,1141,1405,547,4
63697,1141,1405,564,4
63698,1141,1405,580,1.5
63699,1141,1405,586,4
63700,1141,1405,605,3
63701,1141,1405,606,3
63702,1141,1405,607,3.5
63703,1141,1405,617,2
63704,1141,1405,624,4
63705,1141,1405,634,3
63706,1141,1405,654,4.5
63707,1141,1405,664,3
63708,1140,1404,242,4
63709,1140,1404,306,3
63710,1140,1404,388,2
63711,1140,1404,434,2
63712,1139,1401,232,5
63713,1139,1401,311,3
63714,1139,1401,330,4
63715,1139,1401,342,4
63716,1139,1401,452,3
63717,1139,1401,575,3
63718,1139,1401,605,2
63719,1139,1401,640,4
63720,1138,1399,30,3
63721,1138,1399,211,5
63722,1138,1399,306,3
63723,1138,1399,434,4
63724,1138,1399,452,4
63725,1138,1399,468,2.5
63726,1138,1399,502,3
63727,1138,1399,537,4
63728,1138,1399,547,3.5
63729,1138,1399,564,3
63730,1137,1398,311,3
63731,1137,1398,493,4
63732,1137,1398,640,3
63733,1137,1398,658,4
63734,1136,1397,311,2
63735,1136,1397,452,4
63736,1135,1396,4,5
63737,1135,1396,15,4
63738,1135,1396,17,3
63739,1135,1396,19,3
63740,1135,1396,30,4
63741,1135,1396,34,4
63742,1135,1396,73,4
63743,1135,1396,118,4
63744,1135,1396,130,3
63745,1135,1396,150,4
63746,1135,1396,155,3
63747,1135,1396,177,4
63748,1135,1396,181,4.5
63749,1135,1396,201,4
63750,1135,1396,213,2.5
63751,1135,1396,232,4
63752,1135,1396,242,5
63753,1135,1396,247,4
63754,1135,1396,253,4
63755,1135,1396,291,4
63756,1135,1396,294,4
63757,1135,1396,295,2.5
63758,1135,1396,306,3
63759,1135,1396,311,4
63760,1135,1396,312,3
63761,1135,1396,326,5
63762,1135,1396,342,4
63763,1135,1396,346,2.5
63764,1135,1396,358,3
63765,1135,1396,387,3
63766,1135,1396,388,4
63767,1135,1396,439,3
63768,1135,1396,441,3.5
63769,1135,1396,452,4
63770,1135,1396,453,4
63771,1135,1396,462,2.5
63772,1135,1396,463,4
63773,1135,1396,468,2.5
63774,1135,1396,509,4
63775,1135,1396,514,3
63776,1135,1396,520,3
63777,1135,1396,534,3
63778,1135,1396,547,2.5
63779,1135,1396,564,4
63780,1135,1396,580,2.5
63781,1135,1396,597,4
63782,1135,1396,603,4
63783,1135,1396,607,4.5
63784,1135,1396,624,4
63785,1135,1396,647,3
63786,1135,1396,654,4.5
63787,1134,1395,21,3
63788,1134,1395,30,5
63789,1134,1395,105,3.5
63790,1134,1395,160,3
63791,1134,1395,195,2
63792,1134,1395,232,4
63793,1134,1395,242,5
63794,1134,1395,311,2
63795,1134,1395,358,4
63796,1134,1395,373,4
63797,1134,1395,387,4
63798,1134,1395,452,3
63799,1134,1395,547,4.5
63800,1134,1395,575,1
63801,1133,1394,7,3
63802,1133,1394,15,4
63803,1133,1394,19,5
63804,1133,1394,21,4
63805,1133,1394,23,4
63806,1133,1394,30,5
63807,1133,1394,33,2
63808,1133,1394,57,5
63809,1133,1394,73,4
63810,1133,1394,83,5
63811,1133,1394,88,3.5
63812,1133,1394,93,4
63813,1133,1394,102,4
63814,1133,1394,105,3.5
63815,1133,1394,119,5
63816,1133,1394,134,4.5
63817,1133,1394,148,4.5
63818,1133,1394,193,3
63819,1133,1394,195,4
63820,1133,1394,210,2.5
63821,1133,1394,214,2
63822,1133,1394,219,5
63823,1133,1394,232,4
63824,1133,1394,239,4
63825,1133,1394,242,5
63826,1133,1394,262,2
63827,1133,1394,268,3
63828,1133,1394,285,4
63829,1133,1394,299,4
63830,1133,1394,303,4
63831,1133,1394,304,3.5
63832,1133,1394,311,3
63833,1133,1394,328,3
63834,1133,1394,345,3.5
63835,1133,1394,373,5
63836,1133,1394,380,4
63837,1133,1394,387,4
63838,1133,1394,388,3
63839,1133,1394,393,4.5
63840,1133,1394,408,5
63841,1133,1394,420,2
63842,1133,1394,430,4
63843,1133,1394,431,3
63844,1133,1394,434,4
63845,1133,1394,439,2
63846,1133,1394,442,5
63847,1133,1394,452,5
63848,1133,1394,460,4.5
63849,1133,1394,461,3
63850,1133,1394,463,5
63851,1133,1394,466,4
63852,1133,1394,468,3.5
63853,1133,1394,472,5
63854,1133,1394,497,5
63855,1133,1394,502,5
63856,1133,1394,509,4
63857,1133,1394,514,4
63858,1133,1394,518,5
63859,1133,1394,537,5
63860,1133,1394,547,2
63861,1133,1394,564,4
63862,1133,1394,580,4
63863,1133,1394,587,4.5
63864,1133,1394,594,4
63865,1133,1394,597,5
63866,1133,1394,603,5
63867,1133,1394,608,4
63868,1133,1394,624,3
63869,1133,1394,647,4
63870,1133,1394,648,4
63871,1132,1393,5,3.5
63872,1132,1393,8,3
63873,1132,1393,15,3.5
63874,1132,1393,19,3
63875,1132,1393,23,4
63876,1132,1393,30,4
63877,1132,1393,56,4
63878,1132,1393,57,4
63879,1132,1393,68,4
63880,1132,1393,73,4
63881,1132,1393,77,2
63882,1132,1393,88,3
63883,1132,1393,93,3.5
63884,1132,1393,94,3
63885,1132,1393,95,5
63886,1132,1393,99,3
63887,1132,1393,102,2
63888,1132,1393,105,3.5
63889,1132,1393,111,3.5
63890,1132,1393,120,3.5
63891,1132,1393,128,5
63892,1132,1393,130,2
63893,1132,1393,149,4
63894,1132,1393,150,3.5
63895,1132,1393,154,4
63896,1132,1393,160,5
63897,1132,1393,162,5
63898,1132,1393,165,5
63899,1132,1393,166,4
63900,1132,1393,195,3
63901,1132,1393,211,4
63902,1132,1393,212,4
63903,1132,1393,213,1
63904,1132,1393,215,4
63905,1132,1393,220,3
63906,1132,1393,223,5
63907,1132,1393,232,4
63908,1132,1393,240,4
63909,1132,1393,242,4
63910,1132,1393,243,3.5
63911,1132,1393,245,5
63912,1132,1393,253,4
63913,1132,1393,262,0.5
63914,1132,1393,264,5
63915,1132,1393,268,4.5
63916,1132,1393,280,5
63917,1132,1393,284,5
63918,1132,1393,292,4.5
63919,1132,1393,295,5
63920,1132,1393,306,3
63921,1132,1393,311,5
63922,1132,1393,312,2
63923,1132,1393,313,3
63924,1132,1393,318,4
63925,1132,1393,343,3
63926,1132,1393,353,2.5
63927,1132,1393,355,3
63928,1132,1393,358,4
63929,1132,1393,361,3
63930,1132,1393,380,4
63931,1132,1393,382,3
63932,1132,1393,388,4
63933,1132,1393,390,5
63934,1132,1393,402,3
63935,1132,1393,404,3
63936,1132,1393,407,3
63937,1132,1393,412,5
63938,1132,1393,417,4
63939,1132,1393,422,3
63940,1132,1393,430,4.5
63941,1132,1393,433,3.5
63942,1132,1393,434,4
63943,1132,1393,442,4.5
63944,1132,1393,452,5
63945,1132,1393,457,3
63946,1132,1393,461,3
63947,1132,1393,463,4
63948,1132,1393,468,2
63949,1132,1393,472,4
63950,1132,1393,480,3.5
63951,1132,1393,493,4
63952,1132,1393,502,3
63953,1132,1393,509,4
63954,1132,1393,510,1
63955,1132,1393,518,5
63956,1132,1393,520,3.5
63957,1132,1393,522,3.5
63958,1132,1393,529,4
63959,1132,1393,534,4
63960,1132,1393,547,3.5
63961,1132,1393,550,4
63962,1132,1393,559,5
63963,1132,1393,562,4
63964,1132,1393,569,4
63965,1132,1393,580,3.5
63966,1132,1393,587,4
63967,1132,1393,603,3
63968,1132,1393,605,4
63969,1132,1393,607,2.5
63970,1132,1393,616,4
63971,1132,1393,624,4
63972,1132,1393,627,3
63973,1132,1393,640,4
63974,1132,1393,654,4.5
63975,1132,1393,664,4
63976,1132,1393,665,4
63977,1131,1392,105,3
63978,1131,1392,312,4
63979,1131,1392,452,3
63980,1131,1392,472,4
63981,1131,1392,491,3
63982,1131,1392,547,3
63983,1131,1392,564,5
63984,1131,1392,617,2
63985,1130,1391,15,0.5
63986,1130,1391,19,2
63987,1130,1391,22,3.5
63988,1130,1391,23,3.5
63989,1130,1391,25,2
63990,1130,1391,49,3
63991,1130,1391,73,3
63992,1130,1391,88,3
63993,1130,1391,105,3.5
63994,1130,1391,111,3.5
63995,1130,1391,119,3
63996,1130,1391,120,2.5
63997,1130,1391,125,4
63998,1130,1391,128,2
63999,1130,1391,130,2.5
64000,1130,1391,134,4.5
64001,1130,1391,148,2.5
64002,1130,1391,150,3.5
64003,1130,1391,154,4
64004,1130,1391,157,2.5
64005,1130,1391,165,3
64006,1130,1391,176,2
64007,1130,1391,177,4
64008,1130,1391,195,3
64009,1130,1391,197,4
64010,1130,1391,211,2
64011,1130,1391,212,3
64012,1130,1391,213,1
64013,1130,1391,215,3
64014,1130,1391,220,2
64015,1130,1391,232,3
64016,1130,1391,239,4
64017,1130,1391,240,4
64018,1130,1391,242,4
64019,1130,1391,243,2.5
64020,1130,1391,247,4
64021,1130,1391,252,3
64022,1130,1391,268,1.5
64023,1130,1391,285,4
64024,1130,1391,294,3
64025,1130,1391,299,4.5
64026,1130,1391,300,4
64027,1130,1391,311,2
64028,1130,1391,312,3
64029,1130,1391,318,1
64030,1130,1391,346,2
64031,1130,1391,353,2
64032,1130,1391,358,1
64033,1130,1391,363,4
64034,1130,1391,380,1
64035,1130,1391,423,4
64036,1130,1391,439,4
64037,1130,1391,453,3
64038,1130,1391,457,2.5
64039,1130,1391,468,3
64040,1130,1391,502,5
64041,1130,1391,506,5
64042,1130,1391,507,2
64043,1130,1391,518,1
64044,1130,1391,522,2.5
64045,1130,1391,523,3
64046,1130,1391,530,4
64047,1130,1391,544,5
64048,1130,1391,547,0.5
64049,1130,1391,550,3
64050,1130,1391,561,3
64051,1130,1391,562,3.5
64052,1130,1391,564,4
64053,1130,1391,574,3.5
64054,1130,1391,575,1
64055,1130,1391,580,2.5
64056,1130,1391,596,3
64057,1130,1391,603,5
64058,1130,1391,607,4
64059,1130,1391,615,3.5
64060,1130,1391,624,4
64061,1130,1391,627,1
64062,1130,1391,641,3
64063,1130,1391,646,4
64064,1130,1391,654,4
64065,1129,1390,30,3
64066,1129,1390,119,4
64067,1129,1390,211,3
64068,1129,1390,311,2
64069,1129,1390,564,4
64070,1129,1390,646,5
64071,1128,1389,19,1
64072,1128,1389,95,4
64073,1128,1389,102,2
64074,1128,1389,103,1
64075,1128,1389,120,1.5
64076,1128,1389,247,2
64077,1128,1389,353,1
64078,1128,1389,514,2
64079,1128,1389,564,3
64080,1128,1389,605,1
64081,1128,1389,624,1
64082,1128,1389,646,2
64083,1127,1388,4,4
64084,1127,1388,19,1
64085,1127,1388,21,3
64086,1127,1388,30,3
64087,1127,1388,95,4
64088,1127,1388,119,2
64089,1127,1388,120,3.5
64090,1127,1388,158,2.5
64091,1127,1388,232,3
64092,1127,1388,247,3
64093,1127,1388,285,3
64094,1127,1388,306,3
64095,1127,1388,344,1
64096,1127,1388,353,1.5
64097,1127,1388,388,3
64098,1127,1388,457,1.5
64099,1127,1388,461,1
64100,1127,1388,471,3
64101,1127,1388,479,3.5
64102,1127,1388,509,2.5
64103,1127,1388,514,3
64104,1127,1388,564,4
64105,1127,1388,596,3.5
64106,1127,1388,605,2
64107,1127,1388,624,3
64108,1127,1388,646,4
64109,1127,1388,665,3
64110,1126,1387,4,5
64111,1126,1387,8,4
64112,1126,1387,12,4
64113,1126,1387,15,4
64114,1126,1387,19,5
64115,1126,1387,21,3
64116,1126,1387,22,4
64117,1126,1387,23,3.5
64118,1126,1387,30,4
64119,1126,1387,34,3
64120,1126,1387,56,4
64121,1126,1387,57,5
64122,1126,1387,73,4
64123,1126,1387,77,3.5
64124,1126,1387,93,3
64125,1126,1387,95,5
64126,1126,1387,97,1.5
64127,1126,1387,102,4
64128,1126,1387,105,4.5
64129,1126,1387,119,4
64130,1126,1387,120,4.5
64131,1126,1387,125,4.5
64132,1126,1387,130,3.5
64133,1126,1387,134,4.5
64134,1126,1387,142,4
64135,1126,1387,157,3
64136,1126,1387,178,3.5
64137,1126,1387,189,4
64138,1126,1387,195,4
64139,1126,1387,208,2
64140,1126,1387,212,3
64141,1126,1387,213,2.5
64142,1126,1387,214,3
64143,1126,1387,232,5
64144,1126,1387,236,4.5
64145,1126,1387,242,5
64146,1126,1387,243,4
64147,1126,1387,244,2
64148,1126,1387,247,4
64149,1126,1387,253,4
64150,1126,1387,262,2.5
64151,1126,1387,268,5
64152,1126,1387,285,4
64153,1126,1387,294,3
64154,1126,1387,295,4
64155,1126,1387,306,4
64156,1126,1387,308,3
64157,1126,1387,311,3
64158,1126,1387,313,4
64159,1126,1387,328,3
64160,1126,1387,336,1
64161,1126,1387,342,4
64162,1126,1387,344,3
64163,1126,1387,346,1
64164,1126,1387,353,3.5
64165,1126,1387,355,4
64166,1126,1387,358,3
64167,1126,1387,367,4
64168,1126,1387,368,3
64169,1126,1387,373,4
64170,1126,1387,380,4
64171,1126,1387,382,2
64172,1126,1387,388,4.5
64173,1126,1387,393,4
64174,1126,1387,403,5
64175,1126,1387,428,4
64176,1126,1387,431,4
64177,1126,1387,433,4
64178,1126,1387,434,4
64179,1126,1387,442,4
64180,1126,1387,452,4
64181,1126,1387,461,4
64182,1126,1387,463,4
64183,1126,1387,466,5
64184,1126,1387,468,3.5
64185,1126,1387,471,3.5
64186,1126,1387,472,5
64187,1126,1387,474,4
64188,1126,1387,475,4
64189,1126,1387,479,4
64190,1126,1387,481,4
64191,1126,1387,482,4
64192,1126,1387,505,4
64193,1126,1387,514,5
64194,1126,1387,518,3
64195,1126,1387,520,3
64196,1126,1387,527,2.5
64197,1126,1387,529,1
64198,1126,1387,537,4
64199,1126,1387,547,4
64200,1126,1387,564,5
64201,1126,1387,575,4
64202,1126,1387,580,3.5
64203,1126,1387,585,5
64204,1126,1387,587,4
64205,1126,1387,592,3
64206,1126,1387,594,5
64207,1126,1387,596,4.5
64208,1126,1387,605,5
64209,1126,1387,614,3
64210,1126,1387,617,3
64211,1126,1387,624,4
64212,1126,1387,627,3
64213,1126,1387,631,5
64214,1126,1387,646,5
64215,1126,1387,651,4
64216,1126,1387,654,4.5
64217,1126,1387,671,4
64218,1125,1385,15,3
64219,1125,1385,19,3
64220,1125,1385,30,3
64221,1125,1385,89,3
64222,1125,1385,103,1.5
64223,1125,1385,186,2.5
64224,1125,1385,213,3
64225,1125,1385,247,4
64226,1125,1385,311,4
64227,1125,1385,312,4
64228,1125,1385,344,4
64229,1125,1385,367,4.5
64230,1125,1385,390,3
64231,1125,1385,397,2.5
64232,1125,1385,405,2.5
64233,1125,1385,452,3
64234,1125,1385,461,1.5
64235,1125,1385,643,2
64236,1124,1384,102,4
64237,1123,1382,19,1
64238,1123,1382,247,3
64239,1122,1381,19,3
64240,1122,1381,176,1.5
64241,1122,1381,232,3
64242,1122,1381,282,0.5
64243,1122,1381,285,1
64244,1122,1381,294,4
64245,1122,1381,304,2
64246,1122,1381,306,2
64247,1122,1381,335,2
64248,1122,1381,344,1
64249,1122,1381,358,3
64250,1122,1381,363,2
64251,1122,1381,373,2
64252,1122,1381,461,3.5
64253,1122,1381,514,1
64254,1122,1381,518,4
64255,1122,1381,557,4
64256,1122,1381,564,4
64257,1122,1381,641,3
64258,1121,1380,4,5
64259,1121,1380,5,5
64260,1121,1380,15,2.5
64261,1121,1380,19,3
64262,1121,1380,21,3
64263,1121,1380,23,2.5
64264,1121,1380,30,4
64265,1121,1380,43,3
64266,1121,1380,56,5
64267,1121,1380,57,4
64268,1121,1380,60,1.5
64269,1121,1380,61,3.5
64270,1121,1380,73,4
64271,1121,1380,77,3
64272,1121,1380,88,2.5
64273,1121,1380,93,3.5
64274,1121,1380,102,4
64275,1121,1380,105,3
64276,1121,1380,128,5
64277,1121,1380,130,2
64278,1121,1380,134,2.5
64279,1121,1380,143,3
64280,1121,1380,160,4
64281,1121,1380,165,2
64282,1121,1380,174,4.5
64283,1121,1380,176,3
64284,1121,1380,187,3.5
64285,1121,1380,195,3
64286,1121,1380,200,2.5
64287,1121,1380,212,4
64288,1121,1380,214,5
64289,1121,1380,220,2
64290,1121,1380,221,2.5
64291,1121,1380,232,3
64292,1121,1380,235,4
64293,1121,1380,239,5
64294,1121,1380,262,2
64295,1121,1380,268,4
64296,1121,1380,282,0.5
64297,1121,1380,285,1
64298,1121,1380,291,4
64299,1121,1380,292,4
64300,1121,1380,294,4.5
64301,1121,1380,303,5
64302,1121,1380,306,4
64303,1121,1380,311,4
64304,1121,1380,344,4
64305,1121,1380,345,4.5
64306,1121,1380,350,3
64307,1121,1380,355,2.5
64308,1121,1380,358,5
64309,1121,1380,363,5
64310,1121,1380,365,4.5
64311,1121,1380,382,3.5
64312,1121,1380,387,1
64313,1121,1380,398,5
64314,1121,1380,418,3.5
64315,1121,1380,420,2
64316,1121,1380,442,4.5
64317,1121,1380,460,4.5
64318,1121,1380,461,4.5
64319,1121,1380,463,3
64320,1121,1380,468,3
64321,1121,1380,472,4
64322,1121,1380,500,3
64323,1121,1380,505,3.5
64324,1121,1380,509,3
64325,1121,1380,514,3
64326,1121,1380,518,5
64327,1121,1380,519,4
64328,1121,1380,528,3
64329,1121,1380,529,2
64330,1121,1380,531,4
64331,1121,1380,537,5
64332,1121,1380,547,3
64333,1121,1380,561,3
64334,1121,1380,564,4
64335,1121,1380,575,3
64336,1121,1380,577,4
64337,1121,1380,580,3.5
64338,1121,1380,582,3.5
64339,1121,1380,587,3.5
64340,1121,1380,591,2
64341,1121,1380,595,4
64342,1121,1380,605,4
64343,1121,1380,624,3
64344,1121,1380,627,3
64345,1121,1380,641,5
64346,1121,1380,645,4.5
64347,1121,1380,646,2
64348,1120,1379,119,4
64349,1120,1379,142,1
64350,1120,1379,220,2
64351,1120,1379,247,4
64352,1120,1379,285,3
64353,1120,1379,358,1
64354,1120,1379,388,4
64355,1120,1379,509,2.5
64356,1120,1379,518,3
64357,1120,1379,534,3
64358,1120,1379,564,1
64359,1120,1379,624,4
64360,1120,1379,654,4
64361,1120,1379,665,3
64362,1119,1378,3,4
64363,1119,1378,19,2
64364,1119,1378,20,3
64365,1119,1378,30,4
64366,1119,1378,31,4
64367,1119,1378,57,4
64368,1119,1378,105,2.5
64369,1119,1378,119,3
64370,1119,1378,130,3
64371,1119,1378,247,4
64372,1119,1378,285,4
64373,1119,1378,344,3
64374,1119,1378,358,1
64375,1119,1378,367,3.5
64376,1119,1378,388,4
64377,1119,1378,442,4.5
64378,1119,1378,457,1.5
64379,1119,1378,461,2
64380,1119,1378,463,4
64381,1119,1378,466,3
64382,1119,1378,509,3
64383,1119,1378,518,4
64384,1119,1378,564,1
64385,1119,1378,577,4
64386,1119,1378,580,3.5
64387,1119,1378,624,3
64388,1119,1378,638,4
64389,1119,1378,654,4.5
64390,1118,1377,4,3
64391,1118,1377,15,3
64392,1118,1377,19,3
64393,1118,1377,22,4
64394,1118,1377,23,2.5
64395,1118,1377,30,3
64396,1118,1377,73,3.5
64397,1118,1377,74,4
64398,1118,1377,95,4
64399,1118,1377,102,2
64400,1118,1377,105,4
64401,1118,1377,119,1
64402,1118,1377,128,4
64403,1118,1377,130,1
64404,1118,1377,150,1
64405,1118,1377,165,4
64406,1118,1377,212,2.5
64407,1118,1377,213,3
64408,1118,1377,232,4
64409,1118,1377,242,4
64410,1118,1377,243,3.5
64411,1118,1377,247,3
64412,1118,1377,271,2
64413,1118,1377,275,3
64414,1118,1377,276,4.5
64415,1118,1377,285,3
64416,1118,1377,294,3
64417,1118,1377,299,4
64418,1118,1377,311,3
64419,1118,1377,344,2
64420,1118,1377,345,3.5
64421,1118,1377,353,2
64422,1118,1377,358,2
64423,1118,1377,368,2
64424,1118,1377,384,3.5
64425,1118,1377,390,3
64426,1118,1377,402,3.5
64427,1118,1377,412,4
64428,1118,1377,453,3
64429,1118,1377,457,2.5
64430,1118,1377,458,3
64431,1118,1377,461,2
64432,1118,1377,466,3
64433,1118,1377,475,4
64434,1118,1377,509,2
64435,1118,1377,514,4
64436,1118,1377,518,3
64437,1118,1377,521,4
64438,1118,1377,534,4
64439,1118,1377,537,1
64440,1118,1377,547,2.5
64441,1118,1377,550,2
64442,1118,1377,553,3
64443,1118,1377,561,3
64444,1118,1377,564,4
64445,1118,1377,580,3.5
64446,1118,1377,603,4
64447,1118,1377,607,3.5
64448,1118,1377,608,3
64449,1118,1377,614,2
64450,1118,1377,624,3
64451,1118,1377,652,5
64452,1118,1377,654,4.5
64453,1118,1377,664,4
64454,1117,1376,4,3
64455,1117,1376,7,3
64456,1117,1376,19,3
64457,1117,1376,21,3
64458,1117,1376,22,4
64459,1117,1376,41,4
64460,1117,1376,49,4
64461,1117,1376,63,3.5
64462,1117,1376,68,4
64463,1117,1376,75,0.5
64464,1117,1376,78,3
64465,1117,1376,101,4.5
64466,1117,1376,118,3
64467,1117,1376,119,3
64468,1117,1376,134,4
64469,1117,1376,150,3
64470,1117,1376,174,4.5
64471,1117,1376,177,5
64472,1117,1376,185,4
64473,1117,1376,195,4
64474,1117,1376,197,5
64475,1117,1376,206,3
64476,1117,1376,209,1
64477,1117,1376,217,4
64478,1117,1376,232,4
64479,1117,1376,244,4
64480,1117,1376,247,4
64481,1117,1376,285,3
64482,1117,1376,293,4
64483,1117,1376,311,5
64484,1117,1376,327,4
64485,1117,1376,332,0.5
64486,1117,1376,337,4
64487,1117,1376,344,3
64488,1117,1376,345,3
64489,1117,1376,346,3
64490,1117,1376,358,3
64491,1117,1376,363,4
64492,1117,1376,386,2
64493,1117,1376,388,4
64494,1117,1376,390,5
64495,1117,1376,395,4
64496,1117,1376,398,3
64497,1117,1376,401,5
64498,1117,1376,402,3
64499,1117,1376,431,1
64500,1117,1376,439,4
64501,1117,1376,457,1
64502,1117,1376,462,3
64503,1117,1376,463,4
64504,1117,1376,466,4
64505,1117,1376,477,5
64506,1117,1376,497,2
64507,1117,1376,514,2
64508,1117,1376,518,4
64509,1117,1376,533,5
64510,1117,1376,537,3
64511,1117,1376,546,5
64512,1117,1376,564,4
64513,1117,1376,580,3.5
64514,1117,1376,592,4
64515,1117,1376,607,4
64516,1117,1376,624,2
64517,1117,1376,646,5
64518,1117,1376,654,4.5
64519,1116,1375,7,3
64520,1116,1375,19,4
64521,1116,1375,21,3
64522,1116,1375,22,4
64523,1116,1375,41,4
64524,1116,1375,49,4
64525,1116,1375,78,5
64526,1116,1375,118,4
64527,1116,1375,119,2
64528,1116,1375,130,1.5
64529,1116,1375,137,4
64530,1116,1375,150,2.5
64531,1116,1375,177,4
64532,1116,1375,195,3
64533,1116,1375,196,4
64534,1116,1375,206,3
64535,1116,1375,217,3
64536,1116,1375,232,5
64537,1116,1375,271,2
64538,1116,1375,281,3
64539,1116,1375,282,1.5
64540,1116,1375,285,3
64541,1116,1375,290,5
64542,1116,1375,310,2
64543,1116,1375,311,3
64544,1116,1375,327,4.5
64545,1116,1375,332,0.5
64546,1116,1375,345,3.5
64547,1116,1375,363,3
64548,1116,1375,370,4.5
64549,1116,1375,390,3
64550,1116,1375,394,3.5
64551,1116,1375,395,4
64552,1116,1375,401,5
64553,1116,1375,405,3
64554,1116,1375,407,3
64555,1116,1375,439,2
64556,1116,1375,458,3.5
64557,1116,1375,463,3
64558,1116,1375,466,4
64559,1116,1375,509,3
64560,1116,1375,514,3
64561,1116,1375,518,2
64562,1116,1375,521,3
64563,1116,1375,525,5
64564,1116,1375,533,3
64565,1116,1375,564,4
64566,1116,1375,574,3.5
64567,1116,1375,580,3
64568,1116,1375,592,2
64569,1116,1375,607,3.5
64570,1116,1375,621,4.5
64571,1116,1375,624,3
64572,1116,1375,654,4
64573,1115,1374,4,4
64574,1115,1374,7,4
64575,1115,1374,12,1
64576,1115,1374,19,3
64577,1115,1374,21,4
64578,1115,1374,22,3.5
64579,1115,1374,41,4.5
64580,1115,1374,49,3
64581,1115,1374,63,4
64582,1115,1374,73,4
64583,1115,1374,78,4
64584,1115,1374,101,4.5
64585,1115,1374,102,4
64586,1115,1374,118,4
64587,1115,1374,119,3
64588,1115,1374,130,4
64589,1115,1374,134,4
64590,1115,1374,150,2.5
64591,1115,1374,177,5
64592,1115,1374,189,1
64593,1115,1374,195,3
64594,1115,1374,197,4
64595,1115,1374,204,3.5
64596,1115,1374,217,4.5
64597,1115,1374,232,3
64598,1115,1374,240,3
64599,1115,1374,243,3.5
64600,1115,1374,244,4
64601,1115,1374,263,2.5
64602,1115,1374,268,4
64603,1115,1374,271,3
64604,1115,1374,285,3
64605,1115,1374,291,4
64606,1115,1374,293,3
64607,1115,1374,311,3
64608,1115,1374,326,3
64609,1115,1374,345,3.5
64610,1115,1374,346,4
64611,1115,1374,363,4
64612,1115,1374,370,4
64613,1115,1374,380,4
64614,1115,1374,390,5
64615,1115,1374,395,4
64616,1115,1374,398,3
64617,1115,1374,401,5
64618,1115,1374,405,4
64619,1115,1374,420,4
64620,1115,1374,423,4
64621,1115,1374,439,4
64622,1115,1374,463,5
64623,1115,1374,466,5
64624,1115,1374,472,3
64625,1115,1374,481,4.5
64626,1115,1374,497,3
64627,1115,1374,505,3.5
64628,1115,1374,509,3
64629,1115,1374,514,4
64630,1115,1374,518,4
64631,1115,1374,525,5
64632,1115,1374,533,5
64633,1115,1374,537,5
64634,1115,1374,547,2
64635,1115,1374,564,5
64636,1115,1374,574,4
64637,1115,1374,575,4
64638,1115,1374,577,5
64639,1115,1374,580,3.5
64640,1115,1374,592,4
64641,1115,1374,603,3
64642,1115,1374,607,4
64643,1115,1374,624,3
64644,1115,1374,654,5
64645,1114,1373,7,2
64646,1114,1373,19,3
64647,1114,1373,21,3
64648,1114,1373,41,4
64649,1114,1373,150,2.5
64650,1114,1373,170,4
64651,1114,1373,177,3
64652,1114,1373,217,3.5
64653,1114,1373,232,4
64654,1114,1373,285,3
64655,1114,1373,311,2
64656,1114,1373,344,4
64657,1114,1373,390,3
64658,1114,1373,463,2
64659,1114,1373,466,2
64660,1114,1373,514,2
64661,1114,1373,518,3
64662,1114,1373,533,3
64663,1114,1373,564,3
64664,1114,1373,574,1
64665,1114,1373,580,3
64666,1114,1373,592,2
64667,1114,1373,624,1.5
64668,1114,1373,646,4
64669,1114,1373,654,2
64670,1113,1372,4,3
64671,1113,1372,7,3
64672,1113,1372,19,2
64673,1113,1372,21,3
64674,1113,1372,22,4
64675,1113,1372,41,4
64676,1113,1372,63,3
64677,1113,1372,73,3.5
64678,1113,1372,119,2
64679,1113,1372,130,1
64680,1113,1372,177,5
64681,1113,1372,187,0.5
64682,1113,1372,195,2
64683,1113,1372,197,5
64684,1113,1372,232,4
64685,1113,1372,237,3.5
64686,1113,1372,242,4
64687,1113,1372,247,4
64688,1113,1372,285,3
64689,1113,1372,290,5
64690,1113,1372,310,2.5
64691,1113,1372,311,2
64692,1113,1372,332,0.5
64693,1113,1372,336,2
64694,1113,1372,344,4
64695,1113,1372,345,2
64696,1113,1372,363,2
64697,1113,1372,370,3
64698,1113,1372,390,3
64699,1113,1372,401,4
64700,1113,1372,439,4
64701,1113,1372,462,3
64702,1113,1372,463,4
64703,1113,1372,514,2
64704,1113,1372,518,4
64705,1113,1372,521,4
64706,1113,1372,525,5
64707,1113,1372,537,5
64708,1113,1372,550,4
64709,1113,1372,564,4
64710,1113,1372,580,3
64711,1113,1372,592,4
64712,1113,1372,607,3.5
64713,1113,1372,621,3
64714,1113,1372,624,3
64715,1113,1372,646,4
64716,1113,1372,654,4.5
64717,1112,1371,1,2.5
64718,1112,1371,4,4
64719,1112,1371,7,3
64720,1112,1371,19,4
64721,1112,1371,21,3
64722,1112,1371,22,2
64723,1112,1371,41,3.5
64724,1112,1371,78,4
64725,1112,1371,118,3
64726,1112,1371,130,3
64727,1112,1371,150,2.5
64728,1112,1371,202,4
64729,1112,1371,207,0.5
64730,1112,1371,217,4.5
64731,1112,1371,232,4
64732,1112,1371,281,4
64733,1112,1371,285,3
64734,1112,1371,290,4
64735,1112,1371,310,1
64736,1112,1371,311,3
64737,1112,1371,325,3.5
64738,1112,1371,346,3
64739,1112,1371,363,2
64740,1112,1371,370,3.5
64741,1112,1371,390,3
64742,1112,1371,439,1
64743,1112,1371,458,3.5
64744,1112,1371,463,3
64745,1112,1371,466,3
64746,1112,1371,477,5
64747,1112,1371,509,3
64748,1112,1371,514,4
64749,1112,1371,518,3
64750,1112,1371,527,4
64751,1112,1371,529,2
64752,1112,1371,533,3
64753,1112,1371,546,4.5
64754,1112,1371,547,1
64755,1112,1371,564,4
64756,1112,1371,574,3
64757,1112,1371,575,1
64758,1112,1371,580,2.5
64759,1112,1371,592,1
64760,1112,1371,607,4
64761,1112,1371,624,3
64762,1112,1371,634,3.5
64763,1112,1371,654,4
64764,1111,1370,15,3
64765,1111,1370,19,4
64766,1111,1370,21,3
64767,1111,1370,30,4
64768,1111,1370,42,3.5
64769,1111,1370,53,3
64770,1111,1370,73,3
64771,1111,1370,95,4
64772,1111,1370,105,3.5
64773,1111,1370,119,4
64774,1111,1370,130,3.5
64775,1111,1370,134,4
64776,1111,1370,150,3.5
64777,1111,1370,163,1.5
64778,1111,1370,165,2.5
64779,1111,1370,177,5
64780,1111,1370,195,1
64781,1111,1370,204,2.5
64782,1111,1370,210,2.5
64783,1111,1370,212,2.5
64784,1111,1370,213,3
64785,1111,1370,232,4
64786,1111,1370,242,4
64787,1111,1370,247,4
64788,1111,1370,263,3.5
64789,1111,1370,268,3
64790,1111,1370,294,2.5
64791,1111,1370,300,4
64792,1111,1370,306,4
64793,1111,1370,311,3
64794,1111,1370,312,4
64795,1111,1370,339,3.5
64796,1111,1370,344,3
64797,1111,1370,353,2
64798,1111,1370,388,4
64799,1111,1370,390,3
64800,1111,1370,405,3.5
64801,1111,1370,417,3.5
64802,1111,1370,452,4
64803,1111,1370,457,2.5
64804,1111,1370,461,1.5
64805,1111,1370,463,2
64806,1111,1370,466,3
64807,1111,1370,473,5
64808,1111,1370,480,4
64809,1111,1370,514,3
64810,1111,1370,518,3
64811,1111,1370,531,0.5
64812,1111,1370,534,3
64813,1111,1370,547,4
64814,1111,1370,560,4
64815,1111,1370,562,3.5
64816,1111,1370,564,4
64817,1111,1370,570,5
64818,1111,1370,574,3
64819,1111,1370,577,4.5
64820,1111,1370,580,2
64821,1111,1370,592,5
64822,1111,1370,596,3.5
64823,1111,1370,607,3.5
64824,1111,1370,614,1
64825,1111,1370,624,3
64826,1111,1370,627,3.5
64827,1111,1370,654,4
64828,1111,1370,664,4
64829,1111,1370,665,3
64830,1110,1369,492,3
64831,1110,1369,564,2
64832,1109,1367,36,3
64833,1109,1367,58,4
64834,1109,1367,61,2.5
64835,1109,1367,70,5
64836,1109,1367,73,2.5
64837,1109,1367,90,4
64838,1109,1367,105,2.5
64839,1109,1367,173,4
64840,1109,1367,200,1.5
64841,1109,1367,207,0.5
64842,1109,1367,213,1.5
64843,1109,1367,219,3
64844,1109,1367,268,2.5
64845,1109,1367,287,4
64846,1109,1367,289,4
64847,1109,1367,311,2
64848,1109,1367,318,2
64849,1109,1367,353,1.5
64850,1109,1367,361,5
64851,1109,1367,381,3
64852,1109,1367,382,3
64853,1109,1367,468,1.5
64854,1109,1367,500,2.5
64855,1109,1367,518,5
64856,1109,1367,529,3
64857,1109,1367,530,4
64858,1109,1367,543,3
64859,1109,1367,557,2.5
64860,1109,1367,564,3
64861,1109,1367,573,3
64862,1109,1367,575,2
64863,1109,1367,580,3
64864,1109,1367,595,3
64865,1109,1367,603,3
64866,1109,1367,640,4
64867,1109,1367,653,3
64868,1109,1367,665,3
64869,1108,1366,28,5
64870,1108,1366,30,5
64871,1108,1366,102,4
64872,1108,1366,187,4
64873,1108,1366,289,3
64874,1108,1366,294,4
64875,1108,1366,388,4
64876,1108,1366,468,2.5
64877,1108,1366,509,3
64878,1108,1366,514,4
64879,1108,1366,518,4
64880,1108,1366,564,4
64881,1108,1366,641,5
64882,1107,1365,492,4
64883,1107,1365,509,4
64884,1107,1365,537,5
64885,1107,1365,587,4
64886,1107,1365,609,1
64887,1106,1363,294,4
64888,1106,1363,311,2.5
64889,1106,1363,318,3
64890,1106,1363,390,3
64891,1106,1363,533,3
64892,1106,1363,543,4
64893,1106,1363,640,4
64894,1105,1361,15,3.5
64895,1105,1361,102,5
64896,1105,1361,262,5
64897,1105,1361,299,4.5
64898,1105,1361,408,3
64899,1105,1361,451,5
64900,1105,1361,452,4
64901,1105,1361,472,5
64902,1105,1361,529,4
64903,1105,1361,547,5
64904,1105,1361,564,5
64905,1105,1361,608,4
64906,1105,1361,609,1
64907,1104,1359,33,3
64908,1104,1359,46,4.5
64909,1104,1359,73,2
64910,1104,1359,213,1
64911,1104,1359,223,2
64912,1104,1359,284,1
64913,1104,1359,311,1.5
64914,1104,1359,358,2
64915,1104,1359,518,3
64916,1104,1359,605,2
64917,1104,1359,654,1.5
64918,1103,1358,6,2
64919,1103,1358,8,0.5
64920,1103,1358,9,4
64921,1103,1358,10,5
64922,1103,1358,15,1
64923,1103,1358,25,5
64924,1103,1358,30,5
64925,1103,1358,34,5
64926,1103,1358,56,4
64927,1103,1358,57,5
64928,1103,1358,73,4
64929,1103,1358,75,0.5
64930,1103,1358,83,0.5
64931,1103,1358,99,3
64932,1103,1358,102,3
64933,1103,1358,118,5
64934,1103,1358,119,5
64935,1103,1358,143,4
64936,1103,1358,160,5
64937,1103,1358,189,2
64938,1103,1358,232,5
64939,1103,1358,240,3.5
64940,1103,1358,242,5
64941,1103,1358,245,4
64942,1103,1358,253,2
64943,1103,1358,291,4
64944,1103,1358,292,3
64945,1103,1358,306,4
64946,1103,1358,309,4
64947,1103,1358,342,4
64948,1103,1358,345,4.5
64949,1103,1358,348,5
64950,1103,1358,358,5
64951,1103,1358,360,4
64952,1103,1358,380,4
64953,1103,1358,388,4
64954,1103,1358,407,4
64955,1103,1358,431,3
64956,1103,1358,433,4.5
64957,1103,1358,452,5
64958,1103,1358,460,4
64959,1103,1358,463,4
64960,1103,1358,466,4
64961,1103,1358,472,5
64962,1103,1358,509,4.5
64963,1103,1358,520,3.5
64964,1103,1358,534,4
64965,1103,1358,537,5
64966,1103,1358,539,5
64967,1103,1358,545,5
64968,1103,1358,547,4
64969,1103,1358,562,3.5
64970,1103,1358,564,3
64971,1103,1358,565,3
64972,1103,1358,569,5
64973,1103,1358,580,4
64974,1103,1358,585,3
64975,1103,1358,587,4
64976,1103,1358,594,5
64977,1103,1358,595,4
64978,1103,1358,597,5
64979,1103,1358,607,4
64980,1103,1358,614,2
64981,1103,1358,654,4
64982,1103,1358,658,5
64983,1103,1358,668,4
64984,1102,1357,9,4
64985,1102,1357,19,4
64986,1102,1357,57,5
64987,1102,1357,86,5
64988,1102,1357,87,5
64989,1102,1357,102,4
64990,1102,1357,130,3.5
64991,1102,1357,133,1.5
64992,1102,1357,211,5
64993,1102,1357,220,5
64994,1102,1357,295,4
64995,1102,1357,306,4
64996,1102,1357,311,2
64997,1102,1357,358,4
64998,1102,1357,383,5
64999,1102,1357,391,4
65000,1102,1357,407,4
65001,1102,1357,431,4
65002,1102,1357,434,5
65003,1102,1357,452,3
65004,1102,1357,461,3
65005,1102,1357,463,4
65006,1102,1357,472,4
65007,1102,1357,488,4.5
65008,1102,1357,492,3
65009,1102,1357,509,3
65010,1102,1357,510,4
65011,1102,1357,514,4
65012,1102,1357,530,5
65013,1102,1357,537,3
65014,1102,1357,547,4
65015,1102,1357,564,3
65016,1102,1357,569,4
65017,1102,1357,575,4
65018,1102,1357,616,4
65019,1102,1357,640,4
65020,1102,1357,654,4.5
65021,1101,1356,4,4
65022,1101,1356,15,2
65023,1101,1356,19,3
65024,1101,1356,22,4
65025,1101,1356,23,3
65026,1101,1356,25,3
65027,1101,1356,36,4
65028,1101,1356,41,4
65029,1101,1356,59,0.5
65030,1101,1356,63,5
65031,1101,1356,70,5
65032,1101,1356,73,3.5
65033,1101,1356,75,2
65034,1101,1356,78,5
65035,1101,1356,90,4
65036,1101,1356,100,4
65037,1101,1356,112,5
65038,1101,1356,118,4
65039,1101,1356,119,3
65040,1101,1356,134,4
65041,1101,1356,177,4
65042,1101,1356,185,4
65043,1101,1356,187,0.5
65044,1101,1356,197,5
65045,1101,1356,199,3
65046,1101,1356,223,5
65047,1101,1356,232,5
65048,1101,1356,233,3
65049,1101,1356,242,5
65050,1101,1356,243,3.5
65051,1101,1356,244,4
65052,1101,1356,247,4
65053,1101,1356,252,4
65054,1101,1356,284,5
65055,1101,1356,285,3
65056,1101,1356,287,5
65057,1101,1356,294,3.5
65058,1101,1356,311,3
65059,1101,1356,318,4
65060,1101,1356,329,5
65061,1101,1356,337,5
65062,1101,1356,343,4
65063,1101,1356,345,3
65064,1101,1356,352,4.5
65065,1101,1356,355,3.5
65066,1101,1356,361,5
65067,1101,1356,363,3
65068,1101,1356,370,3
65069,1101,1356,383,4
65070,1101,1356,390,5
65071,1101,1356,401,5
65072,1101,1356,402,4
65073,1101,1356,413,5
65074,1101,1356,422,2
65075,1101,1356,439,3
65076,1101,1356,453,5
65077,1101,1356,459,4
65078,1101,1356,461,2.5
65079,1101,1356,463,4
65080,1101,1356,466,3
65081,1101,1356,481,4.5
65082,1101,1356,507,3
65083,1101,1356,514,3
65084,1101,1356,525,5
65085,1101,1356,533,4
65086,1101,1356,537,5
65087,1101,1356,543,5
65088,1101,1356,548,4
65089,1101,1356,559,4
65090,1101,1356,564,4
65091,1101,1356,575,5
65092,1101,1356,577,4.5
65093,1101,1356,580,2.5
65094,1101,1356,592,4
65095,1101,1356,596,3.5
65096,1101,1356,607,4.5
65097,1101,1356,624,4
65098,1101,1356,640,5
65099,1101,1356,646,4
65100,1101,1356,654,4.5
65101,1101,1356,658,3
65102,1101,1356,659,4
65103,1100,1355,482,4
65104,1100,1355,564,1
65105,1099,1354,19,5
65106,1099,1354,23,4.5
65107,1099,1354,25,1
65108,1099,1354,86,5
65109,1099,1354,133,2
65110,1099,1354,183,5
65111,1099,1354,189,2
65112,1099,1354,236,2.5
65113,1099,1354,299,3.5
65114,1099,1354,306,3
65115,1099,1354,344,5
65116,1099,1354,407,4
65117,1099,1354,481,4
65118,1099,1354,509,5
65119,1099,1354,564,5
65120,1099,1354,585,4
65121,1099,1354,587,4
65122,1099,1354,608,5
65123,1099,1354,644,5
65124,1099,1354,647,5
65125,1098,1353,7,3
65126,1098,1353,162,3
65127,1098,1353,294,2
65128,1098,1353,306,4
65129,1098,1353,311,2.5
65130,1098,1353,358,1
65131,1098,1353,452,1
65132,1098,1353,493,5
65133,1098,1353,518,3
65134,1098,1353,529,3
65135,1098,1353,530,3
65136,1098,1353,564,5
65137,1098,1353,575,3
65138,1097,1352,30,4
65139,1097,1352,358,2
65140,1097,1352,564,3
65141,1097,1352,609,5
65142,1096,1351,90,4
65143,1096,1351,564,4
65144,1095,1350,19,3
65145,1095,1350,21,3
65146,1095,1350,30,4
65147,1095,1350,57,5
65148,1095,1350,73,3
65149,1095,1350,95,4
65150,1095,1350,102,5
65151,1095,1350,119,3
65152,1095,1350,120,4
65153,1095,1350,134,4
65154,1095,1350,243,4
65155,1095,1350,262,3
65156,1095,1350,313,3
65157,1095,1350,344,3
65158,1095,1350,403,3
65159,1095,1350,429,2
65160,1095,1350,457,3
65161,1095,1350,461,3.5
65162,1095,1350,468,2.5
65163,1095,1350,514,4
65164,1095,1350,518,4
65165,1095,1350,529,2
65166,1095,1350,537,2
65167,1095,1350,564,3
65168,1095,1350,577,4
65169,1094,1349,403,5
65170,1094,1349,564,4
65171,1093,1348,17,5
65172,1093,1348,19,5
65173,1093,1348,23,2.5
65174,1093,1348,83,4
65175,1093,1348,102,4
65176,1093,1348,175,3
65177,1093,1348,178,3.5
65178,1093,1348,236,4
65179,1093,1348,262,3
65180,1093,1348,348,1
65181,1093,1348,403,5
65182,1093,1348,435,4
65183,1093,1348,468,4
65184,1093,1348,470,3
65185,1093,1348,472,4
65186,1093,1348,481,5
65187,1093,1348,537,2
65188,1093,1348,547,5
65189,1093,1348,564,5
65190,1093,1348,580,4
65191,1093,1348,647,4
65192,1092,1347,19,3
65193,1092,1347,33,2
65194,1092,1347,57,4
65195,1092,1347,73,3.5
65196,1092,1347,95,5
65197,1092,1347,102,5
65198,1092,1347,117,0.5
65199,1092,1347,119,2
65200,1092,1347,149,3.5
65201,1092,1347,165,4.5
65202,1092,1347,243,3.5
65203,1092,1347,262,3.5
65204,1092,1347,285,2
65205,1092,1347,308,3
65206,1092,1347,327,4
65207,1092,1347,344,2
65208,1092,1347,355,4
65209,1092,1347,457,3
65210,1092,1347,461,4
65211,1092,1347,463,4
65212,1092,1347,468,2.5
65213,1092,1347,482,2
65214,1092,1347,514,4
65215,1092,1347,518,4
65216,1092,1347,532,3.5
65217,1092,1347,547,3
65218,1092,1347,564,4
65219,1092,1347,571,3
65220,1092,1347,580,3
65221,1092,1347,596,2.5
65222,1092,1347,617,3
65223,1092,1347,654,4.5
65224,1091,1346,21,3
65225,1091,1346,30,4
65226,1091,1346,57,4
65227,1091,1346,102,3
65228,1091,1346,105,3
65229,1091,1346,306,2
65230,1091,1346,308,3
65231,1091,1346,518,4
65232,1091,1346,547,2
65233,1090,1345,19,4
65234,1090,1345,21,3
65235,1090,1345,30,3
65236,1090,1345,57,5
65237,1090,1345,73,4
65238,1090,1345,78,4
65239,1090,1345,95,4
65240,1090,1345,102,5
65241,1090,1345,119,4
65242,1090,1345,134,4.5
65243,1090,1345,187,4
65244,1090,1345,212,3.5
65245,1090,1345,236,4
65246,1090,1345,240,4
65247,1090,1345,262,4
65248,1090,1345,285,2
65249,1090,1345,294,3.5
65250,1090,1345,313,3
65251,1090,1345,337,2
65252,1090,1345,348,5
65253,1090,1345,365,3
65254,1090,1345,388,4
65255,1090,1345,408,3
65256,1090,1345,423,3.5
65257,1090,1345,452,3
65258,1090,1345,457,3
65259,1090,1345,461,3.5
65260,1090,1345,469,5
65261,1090,1345,514,4
65262,1090,1345,518,4
65263,1090,1345,547,3
65264,1090,1345,561,3
65265,1090,1345,564,5
65266,1090,1345,605,3
65267,1090,1345,615,2.5
65268,1090,1345,617,4
65269,1090,1345,654,4
65270,1089,1344,4,5
65271,1089,1344,19,5
65272,1089,1344,236,4
65273,1089,1344,311,3
65274,1089,1344,312,4
65275,1089,1344,342,5
65276,1089,1344,344,3
65277,1089,1344,358,3
65278,1089,1344,377,3
65279,1089,1344,391,2
65280,1089,1344,423,4.5
65281,1089,1344,452,4
65282,1089,1344,463,3
65283,1089,1344,468,3.5
65284,1089,1344,514,4
65285,1089,1344,518,3
65286,1089,1344,547,2
65287,1089,1344,554,4
65288,1089,1344,605,4
65289,1088,1343,1,2
65290,1088,1343,19,4
65291,1088,1343,23,4
65292,1088,1343,27,4
65293,1088,1343,30,5
65294,1088,1343,73,4
65295,1088,1343,120,3.5
65296,1088,1343,177,3
65297,1088,1343,207,5
65298,1088,1343,214,5
65299,1088,1343,242,4
65300,1088,1343,262,2
65301,1088,1343,291,4.5
65302,1088,1343,299,4
65303,1088,1343,306,4
65304,1088,1343,311,2
65305,1088,1343,341,4
65306,1088,1343,342,4
65307,1088,1343,344,3
65308,1088,1343,388,2
65309,1088,1343,403,4
65310,1088,1343,407,3
65311,1088,1343,452,4
65312,1088,1343,457,4
65313,1088,1343,463,4
65314,1088,1343,514,4
65315,1088,1343,518,3
65316,1088,1343,529,5
65317,1088,1343,534,4
65318,1088,1343,547,4
65319,1088,1343,564,4
65320,1088,1343,580,3.5
65321,1088,1343,596,3.5
65322,1088,1343,605,3
65323,1088,1343,607,3
65324,1088,1343,613,4
65325,1088,1343,624,5
65326,1088,1343,647,4
65327,1088,1343,654,4
65328,1087,1342,15,2
65329,1087,1342,19,3
65330,1087,1342,73,3
65331,1087,1342,95,4
65332,1087,1342,102,3
65333,1087,1342,119,2
65334,1087,1342,262,2.5
65335,1087,1342,308,4
65336,1087,1342,337,2
65337,1087,1342,355,3.5
65338,1087,1342,388,4
65339,1087,1342,457,2.5
65340,1087,1342,471,2.5
65341,1087,1342,514,4
65342,1087,1342,518,2
65343,1087,1342,564,5
65344,1087,1342,580,3
65345,1086,1341,102,4
65346,1086,1341,306,4
65347,1086,1341,403,3
65348,1086,1341,564,5
65349,1085,1340,34,3
65350,1085,1340,102,5
65351,1085,1340,119,4
65352,1085,1340,403,4
65353,1085,1340,468,3.5
65354,1085,1340,547,4.5
65355,1085,1340,587,4
65356,1085,1340,605,2
65357,1084,1339,1,3.5
65358,1084,1339,15,2
65359,1084,1339,19,3
65360,1084,1339,22,4.5
65361,1084,1339,30,4
65362,1084,1339,34,4
65363,1084,1339,73,3
65364,1084,1339,81,1.5
65365,1084,1339,95,5
65366,1084,1339,102,3
65367,1084,1339,103,3.5
65368,1084,1339,119,5
65369,1084,1339,130,2
65370,1084,1339,195,4
65371,1084,1339,207,4
65372,1084,1339,243,4.5
65373,1084,1339,247,4
65374,1084,1339,285,3
65375,1084,1339,290,4.5
65376,1084,1339,294,3
65377,1084,1339,297,4.5
65378,1084,1339,300,3
65379,1084,1339,308,1
65380,1084,1339,310,3.5
65381,1084,1339,312,4
65382,1084,1339,325,2.5
65383,1084,1339,337,1
65384,1084,1339,358,1
65385,1084,1339,362,4.5
65386,1084,1339,380,3.5
65387,1084,1339,388,3
65388,1084,1339,403,5
65389,1084,1339,463,4
65390,1084,1339,468,2.5
65391,1084,1339,470,2.5
65392,1084,1339,472,1
65393,1084,1339,509,2
65394,1084,1339,514,3
65395,1084,1339,518,3
65396,1084,1339,529,3
65397,1084,1339,534,4
65398,1084,1339,560,3
65399,1084,1339,562,3.5
65400,1084,1339,564,3
65401,1084,1339,575,4
65402,1084,1339,580,3
65403,1084,1339,614,4
65404,1084,1339,617,4
65405,1084,1339,618,4
65406,1084,1339,658,4
65407,1084,1339,664,3.5
65408,1084,1339,665,3
65409,1083,1337,482,2
65410,1083,1337,547,3.5
65411,1083,1337,564,3
65412,1082,1336,19,3
65413,1082,1336,564,4
65414,1081,1335,564,4
65415,1080,1334,4,5
65416,1080,1334,15,2
65417,1080,1334,19,3
65418,1080,1334,21,3
65419,1080,1334,30,4
65420,1080,1334,99,2
65421,1080,1334,311,2
65422,1080,1334,482,4
65423,1080,1334,514,3
65424,1080,1334,518,3
65425,1080,1334,525,4
65426,1080,1334,547,2
65427,1080,1334,564,4
65428,1080,1334,597,3
65429,1080,1334,605,3
65430,1079,1333,15,2
65431,1079,1333,17,2
65432,1079,1333,19,4
65433,1079,1333,23,3.5
65434,1079,1333,30,5
65435,1079,1333,41,2.5
65436,1079,1333,45,4.5
65437,1079,1333,54,2
65438,1079,1333,99,4
65439,1079,1333,102,5
65440,1079,1333,105,3.5
65441,1079,1333,111,3
65442,1079,1333,119,4
65443,1079,1333,130,3
65444,1079,1333,165,2.5
65445,1079,1333,202,4
65446,1079,1333,213,2
65447,1079,1333,220,4
65448,1079,1333,232,2
65449,1079,1333,236,4.5
65450,1079,1333,242,5
65451,1079,1333,243,3.5
65452,1079,1333,262,3
65453,1079,1333,263,4
65454,1079,1333,355,4.5
65455,1079,1333,378,3.5
65456,1079,1333,394,4
65457,1079,1333,403,4
65458,1079,1333,407,4
65459,1079,1333,420,4
65460,1079,1333,423,4
65461,1079,1333,452,4
65462,1079,1333,468,4
65463,1079,1333,470,3.5
65464,1079,1333,471,3.5
65465,1079,1333,472,4.5
65466,1079,1333,482,4
65467,1079,1333,505,3
65468,1079,1333,514,4
65469,1079,1333,518,5
65470,1079,1333,529,3
65471,1079,1333,537,5
65472,1079,1333,547,5
65473,1079,1333,554,4
65474,1079,1333,564,5
65475,1079,1333,580,4
65476,1079,1333,596,4
65477,1079,1333,605,4
65478,1079,1333,608,5
65479,1079,1333,617,3
65480,1079,1333,664,3.5
65481,1078,1332,4,4
65482,1078,1332,19,2
65483,1078,1332,30,4
65484,1078,1332,119,4
65485,1078,1332,306,4
65486,1078,1332,547,1.5
65487,1078,1332,564,5
65488,1077,1331,518,3
65489,1077,1331,547,1
65490,1077,1331,564,3
65491,1076,1330,95,4
65492,1076,1330,308,5
65493,1076,1330,457,2
65494,1076,1330,463,2
65495,1076,1330,514,3
65496,1076,1330,518,4
65497,1076,1330,564,4
65498,1075,1329,564,3
65499,1074,1328,337,1
65500,1073,1327,19,3
65501,1073,1327,21,3
65502,1073,1327,30,4
65503,1073,1327,57,4
65504,1073,1327,95,4
65505,1073,1327,102,4
65506,1073,1327,142,3
65507,1073,1327,202,3
65508,1073,1327,285,1
65509,1073,1327,306,4
65510,1073,1327,452,1.5
65511,1073,1327,514,3
65512,1073,1327,605,3
65513,1072,1326,57,1
65514,1072,1326,514,2
65515,1072,1326,564,5
65516,1071,1325,564,1
65517,1070,1324,295,1
65518,1069,1323,57,2
65519,1069,1323,102,2
65520,1069,1323,514,2
65521,1069,1323,564,3
65522,1068,1322,95,2
65523,1068,1322,564,3
65524,1067,1321,19,3
65525,1067,1321,21,4
65526,1067,1321,30,4
65527,1067,1321,34,4
65528,1067,1321,57,5
65529,1067,1321,58,4
65530,1067,1321,73,3
65531,1067,1321,77,4
65532,1067,1321,95,5
65533,1067,1321,102,4
65534,1067,1321,105,3.5
65535,1067,1321,206,3
65536,1067,1321,213,2.5
65537,1067,1321,214,5
65538,1067,1321,262,3
65539,1067,1321,291,4.5
65540,1067,1321,299,3.5
65541,1067,1321,306,4
65542,1067,1321,337,1
65543,1067,1321,403,4
65544,1067,1321,414,4
65545,1067,1321,423,4.5
65546,1067,1321,452,3
65547,1067,1321,461,4
65548,1067,1321,466,3
65549,1067,1321,472,4.5
65550,1067,1321,482,3
65551,1067,1321,485,2.5
65552,1067,1321,514,4
65553,1067,1321,518,3
65554,1067,1321,537,3
65555,1067,1321,547,4
65556,1067,1321,564,5
65557,1067,1321,580,3.5
65558,1067,1321,594,3
65559,1067,1321,605,3
65560,1067,1321,613,4.5
65561,1067,1321,628,2.5
65562,1066,1320,15,3
65563,1066,1320,19,3
65564,1066,1320,21,3
65565,1066,1320,22,3.5
65566,1066,1320,30,3
65567,1066,1320,34,3
65568,1066,1320,41,4
65569,1066,1320,42,1.5
65570,1066,1320,58,3
65571,1066,1320,73,3.5
65572,1066,1320,78,3.5
65573,1066,1320,95,4
65574,1066,1320,102,3
65575,1066,1320,103,3
65576,1066,1320,105,3.5
65577,1066,1320,119,2
65578,1066,1320,128,2
65579,1066,1320,157,3.5
65580,1066,1320,165,3.5
65581,1066,1320,177,3
65582,1066,1320,185,3
65583,1066,1320,195,3
65584,1066,1320,199,4.5
65585,1066,1320,218,3.5
65586,1066,1320,237,2
65587,1066,1320,247,3
65588,1066,1320,248,4
65589,1066,1320,253,1.5
65590,1066,1320,293,3
65591,1066,1320,312,1
65592,1066,1320,332,4
65593,1066,1320,344,3
65594,1066,1320,346,2
65595,1066,1320,353,3
65596,1066,1320,355,3.5
65597,1066,1320,363,3
65598,1066,1320,388,5
65599,1066,1320,390,3
65600,1066,1320,401,5
65601,1066,1320,432,3
65602,1066,1320,439,3
65603,1066,1320,460,3.5
65604,1066,1320,461,2
65605,1066,1320,463,2
65606,1066,1320,471,3.5
65607,1066,1320,525,4
65608,1066,1320,544,4
65609,1066,1320,554,2
65610,1066,1320,560,4.5
65611,1066,1320,564,4
65612,1066,1320,580,3.5
65613,1066,1320,592,4
65614,1066,1320,603,3
65615,1066,1320,654,3.5
65616,1066,1320,664,4
65617,1065,1317,119,4
65618,1064,1312,564,5
65619,1063,1311,581,0.5
65620,1062,1310,472,4.5
65621,1061,1307,4,4
65622,1061,1307,5,4
65623,1061,1307,7,3
65624,1061,1307,15,5
65625,1061,1307,19,3
65626,1061,1307,23,4
65627,1061,1307,30,4
65628,1061,1307,37,5
65629,1061,1307,56,2
65630,1061,1307,57,5
65631,1061,1307,63,2
65632,1061,1307,88,4
65633,1061,1307,93,4
65634,1061,1307,102,3
65635,1061,1307,105,4
65636,1061,1307,111,3.5
65637,1061,1307,117,4.5
65638,1061,1307,120,3
65639,1061,1307,130,3.5
65640,1061,1307,134,3
65641,1061,1307,160,5
65642,1061,1307,165,2.5
65643,1061,1307,185,3
65644,1061,1307,195,3
65645,1061,1307,200,4
65646,1061,1307,206,3
65647,1061,1307,210,2.5
65648,1061,1307,212,2.5
65649,1061,1307,214,4
65650,1061,1307,216,3.5
65651,1061,1307,218,3
65652,1061,1307,219,3
65653,1061,1307,220,5
65654,1061,1307,232,4
65655,1061,1307,235,4
65656,1061,1307,238,4.5
65657,1061,1307,239,5
65658,1061,1307,242,5
65659,1061,1307,263,3.5
65660,1061,1307,264,5
65661,1061,1307,265,4
65662,1061,1307,268,5
65663,1061,1307,275,4.5
65664,1061,1307,294,3.5
65665,1061,1307,303,4
65666,1061,1307,306,5
65667,1061,1307,311,4
65668,1061,1307,342,5
65669,1061,1307,344,3
65670,1061,1307,358,5
65671,1061,1307,372,4
65672,1061,1307,373,4
65673,1061,1307,420,4
65674,1061,1307,431,3
65675,1061,1307,439,4
65676,1061,1307,442,5
65677,1061,1307,452,4
65678,1061,1307,461,5
65679,1061,1307,463,4
65680,1061,1307,466,5
65681,1061,1307,472,5
65682,1061,1307,497,5
65683,1061,1307,505,4
65684,1061,1307,509,4.5
65685,1061,1307,510,4
65686,1061,1307,514,4
65687,1061,1307,518,5
65688,1061,1307,527,3
65689,1061,1307,528,4
65690,1061,1307,537,4
65691,1061,1307,539,3
65692,1061,1307,547,5
65693,1061,1307,559,5
65694,1061,1307,561,4
65695,1061,1307,562,4
65696,1061,1307,569,4
65697,1061,1307,575,2
65698,1061,1307,577,4.5
65699,1061,1307,580,3
65700,1061,1307,582,5
65701,1061,1307,585,5
65702,1061,1307,587,4
65703,1061,1307,597,4
65704,1061,1307,624,3
65705,1061,1307,627,1.5
65706,1061,1307,654,4
65707,1061,1307,665,4
65708,1060,1306,19,3
65709,1060,1306,177,3
65710,1060,1306,299,4
65711,1060,1306,391,1
65712,1060,1306,492,5
65713,1060,1306,537,1
65714,1060,1306,564,3
65715,1059,1305,23,4.5
65716,1059,1305,105,4
65717,1059,1305,232,5
65718,1059,1305,236,4.5
65719,1059,1305,263,3
65720,1059,1305,299,4.5
65721,1059,1305,457,4
65722,1059,1305,468,3.5
65723,1059,1305,514,4
65724,1059,1305,537,5
65725,1059,1305,547,4.5
65726,1059,1305,564,5
65727,1058,1304,15,3
65728,1058,1304,19,3
65729,1058,1304,23,4
65730,1058,1304,30,4
65731,1058,1304,56,2
65732,1058,1304,63,4
65733,1058,1304,65,4
65734,1058,1304,93,4.5
65735,1058,1304,99,5
65736,1058,1304,102,5
65737,1058,1304,118,5
65738,1058,1304,119,4
65739,1058,1304,125,4.5
65740,1058,1304,130,4
65741,1058,1304,143,4
65742,1058,1304,148,4
65743,1058,1304,177,5
65744,1058,1304,195,5
65745,1058,1304,202,5
65746,1058,1304,204,4
65747,1058,1304,212,5
65748,1058,1304,214,5
65749,1058,1304,216,4
65750,1058,1304,232,5
65751,1058,1304,242,5
65752,1058,1304,253,4.5
65753,1058,1304,255,5
65754,1058,1304,263,4.5
65755,1058,1304,265,4
65756,1058,1304,268,5
65757,1058,1304,271,3
65758,1058,1304,278,2
65759,1058,1304,281,3.5
65760,1058,1304,306,4
65761,1058,1304,311,2.5
65762,1058,1304,342,5
65763,1058,1304,345,4
65764,1058,1304,358,5
65765,1058,1304,387,5
65766,1058,1304,388,5
65767,1058,1304,390,5
65768,1058,1304,405,5
65769,1058,1304,407,5
65770,1058,1304,417,4
65771,1058,1304,419,4.5
65772,1058,1304,420,5
65773,1058,1304,423,4.5
65774,1058,1304,434,4
65775,1058,1304,452,5
65776,1058,1304,457,0.5
65777,1058,1304,460,4
65778,1058,1304,461,3
65779,1058,1304,468,3.5
65780,1058,1304,472,5
65781,1058,1304,474,4
65782,1058,1304,481,5
65783,1058,1304,505,3.5
65784,1058,1304,509,4.5
65785,1058,1304,510,4
65786,1058,1304,514,4
65787,1058,1304,529,2
65788,1058,1304,537,4
65789,1058,1304,547,5
65790,1058,1304,553,4
65791,1058,1304,559,4
65792,1058,1304,564,5
65793,1058,1304,575,4
65794,1058,1304,580,3
65795,1058,1304,587,4
65796,1058,1304,594,4
65797,1058,1304,597,5
65798,1058,1304,605,4
65799,1058,1304,624,4
65800,1058,1304,646,4
65801,1058,1304,669,5
65802,1057,1303,15,2
65803,1057,1303,21,5
65804,1057,1303,30,4
65805,1057,1303,119,4
65806,1057,1303,232,5
65807,1057,1303,265,4
65808,1057,1303,278,2
65809,1057,1303,304,4.5
65810,1057,1303,420,4
65811,1057,1303,434,4
65812,1057,1303,452,3.5
65813,1057,1303,468,4
65814,1057,1303,472,4
65815,1057,1303,529,4
65816,1057,1303,547,5
65817,1056,1302,7,4
65818,1056,1302,8,3.5
65819,1056,1302,15,3
65820,1056,1302,19,3
65821,1056,1302,21,4
65822,1056,1302,30,4
65823,1056,1302,41,3
65824,1056,1302,56,4
65825,1056,1302,57,4
65826,1056,1302,68,4.5
65827,1056,1302,73,2
65828,1056,1302,74,4
65829,1056,1302,88,2.5
65830,1056,1302,102,3
65831,1056,1302,120,3.5
65832,1056,1302,130,3.5
65833,1056,1302,133,1
65834,1056,1302,146,4
65835,1056,1302,150,4
65836,1056,1302,160,4
65837,1056,1302,178,2.5
65838,1056,1302,195,3
65839,1056,1302,206,3
65840,1056,1302,212,3.5
65841,1056,1302,214,5
65842,1056,1302,216,4
65843,1056,1302,232,5
65844,1056,1302,242,5
65845,1056,1302,245,3
65846,1056,1302,253,4
65847,1056,1302,282,3.5
65848,1056,1302,303,4.5
65849,1056,1302,306,4
65850,1056,1302,311,4.5
65851,1056,1302,344,3
65852,1056,1302,345,2.5
65853,1056,1302,380,4
65854,1056,1302,382,4
65855,1056,1302,387,5
65856,1056,1302,388,4
65857,1056,1302,391,3
65858,1056,1302,402,3.5
65859,1056,1302,405,2.5
65860,1056,1302,408,2
65861,1056,1302,420,3
65862,1056,1302,431,4
65863,1056,1302,452,4
65864,1056,1302,460,2.5
65865,1056,1302,463,3
65866,1056,1302,468,2.5
65867,1056,1302,497,4
65868,1056,1302,509,4
65869,1056,1302,514,3
65870,1056,1302,518,5
65871,1056,1302,533,2
65872,1056,1302,537,3
65873,1056,1302,547,4
65874,1056,1302,561,4.5
65875,1056,1302,564,5
65876,1056,1302,575,5
65877,1056,1302,577,4
65878,1056,1302,587,4.5
65879,1056,1302,596,2.5
65880,1056,1302,605,3
65881,1056,1302,607,3.5
65882,1056,1302,624,3
65883,1056,1302,645,4
65884,1055,1301,21,3
65885,1055,1301,185,4
65886,1055,1301,311,1.5
65887,1055,1301,346,3
65888,1055,1301,391,5
65889,1055,1301,401,5
65890,1055,1301,525,5
65891,1055,1301,564,4
65892,1055,1301,597,4
65893,1054,1300,28,4
65894,1054,1300,102,4
65895,1054,1300,105,3
65896,1054,1300,220,5
65897,1054,1300,232,5
65898,1054,1300,240,4.5
65899,1054,1300,306,4
65900,1054,1300,344,4
65901,1054,1300,373,5
65902,1054,1300,408,4
65903,1054,1300,434,3
65904,1054,1300,468,2.5
65905,1054,1300,497,5
65906,1054,1300,509,4
65907,1054,1300,510,4
65908,1054,1300,537,5
65909,1054,1300,547,3
65910,1054,1300,564,4
65911,1054,1300,580,4
65912,1053,1299,19,4
65913,1053,1299,31,4
65914,1053,1299,34,4
65915,1053,1299,57,5
65916,1053,1299,65,5
65917,1053,1299,73,3.5
65918,1053,1299,102,4
65919,1053,1299,105,4
65920,1053,1299,119,4
65921,1053,1299,130,4
65922,1053,1299,170,3.5
65923,1053,1299,206,4
65924,1053,1299,214,5
65925,1053,1299,232,5
65926,1053,1299,242,5
65927,1053,1299,265,4
65928,1053,1299,311,3
65929,1053,1299,312,5
65930,1053,1299,373,5
65931,1053,1299,376,5
65932,1053,1299,382,1
65933,1053,1299,388,5
65934,1053,1299,431,5
65935,1053,1299,451,4
65936,1053,1299,452,4
65937,1053,1299,472,5
65938,1053,1299,505,3.5
65939,1053,1299,509,4
65940,1053,1299,510,3
65941,1053,1299,537,5
65942,1053,1299,547,5
65943,1053,1299,558,5
65944,1053,1299,564,5
65945,1053,1299,585,5
65946,1053,1299,587,4
65947,1052,1298,4,4
65948,1052,1298,7,3
65949,1052,1298,17,4.5
65950,1052,1298,19,1
65951,1052,1298,21,3
65952,1052,1298,34,3
65953,1052,1298,41,5
65954,1052,1298,73,1.5
65955,1052,1298,81,4
65956,1052,1298,105,3.5
65957,1052,1298,232,5
65958,1052,1298,285,3
65959,1052,1298,350,5
65960,1052,1298,353,3.5
65961,1052,1298,391,1
65962,1052,1298,423,3.5
65963,1052,1298,430,5
65964,1052,1298,450,5
65965,1052,1298,463,4
65966,1052,1298,509,5
65967,1052,1298,514,5
65968,1052,1298,564,4
65969,1052,1298,592,2
65970,1052,1298,598,4
65971,1051,1297,15,4
65972,1051,1297,19,4
65973,1051,1297,21,3
65974,1051,1297,75,3
65975,1051,1297,111,4
65976,1051,1297,206,3
65977,1051,1297,239,4
65978,1051,1297,311,1.5
65979,1051,1297,345,4
65980,1051,1297,358,2
65981,1051,1297,367,4.5
65982,1051,1297,373,2
65983,1051,1297,466,2
65984,1051,1297,468,2.5
65985,1051,1297,514,4
65986,1051,1297,518,4
65987,1051,1297,564,4
65988,1051,1297,585,4
65989,1051,1297,598,3
65990,1051,1297,646,5
65991,1050,1296,21,4
65992,1050,1296,28,5
65993,1050,1296,57,5
65994,1050,1296,102,4
65995,1050,1296,119,4
65996,1050,1296,152,1
65997,1050,1296,189,1
65998,1050,1296,214,4
65999,1050,1296,232,4
66000,1050,1296,242,4
66001,1050,1296,264,2
66002,1050,1296,265,4
66003,1050,1296,289,3.5
66004,1050,1296,306,4
66005,1050,1296,311,2
66006,1050,1296,391,5
66007,1050,1296,408,4
66008,1050,1296,451,5
66009,1050,1296,463,4
66010,1050,1296,468,3
66011,1050,1296,472,4
66012,1050,1296,497,3
66013,1050,1296,505,4.5
66014,1050,1296,509,4
66015,1050,1296,510,5
66016,1050,1296,514,4
66017,1050,1296,537,5
66018,1050,1296,545,5
66019,1050,1296,547,5
66020,1050,1296,580,4
66021,1050,1296,661,2.5
66022,1049,1295,12,1
66023,1049,1295,21,3
66024,1049,1295,52,4
66025,1049,1295,81,3.5
66026,1049,1295,232,4
66027,1049,1295,342,4
66028,1049,1295,359,4.5
66029,1049,1295,405,3.5
66030,1049,1295,468,3
66031,1049,1295,470,3.5
66032,1049,1295,472,4
66033,1049,1295,492,2
66034,1049,1295,497,2
66035,1049,1295,509,4
66036,1049,1295,533,1
66037,1049,1295,547,5
66038,1049,1295,564,1
66039,1048,1293,1,2
66040,1048,1293,15,4
66041,1048,1293,20,3.5
66042,1048,1293,23,5
66043,1048,1293,48,4
66044,1048,1293,73,4.5
66045,1048,1293,78,5
66046,1048,1293,88,4
66047,1048,1293,102,5
66048,1048,1293,119,4
66049,1048,1293,130,4
66050,1048,1293,195,4
66051,1048,1293,211,5
66052,1048,1293,212,4
66053,1048,1293,232,5
66054,1048,1293,236,3
66055,1048,1293,265,4
66056,1048,1293,281,4.5
66057,1048,1293,283,4.5
66058,1048,1293,309,5
66059,1048,1293,311,5
66060,1048,1293,335,4.5
66061,1048,1293,353,2
66062,1048,1293,387,3
66063,1048,1293,388,4.5
66064,1048,1293,391,4
66065,1048,1293,394,1.5
66066,1048,1293,419,4.5
66067,1048,1293,434,2
66068,1048,1293,452,4
66069,1048,1293,468,3.5
66070,1048,1293,497,4
66071,1048,1293,505,3.5
66072,1048,1293,527,2.5
66073,1048,1293,529,4
66074,1048,1293,532,4.5
66075,1048,1293,539,3
66076,1048,1293,545,5
66077,1048,1293,547,5
66078,1048,1293,564,4
66079,1048,1293,575,4
66080,1048,1293,576,5
66081,1048,1293,587,5
66082,1048,1293,601,4.5
66083,1048,1293,607,3.5
66084,1048,1293,634,3
66085,1047,1292,19,4
66086,1047,1292,21,4
66087,1047,1292,30,5
66088,1047,1292,65,5
66089,1047,1292,68,4
66090,1047,1292,102,5
66091,1047,1292,119,5
66092,1047,1292,137,2
66093,1047,1292,195,2
66094,1047,1292,232,5
66095,1047,1292,306,4
66096,1047,1292,311,2
66097,1047,1292,345,3.5
66098,1047,1292,373,4
66099,1047,1292,387,5
66100,1047,1292,405,5
66101,1047,1292,434,4
66102,1047,1292,452,3
66103,1047,1292,468,3.5
66104,1047,1292,472,5
66105,1047,1292,502,4
66106,1047,1292,505,3.5
66107,1047,1292,537,4
66108,1047,1292,547,4
66109,1047,1292,559,5
66110,1047,1292,564,5
66111,1047,1292,585,5
66112,1047,1292,587,4
66113,1046,1291,4,5
66114,1046,1291,7,3
66115,1046,1291,8,4
66116,1046,1291,10,4
66117,1046,1291,15,4
66118,1046,1291,19,3
66119,1046,1291,21,4
66120,1046,1291,22,5
66121,1046,1291,23,3.5
66122,1046,1291,30,4
66123,1046,1291,33,4
66124,1046,1291,42,4.5
66125,1046,1291,49,5
66126,1046,1291,56,4
66127,1046,1291,57,5
66128,1046,1291,68,4.5
66129,1046,1291,73,5
66130,1046,1291,75,4.5
66131,1046,1291,77,4
66132,1046,1291,79,2.5
66133,1046,1291,88,3
66134,1046,1291,91,5
66135,1046,1291,93,3.5
66136,1046,1291,97,3
66137,1046,1291,101,4.5
66138,1046,1291,105,3
66139,1046,1291,111,5
66140,1046,1291,119,3
66141,1046,1291,124,4
66142,1046,1291,125,4.5
66143,1046,1291,130,4
66144,1046,1291,134,5
66145,1046,1291,137,5
66146,1046,1291,150,4.5
66147,1046,1291,157,3.5
66148,1046,1291,165,3
66149,1046,1291,175,4
66150,1046,1291,176,3
66151,1046,1291,195,3
66152,1046,1291,200,4.5
66153,1046,1291,201,5
66154,1046,1291,205,3.5
66155,1046,1291,206,4
66156,1046,1291,210,2.5
66157,1046,1291,212,3
66158,1046,1291,213,3
66159,1046,1291,214,4
66160,1046,1291,217,5
66161,1046,1291,228,5
66162,1046,1291,232,4
66163,1046,1291,236,4
66164,1046,1291,242,5
66165,1046,1291,243,4.5
66166,1046,1291,247,5
66167,1046,1291,253,4.5
66168,1046,1291,268,4.5
66169,1046,1291,271,3
66170,1046,1291,272,3.5
66171,1046,1291,273,4.5
66172,1046,1291,282,4.5
66173,1046,1291,285,3
66174,1046,1291,287,5
66175,1046,1291,291,5
66176,1046,1291,292,4
66177,1046,1291,294,4.5
66178,1046,1291,295,4
66179,1046,1291,300,4.5
66180,1046,1291,306,4
66181,1046,1291,311,4.5
66182,1046,1291,312,2
66183,1046,1291,314,5
66184,1046,1291,316,4
66185,1046,1291,326,4
66186,1046,1291,328,3.5
66187,1046,1291,340,4
66188,1046,1291,344,5
66189,1046,1291,345,4
66190,1046,1291,350,5
66191,1046,1291,353,3
66192,1046,1291,355,5
66193,1046,1291,358,3
66194,1046,1291,362,4.5
66195,1046,1291,367,2
66196,1046,1291,384,4.5
66197,1046,1291,388,5
66198,1046,1291,390,3
66199,1046,1291,394,4.5
66200,1046,1291,405,4.5
66201,1046,1291,408,2
66202,1046,1291,420,3
66203,1046,1291,428,4
66204,1046,1291,430,4
66205,1046,1291,431,4
66206,1046,1291,442,4.5
66207,1046,1291,443,5
66208,1046,1291,448,5
66209,1046,1291,452,4
66210,1046,1291,456,4.5
66211,1046,1291,457,2
66212,1046,1291,458,4
66213,1046,1291,460,4
66214,1046,1291,461,3.5
66215,1046,1291,463,3
66216,1046,1291,466,4
66217,1046,1291,468,3
66218,1046,1291,471,4.5
66219,1046,1291,481,4
66220,1046,1291,483,4
66221,1046,1291,503,4
66222,1046,1291,505,3.5
66223,1046,1291,509,4
66224,1046,1291,510,4
66225,1046,1291,512,4
66226,1046,1291,514,3
66227,1046,1291,518,5
66228,1046,1291,520,3
66229,1046,1291,523,5
66230,1046,1291,525,3
66231,1046,1291,527,1.5
66232,1046,1291,532,4
66233,1046,1291,537,4
66234,1046,1291,546,5
66235,1046,1291,550,4
66236,1046,1291,553,5
66237,1046,1291,559,5
66238,1046,1291,561,4.5
66239,1046,1291,562,5
66240,1046,1291,564,4
66241,1046,1291,570,4
66242,1046,1291,574,4
66243,1046,1291,575,3
66244,1046,1291,577,5
66245,1046,1291,580,3.5
66246,1046,1291,592,4
66247,1046,1291,598,4
66248,1046,1291,603,4
66249,1046,1291,605,3
66250,1046,1291,607,4.5
66251,1046,1291,608,4
66252,1046,1291,615,4
66253,1046,1291,622,5
66254,1046,1291,624,4
66255,1046,1291,654,4.5
66256,1046,1291,655,5
66257,1046,1291,660,3.5
66258,1046,1291,664,4.5
66259,1046,1291,671,4
66260,1045,1290,15,3
66261,1045,1290,19,3
66262,1045,1290,212,3.5
66263,1045,1290,242,4
66264,1045,1290,311,2
66265,1045,1290,391,4
66266,1045,1290,463,3
66267,1045,1290,518,4
66268,1045,1290,545,5
66269,1045,1290,547,3
66270,1045,1290,564,4
66271,1045,1290,577,4.5
66272,1044,1289,15,4
66273,1044,1289,38,4.5
66274,1044,1289,102,4
66275,1044,1289,198,5
66276,1044,1289,232,4
66277,1044,1289,362,4
66278,1044,1289,497,5
66279,1044,1289,514,5
66280,1044,1289,537,3
66281,1044,1289,547,3.5
66282,1044,1289,564,4
66283,1044,1289,576,4
66284,1044,1289,595,1
66285,1043,1288,4,5
66286,1043,1288,7,4
66287,1043,1288,15,4
66288,1043,1288,19,5
66289,1043,1288,21,4
66290,1043,1288,23,3.5
66291,1043,1288,56,4
66292,1043,1288,57,3
66293,1043,1288,65,3
66294,1043,1288,73,2.5
66295,1043,1288,75,4
66296,1043,1288,83,4.5
66297,1043,1288,97,4
66298,1043,1288,102,5
66299,1043,1288,115,4
66300,1043,1288,125,4.5
66301,1043,1288,130,4.5
66302,1043,1288,143,2
66303,1043,1288,148,4.5
66304,1043,1288,178,4.5
66305,1043,1288,185,2
66306,1043,1288,219,4
66307,1043,1288,220,5
66308,1043,1288,232,5
66309,1043,1288,234,2.5
66310,1043,1288,239,4
66311,1043,1288,240,4
66312,1043,1288,247,4
66313,1043,1288,253,4
66314,1043,1288,268,4.5
66315,1043,1288,294,3.5
66316,1043,1288,303,4
66317,1043,1288,306,4
66318,1043,1288,309,5
66319,1043,1288,328,4
66320,1043,1288,351,2
66321,1043,1288,353,0.5
66322,1043,1288,358,5
66323,1043,1288,363,4
66324,1043,1288,373,5
66325,1043,1288,382,2
66326,1043,1288,387,5
66327,1043,1288,402,3.5
66328,1043,1288,408,5
66329,1043,1288,417,4.5
66330,1043,1288,420,5
66331,1043,1288,423,4.5
66332,1043,1288,431,4
66333,1043,1288,434,4
66334,1043,1288,442,5
66335,1043,1288,451,5
66336,1043,1288,452,4
66337,1043,1288,460,5
66338,1043,1288,461,4.5
66339,1043,1288,463,4
66340,1043,1288,466,4
66341,1043,1288,468,4
66342,1043,1288,472,5
66343,1043,1288,474,5
66344,1043,1288,486,5
66345,1043,1288,497,4
66346,1043,1288,502,5
66347,1043,1288,505,2.5
66348,1043,1288,509,4
66349,1043,1288,514,4
66350,1043,1288,529,4
66351,1043,1288,537,4
66352,1043,1288,547,4.5
66353,1043,1288,561,3
66354,1043,1288,564,4
66355,1043,1288,580,4
66356,1043,1288,585,4
66357,1043,1288,587,4.5
66358,1043,1288,594,5
66359,1043,1288,595,5
66360,1043,1288,596,4.5
66361,1043,1288,597,3
66362,1043,1288,598,5
66363,1043,1288,624,5
66364,1043,1288,647,5
66365,1043,1288,648,3
66366,1043,1288,654,4.5
66367,1042,1287,1,2
66368,1042,1287,7,4
66369,1042,1287,15,2
66370,1042,1287,19,4
66371,1042,1287,21,5
66372,1042,1287,23,4
66373,1042,1287,34,5
66374,1042,1287,49,5
66375,1042,1287,102,4
66376,1042,1287,119,5
66377,1042,1287,137,5
66378,1042,1287,195,5
66379,1042,1287,207,0.5
66380,1042,1287,212,3.5
66381,1042,1287,229,5
66382,1042,1287,232,4
66383,1042,1287,311,4
66384,1042,1287,313,5
66385,1042,1287,326,3
66386,1042,1287,335,3
66387,1042,1287,346,2
66388,1042,1287,358,4
66389,1042,1287,363,5
66390,1042,1287,387,3
66391,1042,1287,388,5
66392,1042,1287,390,3
66393,1042,1287,391,4
66394,1042,1287,404,5
66395,1042,1287,405,4.5
66396,1042,1287,434,5
66397,1042,1287,452,3
66398,1042,1287,461,4
66399,1042,1287,466,4
66400,1042,1287,468,2.5
66401,1042,1287,470,3
66402,1042,1287,488,3.5
66403,1042,1287,505,3.5
66404,1042,1287,529,2
66405,1042,1287,559,5
66406,1042,1287,575,3
66407,1042,1287,577,5
66408,1042,1287,585,5
66409,1042,1287,587,5
66410,1042,1287,596,4
66411,1042,1287,598,4
66412,1042,1287,605,4
66413,1041,1286,19,4
66414,1041,1286,30,3
66415,1041,1286,57,5
66416,1041,1286,206,3
66417,1041,1286,213,2
66418,1041,1286,232,4
66419,1041,1286,306,5
66420,1041,1286,311,2
66421,1041,1286,342,4
66422,1041,1286,351,5
66423,1041,1286,358,2
66424,1041,1286,518,4
66425,1041,1286,537,4
66426,1041,1286,547,2.5
66427,1041,1286,559,5
66428,1041,1286,564,4
66429,1041,1286,575,4
66430,1041,1286,585,3
66431,1040,1285,4,4
66432,1040,1285,6,4.5
66433,1040,1285,19,3
66434,1040,1285,30,4
66435,1040,1285,33,4
66436,1040,1285,56,5
66437,1040,1285,73,3.5
66438,1040,1285,96,4
66439,1040,1285,102,4
66440,1040,1285,134,5
66441,1040,1285,156,4.5
66442,1040,1285,164,4
66443,1040,1285,187,4.5
66444,1040,1285,230,4
66445,1040,1285,232,4
66446,1040,1285,237,4
66447,1040,1285,262,3.5
66448,1040,1285,282,2
66449,1040,1285,285,3
66450,1040,1285,292,4
66451,1040,1285,294,3
66452,1040,1285,303,3.5
66453,1040,1285,306,4
66454,1040,1285,309,3.5
66455,1040,1285,310,4.5
66456,1040,1285,311,0.5
66457,1040,1285,330,4
66458,1040,1285,345,4.5
66459,1040,1285,349,4
66460,1040,1285,358,3
66461,1040,1285,370,4
66462,1040,1285,373,4
66463,1040,1285,378,3.5
66464,1040,1285,380,4
66465,1040,1285,394,5
66466,1040,1285,408,4
66467,1040,1285,423,4.5
66468,1040,1285,430,4
66469,1040,1285,434,4
66470,1040,1285,452,3
66471,1040,1285,457,3
66472,1040,1285,460,5
66473,1040,1285,461,3.5
66474,1040,1285,463,4
66475,1040,1285,470,4.5
66476,1040,1285,472,5
66477,1040,1285,497,4
66478,1040,1285,502,4
66479,1040,1285,509,2
66480,1040,1285,514,4
66481,1040,1285,518,4
66482,1040,1285,537,3
66483,1040,1285,547,3.5
66484,1040,1285,561,4
66485,1040,1285,564,5
66486,1040,1285,580,4
66487,1040,1285,597,3
66488,1040,1285,605,2
66489,1040,1285,606,3
66490,1040,1285,654,4.5
66491,1040,1285,665,4
66492,1039,1284,15,3
66493,1039,1284,19,4
66494,1039,1284,23,4
66495,1039,1284,71,5
66496,1039,1284,96,5
66497,1039,1284,99,3
66498,1039,1284,102,5
66499,1039,1284,148,4
66500,1039,1284,195,5
66501,1039,1284,203,3.5
66502,1039,1284,232,4
66503,1039,1284,311,2
66504,1039,1284,321,5
66505,1039,1284,387,4
66506,1039,1284,452,3.5
66507,1039,1284,460,4.5
66508,1039,1284,461,3
66509,1039,1284,468,3.5
66510,1039,1284,470,4
66511,1039,1284,472,5
66512,1039,1284,505,4.5
66513,1039,1284,537,4
66514,1039,1284,547,4
66515,1039,1284,564,4
66516,1039,1284,575,4
66517,1039,1284,580,4
66518,1039,1284,585,5
66519,1039,1284,587,4
66520,1039,1284,597,5
66521,1039,1284,605,2
66522,1039,1284,608,5
66523,1039,1284,647,2
66524,1038,1283,15,3
66525,1038,1283,19,4
66526,1038,1283,21,4
66527,1038,1283,30,4
66528,1038,1283,56,4
66529,1038,1283,102,5
66530,1038,1283,119,4
66531,1038,1283,229,4
66532,1038,1283,265,5
66533,1038,1283,287,5
66534,1038,1283,311,3
66535,1038,1283,328,3.5
66536,1038,1283,391,4
66537,1038,1283,436,5
66538,1038,1283,452,4
66539,1038,1283,468,3
66540,1038,1283,472,5
66541,1038,1283,510,4
66542,1038,1283,537,4
66543,1038,1283,624,4
66544,1038,1283,647,5
66545,1037,1282,4,5
66546,1037,1282,19,4
66547,1037,1282,21,3
66548,1037,1282,73,4
66549,1037,1282,77,4.5
66550,1037,1282,88,4
66551,1037,1282,99,3
66552,1037,1282,102,4
66553,1037,1282,119,4
66554,1037,1282,128,2
66555,1037,1282,130,4.5
66556,1037,1282,137,2
66557,1037,1282,178,4
66558,1037,1282,185,3
66559,1037,1282,195,5
66560,1037,1282,212,4
66561,1037,1282,213,1
66562,1037,1282,216,4
66563,1037,1282,232,5
66564,1037,1282,242,5
66565,1037,1282,243,3
66566,1037,1282,281,4.5
66567,1037,1282,285,4
66568,1037,1282,294,4.5
66569,1037,1282,304,3
66570,1037,1282,306,4
66571,1037,1282,311,3
66572,1037,1282,344,3
66573,1037,1282,358,4
66574,1037,1282,363,5
66575,1037,1282,382,2
66576,1037,1282,405,5
66577,1037,1282,420,3
66578,1037,1282,442,3.5
66579,1037,1282,461,2.5
66580,1037,1282,466,3
66581,1037,1282,468,3.5
66582,1037,1282,472,3
66583,1037,1282,474,4
66584,1037,1282,481,5
66585,1037,1282,500,3.5
66586,1037,1282,505,3
66587,1037,1282,514,4
66588,1037,1282,518,3
66589,1037,1282,521,3.5
66590,1037,1282,529,3
66591,1037,1282,530,5
66592,1037,1282,537,5
66593,1037,1282,547,5
66594,1037,1282,558,5
66595,1037,1282,561,3
66596,1037,1282,564,4
66597,1037,1282,575,5
66598,1037,1282,577,5
66599,1037,1282,580,3.5
66600,1037,1282,585,4
66601,1037,1282,591,4
66602,1037,1282,592,1
66603,1037,1282,595,3
66604,1037,1282,603,5
66605,1037,1282,605,4
66606,1037,1282,646,4
66607,1037,1282,654,4.5
66608,1037,1282,665,3
66609,1036,1281,15,1
66610,1036,1281,21,4
66611,1036,1281,23,3
66612,1036,1281,102,5
66613,1036,1281,195,4
66614,1036,1281,236,5
66615,1036,1281,243,5
66616,1036,1281,265,4
66617,1036,1281,297,4
66618,1036,1281,335,4
66619,1036,1281,358,5
66620,1036,1281,387,4
66621,1036,1281,423,3.5
66622,1036,1281,468,4
66623,1036,1281,481,5
66624,1036,1281,505,4
66625,1036,1281,509,4
66626,1036,1281,580,4
66627,1036,1281,585,5
66628,1036,1281,596,3
66629,1036,1281,597,4
66630,1036,1281,608,4
66631,1036,1281,648,4.5
66632,1035,1280,15,3
66633,1035,1280,23,5
66634,1035,1280,265,2
66635,1035,1280,306,4
66636,1035,1280,388,4
66637,1035,1280,408,5
66638,1035,1280,420,4
66639,1035,1280,472,4
66640,1035,1280,492,4
66641,1035,1280,499,5
66642,1035,1280,510,5
66643,1035,1280,514,4
66644,1035,1280,529,4
66645,1035,1280,547,4.5
66646,1035,1280,564,4
66647,1035,1280,573,4
66648,1035,1280,587,4.5
66649,1035,1280,614,5
66650,1035,1280,647,4
66651,1034,1279,102,4
66652,1034,1279,299,4
66653,1034,1279,358,4
66654,1034,1279,388,4
66655,1034,1279,391,3
66656,1034,1279,407,3
66657,1034,1279,408,4
66658,1034,1279,472,3
66659,1034,1279,514,3
66660,1034,1279,547,3.5
66661,1034,1279,564,5
66662,1034,1279,596,4.5
66663,1033,1278,4,5
66664,1033,1278,7,3
66665,1033,1278,19,4
66666,1033,1278,30,3
66667,1033,1278,57,5
66668,1033,1278,65,5
66669,1033,1278,68,4
66670,1033,1278,75,4
66671,1033,1278,77,3.5
66672,1033,1278,83,5
66673,1033,1278,88,4
66674,1033,1278,93,4
66675,1033,1278,102,4
66676,1033,1278,105,4
66677,1033,1278,115,4
66678,1033,1278,119,4
66679,1033,1278,125,4.5
66680,1033,1278,134,5
66681,1033,1278,148,5
66682,1033,1278,178,4
66683,1033,1278,185,5
66684,1033,1278,195,5
66685,1033,1278,209,2
66686,1033,1278,212,4
66687,1033,1278,217,2.5
66688,1033,1278,232,5
66689,1033,1278,234,4
66690,1033,1278,239,5
66691,1033,1278,240,4
66692,1033,1278,257,5
66693,1033,1278,268,5
66694,1033,1278,285,4
66695,1033,1278,293,4
66696,1033,1278,294,4.5
66697,1033,1278,295,3.5
66698,1033,1278,306,4
66699,1033,1278,309,5
66700,1033,1278,315,5
66701,1033,1278,328,3.5
66702,1033,1278,342,5
66703,1033,1278,352,4
66704,1033,1278,358,5
66705,1033,1278,372,2
66706,1033,1278,373,3
66707,1033,1278,384,3
66708,1033,1278,417,4.5
66709,1033,1278,420,4
66710,1033,1278,423,4
66711,1033,1278,431,5
66712,1033,1278,434,4
66713,1033,1278,452,4
66714,1033,1278,468,3.5
66715,1033,1278,472,4
66716,1033,1278,482,5
66717,1033,1278,505,3.5
66718,1033,1278,509,4
66719,1033,1278,518,3
66720,1033,1278,519,4
66721,1033,1278,520,3.5
66722,1033,1278,522,4
66723,1033,1278,528,4
66724,1033,1278,529,4
66725,1033,1278,537,4
66726,1033,1278,547,5
66727,1033,1278,553,4
66728,1033,1278,561,4.5
66729,1033,1278,564,5
66730,1033,1278,569,1
66731,1033,1278,575,4
66732,1033,1278,585,5
66733,1033,1278,598,3.5
66734,1033,1278,603,5
66735,1033,1278,624,3
66736,1033,1278,654,4.5
66737,1032,1277,23,3.5
66738,1032,1277,30,5
66739,1032,1277,105,3.5
66740,1032,1277,119,4
66741,1032,1277,130,4
66742,1032,1277,153,4
66743,1032,1277,344,4
66744,1032,1277,346,4
66745,1032,1277,391,4
66746,1032,1277,514,4
66747,1032,1277,575,4
66748,1031,1276,6,4.5
66749,1031,1276,15,2.5
66750,1031,1276,19,4
66751,1031,1276,30,5
66752,1031,1276,34,5
66753,1031,1276,83,5
66754,1031,1276,99,4
66755,1031,1276,102,5
66756,1031,1276,118,5
66757,1031,1276,119,4
66758,1031,1276,130,2.5
66759,1031,1276,177,5
66760,1031,1276,195,5
66761,1031,1276,212,4
66762,1031,1276,232,4
66763,1031,1276,242,5
66764,1031,1276,253,5
66765,1031,1276,265,4
66766,1031,1276,281,4.5
66767,1031,1276,309,4.5
66768,1031,1276,310,0.5
66769,1031,1276,311,2
66770,1031,1276,342,5
66771,1031,1276,345,4.5
66772,1031,1276,358,5
66773,1031,1276,387,5
66774,1031,1276,391,5
66775,1031,1276,423,4
66776,1031,1276,452,4
66777,1031,1276,468,3.5
66778,1031,1276,472,4
66779,1031,1276,494,5
66780,1031,1276,509,4
66781,1031,1276,510,4
66782,1031,1276,514,5
66783,1031,1276,527,4.5
66784,1031,1276,529,3
66785,1031,1276,533,4
66786,1031,1276,537,5
66787,1031,1276,547,4.5
66788,1031,1276,559,5
66789,1031,1276,575,5
66790,1031,1276,585,5
66791,1031,1276,587,3.5
66792,1031,1276,624,5
66793,1031,1276,628,4
66794,1030,1275,7,4
66795,1030,1275,19,3
66796,1030,1275,21,2
66797,1030,1275,57,3
66798,1030,1275,66,3
66799,1030,1275,73,4
66800,1030,1275,105,3
66801,1030,1275,119,4
66802,1030,1275,130,3
66803,1030,1275,134,3
66804,1030,1275,195,2
66805,1030,1275,207,0.5
66806,1030,1275,213,2.5
66807,1030,1275,214,4
66808,1030,1275,232,4
66809,1030,1275,243,4
66810,1030,1275,247,4
66811,1030,1275,263,4
66812,1030,1275,285,3
66813,1030,1275,291,4.5
66814,1030,1275,294,3
66815,1030,1275,310,2.5
66816,1030,1275,311,2
66817,1030,1275,344,3
66818,1030,1275,346,4
66819,1030,1275,355,4
66820,1030,1275,367,3
66821,1030,1275,370,3
66822,1030,1275,380,4
66823,1030,1275,384,3.5
66824,1030,1275,388,2.5
66825,1030,1275,390,3
66826,1030,1275,398,4
66827,1030,1275,420,4
66828,1030,1275,458,3.5
66829,1030,1275,463,4
66830,1030,1275,475,3.5
66831,1030,1275,509,5
66832,1030,1275,514,3
66833,1030,1275,518,5
66834,1030,1275,521,4
66835,1030,1275,561,4
66836,1030,1275,564,1
66837,1030,1275,577,5
66838,1030,1275,580,3
66839,1030,1275,603,5
66840,1030,1275,605,3
66841,1030,1275,607,4
66842,1030,1275,624,5
66843,1029,1274,19,4
66844,1029,1274,48,3.5
66845,1029,1274,73,4.5
66846,1029,1274,77,3.5
66847,1029,1274,103,3.5
66848,1029,1274,149,3.5
66849,1029,1274,157,4
66850,1029,1274,177,5
66851,1029,1274,185,4
66852,1029,1274,199,3
66853,1029,1274,213,2.5
66854,1029,1274,257,4
66855,1029,1274,285,3
66856,1029,1274,293,4
66857,1029,1274,297,4
66858,1029,1274,298,5
66859,1029,1274,327,5
66860,1029,1274,344,4
66861,1029,1274,346,2
66862,1029,1274,355,4
66863,1029,1274,363,4
66864,1029,1274,443,5
66865,1029,1274,472,4
66866,1029,1274,514,5
66867,1029,1274,550,4
66868,1029,1274,561,3.5
66869,1029,1274,563,3.5
66870,1029,1274,564,5
66871,1029,1274,577,5
66872,1029,1274,580,4
66873,1029,1274,597,2
66874,1029,1274,601,3.5
66875,1029,1274,608,4
66876,1029,1274,648,2
66877,1028,1273,102,4
66878,1028,1273,198,2
66879,1028,1273,232,5
66880,1028,1273,262,2.5
66881,1028,1273,299,5
66882,1028,1273,373,4
66883,1028,1273,391,5
66884,1028,1273,408,5
66885,1028,1273,457,3
66886,1028,1273,472,3
66887,1028,1273,486,5
66888,1028,1273,509,3
66889,1028,1273,522,3.5
66890,1028,1273,529,3
66891,1028,1273,537,5
66892,1028,1273,545,4
66893,1028,1273,564,2
66894,1028,1273,580,2
66895,1028,1273,647,5
66896,1027,1272,15,3.5
66897,1027,1272,19,3
66898,1027,1272,23,2
66899,1027,1272,30,5
66900,1027,1272,34,4
66901,1027,1272,49,5
66902,1027,1272,57,3
66903,1027,1272,74,5
66904,1027,1272,75,4
66905,1027,1272,102,5
66906,1027,1272,119,5
66907,1027,1272,152,2.5
66908,1027,1272,170,3
66909,1027,1272,195,4
66910,1027,1272,214,5
66911,1027,1272,232,5
66912,1027,1272,242,4
66913,1027,1272,248,5
66914,1027,1272,281,4.5
66915,1027,1272,309,4.5
66916,1027,1272,341,3.5
66917,1027,1272,342,5
66918,1027,1272,344,4
66919,1027,1272,358,5
66920,1027,1272,380,4.5
66921,1027,1272,417,4
66922,1027,1272,420,3
66923,1027,1272,423,4.5
66924,1027,1272,452,4
66925,1027,1272,468,3.5
66926,1027,1272,472,5
66927,1027,1272,505,3
66928,1027,1272,509,4
66929,1027,1272,514,5
66930,1027,1272,529,3
66931,1027,1272,559,5
66932,1027,1272,564,4
66933,1027,1272,575,3
66934,1027,1272,580,4
66935,1027,1272,587,5
66936,1026,1271,3,3
66937,1026,1271,19,3
66938,1026,1271,30,4
66939,1026,1271,117,4.5
66940,1026,1271,119,4
66941,1026,1271,130,4
66942,1026,1271,133,2
66943,1026,1271,156,4.5
66944,1026,1271,212,4
66945,1026,1271,213,1.5
66946,1026,1271,220,3
66947,1026,1271,232,5
66948,1026,1271,235,5
66949,1026,1271,283,3.5
66950,1026,1271,292,5
66951,1026,1271,294,3
66952,1026,1271,306,2
66953,1026,1271,311,3
66954,1026,1271,342,5
66955,1026,1271,350,5
66956,1026,1271,378,3.5
66957,1026,1271,388,3
66958,1026,1271,391,4
66959,1026,1271,422,4
66960,1026,1271,452,3
66961,1026,1271,470,1.5
66962,1026,1271,509,3
66963,1026,1271,514,4
66964,1026,1271,518,5
66965,1026,1271,529,5
66966,1026,1271,533,3
66967,1026,1271,537,4
66968,1026,1271,547,4
66969,1026,1271,564,5
66970,1026,1271,575,5
66971,1026,1271,580,2
66972,1026,1271,605,4
66973,1026,1271,607,2.5
66974,1026,1271,613,3.5
66975,1026,1271,658,5
66976,1025,1270,4,5
66977,1025,1270,7,3
66978,1025,1270,8,4
66979,1025,1270,15,5
66980,1025,1270,17,4.5
66981,1025,1270,19,5
66982,1025,1270,20,3.5
66983,1025,1270,21,4
66984,1025,1270,22,4
66985,1025,1270,23,4.5
66986,1025,1270,30,5
66987,1025,1270,34,3
66988,1025,1270,41,4
66989,1025,1270,46,5
66990,1025,1270,48,3.5
66991,1025,1270,56,4
66992,1025,1270,57,3
66993,1025,1270,62,4.5
66994,1025,1270,65,3
66995,1025,1270,66,4
66996,1025,1270,68,4
66997,1025,1270,69,5
66998,1025,1270,72,3
66999,1025,1270,73,5
67000,1025,1270,75,4
67001,1025,1270,77,3.5
67002,1025,1270,78,4.5
67003,1025,1270,83,4
67004,1025,1270,88,3.5
67005,1025,1270,91,5
67006,1025,1270,93,3.5
67007,1025,1270,94,4
67008,1025,1270,97,2.5
67009,1025,1270,101,4.5
67010,1025,1270,102,3
67011,1025,1270,105,3
67012,1025,1270,111,4.5
67013,1025,1270,115,5
67014,1025,1270,118,5
67015,1025,1270,119,4
67016,1025,1270,120,4.5
67017,1025,1270,124,5
67018,1025,1270,125,5
67019,1025,1270,130,4
67020,1025,1270,132,2.5
67021,1025,1270,133,2.5
67022,1025,1270,134,4
67023,1025,1270,137,5
67024,1025,1270,138,4
67025,1025,1270,139,4
67026,1025,1270,142,4
67027,1025,1270,146,4.5
67028,1025,1270,149,3
67029,1025,1270,150,4
67030,1025,1270,152,3.5
67031,1025,1270,157,4
67032,1025,1270,159,4
67033,1025,1270,160,3
67034,1025,1270,165,3.5
67035,1025,1270,167,5
67036,1025,1270,169,3.5
67037,1025,1270,170,1
67038,1025,1270,175,3
67039,1025,1270,177,5
67040,1025,1270,179,3
67041,1025,1270,185,4
67042,1025,1270,189,4
67043,1025,1270,193,4
67044,1025,1270,195,3
67045,1025,1270,199,4.5
67046,1025,1270,200,5
67047,1025,1270,201,5
67048,1025,1270,202,5
67049,1025,1270,205,4
67050,1025,1270,206,4
67051,1025,1270,211,4
67052,1025,1270,212,3
67053,1025,1270,213,3
67054,1025,1270,214,4
67055,1025,1270,216,5
67056,1025,1270,217,5
67057,1025,1270,219,5
67058,1025,1270,228,5
67059,1025,1270,232,5
67060,1025,1270,235,4.5
67061,1025,1270,237,4
67062,1025,1270,240,4.5
67063,1025,1270,242,5
67064,1025,1270,243,3.5
67065,1025,1270,244,5
67066,1025,1270,245,5
67067,1025,1270,247,4
67068,1025,1270,248,5
67069,1025,1270,250,4.5
67070,1025,1270,251,5
67071,1025,1270,257,3.5
67072,1025,1270,261,4
67073,1025,1270,262,3
67074,1025,1270,263,3.5
67075,1025,1270,265,3
67076,1025,1270,268,5
67077,1025,1270,271,4
67078,1025,1270,273,4
67079,1025,1270,275,5
67080,1025,1270,281,5
67081,1025,1270,282,3.5
67082,1025,1270,283,3.5
67083,1025,1270,285,4
67084,1025,1270,291,4.5
67085,1025,1270,292,4
67086,1025,1270,293,3
67087,1025,1270,294,4
67088,1025,1270,295,5
67089,1025,1270,297,4
67090,1025,1270,298,5
67091,1025,1270,303,4.5
67092,1025,1270,304,4
67093,1025,1270,306,4
67094,1025,1270,311,4.5
67095,1025,1270,313,4
67096,1025,1270,314,3.5
67097,1025,1270,315,5
67098,1025,1270,328,3.5
67099,1025,1270,339,4
67100,1025,1270,344,4
67101,1025,1270,345,3.5
67102,1025,1270,346,4
67103,1025,1270,350,4
67104,1025,1270,353,3
67105,1025,1270,355,4
67106,1025,1270,358,4
67107,1025,1270,362,5
67108,1025,1270,363,3
67109,1025,1270,367,4
67110,1025,1270,371,3
67111,1025,1270,373,2
67112,1025,1270,380,3
67113,1025,1270,381,4
67114,1025,1270,384,4
67115,1025,1270,386,3
67116,1025,1270,388,4
67117,1025,1270,390,5
67118,1025,1270,394,4
67119,1025,1270,401,4
67120,1025,1270,402,5
67121,1025,1270,405,5
67122,1025,1270,408,3
67123,1025,1270,410,5
67124,1025,1270,420,4
67125,1025,1270,423,3
67126,1025,1270,425,1
67127,1025,1270,428,5
67128,1025,1270,430,4.5
67129,1025,1270,431,4.5
67130,1025,1270,433,5
67131,1025,1270,434,4
67132,1025,1270,439,4
67133,1025,1270,441,3
67134,1025,1270,442,4
67135,1025,1270,448,5
67136,1025,1270,452,4
67137,1025,1270,456,4.5
67138,1025,1270,457,4
67139,1025,1270,458,3
67140,1025,1270,460,4
67141,1025,1270,461,5
67142,1025,1270,463,4
67143,1025,1270,466,3
67144,1025,1270,468,3
67145,1025,1270,472,3
67146,1025,1270,475,5
67147,1025,1270,478,5
67148,1025,1270,479,4.5
67149,1025,1270,480,4
67150,1025,1270,481,5
67151,1025,1270,486,5
67152,1025,1270,493,4
67153,1025,1270,497,3
67154,1025,1270,503,3
67155,1025,1270,505,3.5
67156,1025,1270,509,3
67157,1025,1270,514,4
67158,1025,1270,518,4
67159,1025,1270,519,5
67160,1025,1270,522,4.5
67161,1025,1270,525,4
67162,1025,1270,529,3
67163,1025,1270,533,5
67164,1025,1270,537,4
67165,1025,1270,539,3
67166,1025,1270,544,4.5
67167,1025,1270,546,5
67168,1025,1270,547,3.5
67169,1025,1270,559,5
67170,1025,1270,560,5
67171,1025,1270,561,4
67172,1025,1270,562,3.5
67173,1025,1270,564,3
67174,1025,1270,574,4.5
67175,1025,1270,575,3
67176,1025,1270,576,4
67177,1025,1270,577,5
67178,1025,1270,580,3
67179,1025,1270,584,3.5
67180,1025,1270,585,3
67181,1025,1270,586,4.5
67182,1025,1270,596,3.5
67183,1025,1270,597,4
67184,1025,1270,598,4
67185,1025,1270,599,4.5
67186,1025,1270,605,4
67187,1025,1270,607,4
67188,1025,1270,615,3.5
67189,1025,1270,621,4
67190,1025,1270,623,4
67191,1025,1270,624,5
67192,1025,1270,630,3
67193,1025,1270,646,5
67194,1025,1270,647,2
67195,1025,1270,651,4
67196,1025,1270,654,4.5
67197,1025,1270,655,5
67198,1025,1270,660,2.5
67199,1025,1270,663,4
67200,1025,1270,664,4
67201,1025,1270,665,5
67202,1024,1269,19,4
67203,1024,1269,20,4
67204,1024,1269,23,4
67205,1024,1269,58,5
67206,1024,1269,76,3.5
67207,1024,1269,118,3
67208,1024,1269,119,4
67209,1024,1269,148,5
67210,1024,1269,178,2
67211,1024,1269,195,4
67212,1024,1269,240,3.5
67213,1024,1269,242,5
67214,1024,1269,287,5
67215,1024,1269,294,5
67216,1024,1269,311,2
67217,1024,1269,336,1
67218,1024,1269,351,5
67219,1024,1269,358,4
67220,1024,1269,367,4.5
67221,1024,1269,387,4
67222,1024,1269,420,3
67223,1024,1269,452,4
67224,1024,1269,466,5
67225,1024,1269,468,3
67226,1024,1269,472,3
67227,1024,1269,505,2
67228,1024,1269,514,4
67229,1024,1269,529,3
67230,1024,1269,537,5
67231,1024,1269,547,5
67232,1024,1269,575,4
67233,1024,1269,585,4
67234,1024,1269,587,4.5
67235,1024,1269,597,5
67236,1024,1269,605,5
67237,1024,1269,621,4
67238,1024,1269,656,5
67239,1023,1268,19,3
67240,1023,1268,95,5
67241,1023,1268,102,3
67242,1023,1268,306,4
67243,1023,1268,311,2
67244,1023,1268,346,2
67245,1023,1268,391,4
67246,1023,1268,408,4
67247,1023,1268,422,4
67248,1023,1268,452,3
67249,1023,1268,514,3
67250,1023,1268,518,4
67251,1023,1268,547,3
67252,1023,1268,564,4
67253,1023,1268,580,4
67254,1023,1268,651,3
67255,1023,1268,665,4
67256,1022,1267,15,5
67257,1022,1267,17,5
67258,1022,1267,19,4
67259,1022,1267,23,5
67260,1022,1267,28,5
67261,1022,1267,30,5
67262,1022,1267,34,5
67263,1022,1267,35,1
67264,1022,1267,96,4
67265,1022,1267,97,4
67266,1022,1267,102,5
67267,1022,1267,118,4
67268,1022,1267,119,4
67269,1022,1267,159,4
67270,1022,1267,195,3
67271,1022,1267,211,5
67272,1022,1267,214,5
67273,1022,1267,231,5
67274,1022,1267,263,3.5
67275,1022,1267,283,3
67276,1022,1267,305,4
67277,1022,1267,311,3
67278,1022,1267,312,4
67279,1022,1267,341,3.5
67280,1022,1267,342,4
67281,1022,1267,358,5
67282,1022,1267,376,4
67283,1022,1267,380,4
67284,1022,1267,388,4.5
67285,1022,1267,427,5
67286,1022,1267,452,3
67287,1022,1267,468,3.5
67288,1022,1267,472,5
67289,1022,1267,494,4
67290,1022,1267,499,5
67291,1022,1267,505,3
67292,1022,1267,509,4
67293,1022,1267,537,5
67294,1022,1267,547,5
67295,1022,1267,558,5
67296,1022,1267,585,4
67297,1022,1267,587,4
67298,1022,1267,596,2.5
67299,1022,1267,597,3
67300,1022,1267,607,4.5
67301,1022,1267,608,4
67302,1022,1267,614,5
67303,1022,1267,647,4
67304,1022,1267,664,3
67305,1021,1266,15,4
67306,1021,1266,19,4
67307,1021,1266,21,3
67308,1021,1266,23,3.5
67309,1021,1266,30,5
67310,1021,1266,56,4
67311,1021,1266,73,4.5
67312,1021,1266,102,5
67313,1021,1266,119,5
67314,1021,1266,130,4
67315,1021,1266,178,3.5
67316,1021,1266,198,3.5
67317,1021,1266,212,3
67318,1021,1266,232,5
67319,1021,1266,242,5
67320,1021,1266,265,5
67321,1021,1266,268,4.5
67322,1021,1266,311,2
67323,1021,1266,328,3.5
67324,1021,1266,342,4
67325,1021,1266,344,4
67326,1021,1266,358,5
67327,1021,1266,388,5
67328,1021,1266,405,4.5
67329,1021,1266,420,4
67330,1021,1266,422,4
67331,1021,1266,423,4.5
67332,1021,1266,426,2.5
67333,1021,1266,433,4
67334,1021,1266,434,5
67335,1021,1266,452,3
67336,1021,1266,460,4
67337,1021,1266,461,3.5
67338,1021,1266,466,4
67339,1021,1266,468,3.5
67340,1021,1266,472,5
67341,1021,1266,502,3
67342,1021,1266,509,3
67343,1021,1266,510,1
67344,1021,1266,527,3.5
67345,1021,1266,529,4
67346,1021,1266,537,3
67347,1021,1266,547,3
67348,1021,1266,559,5
67349,1021,1266,562,4
67350,1021,1266,564,5
67351,1021,1266,565,2
67352,1021,1266,577,4
67353,1021,1266,580,2.5
67354,1021,1266,585,4
67355,1021,1266,587,4.5
67356,1021,1266,595,2
67357,1021,1266,607,3.5
67358,1021,1266,608,5
67359,1021,1266,624,4
67360,1021,1266,654,5
67361,1021,1266,671,4
67362,1020,1265,4,5
67363,1020,1265,8,3
67364,1020,1265,13,2.5
67365,1020,1265,15,4
67366,1020,1265,17,4.5
67367,1020,1265,19,4
67368,1020,1265,21,3
67369,1020,1265,23,4
67370,1020,1265,30,4
67371,1020,1265,56,5
67372,1020,1265,57,4
67373,1020,1265,68,4.5
67374,1020,1265,69,4.5
67375,1020,1265,73,4
67376,1020,1265,75,3.5
67377,1020,1265,77,4
67378,1020,1265,78,2
67379,1020,1265,83,4.5
67380,1020,1265,88,2.5
67381,1020,1265,89,4.5
67382,1020,1265,91,5
67383,1020,1265,93,4
67384,1020,1265,94,2
67385,1020,1265,97,1.5
67386,1020,1265,102,5
67387,1020,1265,105,4
67388,1020,1265,111,3
67389,1020,1265,115,5
67390,1020,1265,119,2
67391,1020,1265,120,4.5
67392,1020,1265,125,5
67393,1020,1265,128,2
67394,1020,1265,130,4.5
67395,1020,1265,131,4
67396,1020,1265,133,2
67397,1020,1265,134,3.5
67398,1020,1265,136,3
67399,1020,1265,137,5
67400,1020,1265,149,4
67401,1020,1265,150,3.5
67402,1020,1265,152,4
67403,1020,1265,157,3
67404,1020,1265,160,4
67405,1020,1265,164,4
67406,1020,1265,165,4
67407,1020,1265,175,3
67408,1020,1265,178,4
67409,1020,1265,180,5
67410,1020,1265,185,3
67411,1020,1265,193,4
67412,1020,1265,195,2
67413,1020,1265,199,4
67414,1020,1265,200,4.5
67415,1020,1265,212,2
67416,1020,1265,213,2.5
67417,1020,1265,219,5
67418,1020,1265,220,4
67419,1020,1265,230,4
67420,1020,1265,232,4
67421,1020,1265,234,2.5
67422,1020,1265,238,3.5
67423,1020,1265,239,4
67424,1020,1265,240,4.5
67425,1020,1265,242,4
67426,1020,1265,243,4
67427,1020,1265,244,3.5
67428,1020,1265,247,4
67429,1020,1265,251,4
67430,1020,1265,253,4.5
67431,1020,1265,260,5
67432,1020,1265,265,4
67433,1020,1265,268,4.5
67434,1020,1265,275,5
67435,1020,1265,285,4
67436,1020,1265,287,4.5
67437,1020,1265,292,3.5
67438,1020,1265,294,3
67439,1020,1265,297,4.5
67440,1020,1265,303,5
67441,1020,1265,306,4
67442,1020,1265,311,3.5
67443,1020,1265,321,4
67444,1020,1265,324,4
67445,1020,1265,327,3
67446,1020,1265,328,3.5
67447,1020,1265,333,2.5
67448,1020,1265,342,5
67449,1020,1265,344,4
67450,1020,1265,353,3
67451,1020,1265,355,4
67452,1020,1265,358,5
67453,1020,1265,362,3.5
67454,1020,1265,364,5
67455,1020,1265,370,4.5
67456,1020,1265,378,3
67457,1020,1265,380,4
67458,1020,1265,388,4
67459,1020,1265,394,4
67460,1020,1265,401,5
67461,1020,1265,402,4.5
67462,1020,1265,405,5
67463,1020,1265,408,2
67464,1020,1265,410,5
67465,1020,1265,412,2
67466,1020,1265,417,4.5
67467,1020,1265,422,3
67468,1020,1265,428,4
67469,1020,1265,430,5
67470,1020,1265,431,5
67471,1020,1265,433,5
67472,1020,1265,439,4
67473,1020,1265,442,4.5
67474,1020,1265,452,4
67475,1020,1265,457,3.5
67476,1020,1265,458,4
67477,1020,1265,460,4
67478,1020,1265,461,3.5
67479,1020,1265,462,3
67480,1020,1265,466,4
67481,1020,1265,468,3.5
67482,1020,1265,472,4
67483,1020,1265,480,5
67484,1020,1265,486,5
67485,1020,1265,491,4
67486,1020,1265,493,4
67487,1020,1265,494,3.5
67488,1020,1265,500,1
67489,1020,1265,501,4
67490,1020,1265,505,3
67491,1020,1265,509,2
67492,1020,1265,510,4
67493,1020,1265,514,4
67494,1020,1265,518,3
67495,1020,1265,523,5
67496,1020,1265,527,4
67497,1020,1265,529,4
67498,1020,1265,534,3
67499,1020,1265,537,5
67500,1020,1265,547,5
67501,1020,1265,561,3.5
67502,1020,1265,562,4
67503,1020,1265,567,5
67504,1020,1265,574,4.5
67505,1020,1265,575,2
67506,1020,1265,577,4.5
67507,1020,1265,580,3.5
67508,1020,1265,585,4
67509,1020,1265,595,4
67510,1020,1265,596,4
67511,1020,1265,597,5
67512,1020,1265,603,3
67513,1020,1265,605,3
67514,1020,1265,607,4.5
67515,1020,1265,608,4
67516,1020,1265,615,3.5
67517,1020,1265,617,2
67518,1020,1265,623,3.5
67519,1020,1265,624,4
67520,1020,1265,646,5
67521,1020,1265,652,4
67522,1020,1265,654,4
67523,1020,1265,655,4
67524,1020,1265,664,4
67525,1020,1265,665,2
67526,1020,1265,671,4
67527,1019,1264,15,3
67528,1019,1264,102,4
67529,1019,1264,118,4
67530,1019,1264,232,5
67531,1019,1264,312,5
67532,1019,1264,321,5
67533,1019,1264,367,4
67534,1019,1264,420,5
67535,1019,1264,492,3
67536,1019,1264,529,3
67537,1019,1264,547,5
67538,1019,1264,564,4
67539,1019,1264,595,5
67540,1019,1264,597,5
67541,1018,1263,1,2
67542,1018,1263,15,4
67543,1018,1263,17,4.5
67544,1018,1263,19,4
67545,1018,1263,21,4
67546,1018,1263,22,3
67547,1018,1263,23,3
67548,1018,1263,30,5
67549,1018,1263,34,4
67550,1018,1263,56,2
67551,1018,1263,57,5
67552,1018,1263,73,4
67553,1018,1263,102,5
67554,1018,1263,105,4
67555,1018,1263,152,3.5
67556,1018,1263,195,3
67557,1018,1263,232,5
67558,1018,1263,248,5
67559,1018,1263,257,4
67560,1018,1263,265,4
67561,1018,1263,303,4
67562,1018,1263,309,4
67563,1018,1263,344,5
67564,1018,1263,353,1.5
67565,1018,1263,370,4
67566,1018,1263,373,5
67567,1018,1263,380,4
67568,1018,1263,391,5
67569,1018,1263,394,0.5
67570,1018,1263,423,3.5
67571,1018,1263,434,4
67572,1018,1263,452,5
67573,1018,1263,457,4
67574,1018,1263,461,3
67575,1018,1263,468,4
67576,1018,1263,472,2
67577,1018,1263,509,5
67578,1018,1263,527,4.5
67579,1018,1263,533,3
67580,1018,1263,547,5
67581,1018,1263,564,4
67582,1018,1263,577,5
67583,1018,1263,585,4
67584,1018,1263,587,5
67585,1018,1263,592,2
67586,1018,1263,647,5
67587,1018,1263,648,2
67588,1018,1263,661,4.5
67589,1017,1262,15,1.5
67590,1017,1262,19,4
67591,1017,1262,23,4
67592,1017,1262,34,4
67593,1017,1262,49,5
67594,1017,1262,73,4
67595,1017,1262,77,4.5
67596,1017,1262,97,4
67597,1017,1262,102,4
67598,1017,1262,119,4
67599,1017,1262,130,4
67600,1017,1262,159,4.5
67601,1017,1262,178,5
67602,1017,1262,195,4
67603,1017,1262,212,3
67604,1017,1262,214,5
67605,1017,1262,216,4.5
67606,1017,1262,229,4.5
67607,1017,1262,232,4
67608,1017,1262,248,5
67609,1017,1262,253,4.5
67610,1017,1262,268,4.5
67611,1017,1262,281,4.5
67612,1017,1262,282,4
67613,1017,1262,287,5
67614,1017,1262,309,5
67615,1017,1262,311,3.5
67616,1017,1262,353,3.5
67617,1017,1262,388,5
67618,1017,1262,391,3
67619,1017,1262,426,1.5
67620,1017,1262,441,4
67621,1017,1262,452,3
67622,1017,1262,468,3.5
67623,1017,1262,471,4
67624,1017,1262,505,3.5
67625,1017,1262,531,1.5
67626,1017,1262,532,4.5
67627,1017,1262,553,3.5
67628,1017,1262,559,5
67629,1017,1262,575,4
67630,1017,1262,577,5
67631,1017,1262,578,0.5
67632,1017,1262,585,5
67633,1017,1262,587,4
67634,1017,1262,605,3
67635,1017,1262,614,5
67636,1017,1262,624,5
67637,1017,1262,628,3
67638,1016,1261,19,5
67639,1016,1261,73,4.5
67640,1016,1261,95,5
67641,1016,1261,98,4
67642,1016,1261,103,4.5
67643,1016,1261,134,3.5
67644,1016,1261,148,3
67645,1016,1261,157,3.5
67646,1016,1261,199,3.5
67647,1016,1261,212,1
67648,1016,1261,232,4
67649,1016,1261,243,3.5
67650,1016,1261,262,2.5
67651,1016,1261,346,5
67652,1016,1261,353,3
67653,1016,1261,355,3
67654,1016,1261,370,5
67655,1016,1261,373,5
67656,1016,1261,403,4
67657,1016,1261,408,1
67658,1016,1261,423,4.5
67659,1016,1261,461,4.5
67660,1016,1261,482,4
67661,1016,1261,514,4
67662,1016,1261,518,4
67663,1016,1261,519,4.5
67664,1016,1261,547,2
67665,1016,1261,562,4
67666,1016,1261,564,4
67667,1016,1261,580,4
67668,1016,1261,607,4
67669,1016,1261,615,3
67670,1016,1261,655,5
67671,1015,1260,15,3
67672,1015,1260,19,5
67673,1015,1260,23,4
67674,1015,1260,102,5
67675,1015,1260,118,4
67676,1015,1260,175,4
67677,1015,1260,195,3
67678,1015,1260,236,5
67679,1015,1260,450,4.5
67680,1015,1260,452,4
67681,1015,1260,468,5
67682,1015,1260,470,2.5
67683,1015,1260,472,5
67684,1015,1260,481,5
67685,1015,1260,505,3
67686,1015,1260,514,4
67687,1015,1260,564,4
67688,1015,1260,585,5
67689,1015,1260,587,4.5
67690,1015,1260,614,5
67691,1015,1260,647,5
67692,1014,1259,4,4
67693,1014,1259,6,4.5
67694,1014,1259,8,4
67695,1014,1259,13,4
67696,1014,1259,15,3
67697,1014,1259,19,3
67698,1014,1259,21,4
67699,1014,1259,30,4
67700,1014,1259,33,4
67701,1014,1259,34,4
67702,1014,1259,56,4
67703,1014,1259,57,4
67704,1014,1259,63,5
67705,1014,1259,71,4
67706,1014,1259,73,3.5
67707,1014,1259,75,4
67708,1014,1259,83,4.5
67709,1014,1259,88,4.5
67710,1014,1259,93,4
67711,1014,1259,102,4
67712,1014,1259,105,3
67713,1014,1259,115,4
67714,1014,1259,119,5
67715,1014,1259,130,3.5
67716,1014,1259,133,5
67717,1014,1259,134,4
67718,1014,1259,137,5
67719,1014,1259,139,4
67720,1014,1259,149,4
67721,1014,1259,150,4
67722,1014,1259,153,5
67723,1014,1259,165,3.5
67724,1014,1259,176,2
67725,1014,1259,177,5
67726,1014,1259,178,5
67727,1014,1259,195,2
67728,1014,1259,198,5
67729,1014,1259,208,4.5
67730,1014,1259,210,3
67731,1014,1259,212,3
67732,1014,1259,214,5
67733,1014,1259,218,4
67734,1014,1259,230,5
67735,1014,1259,232,4
67736,1014,1259,239,4
67737,1014,1259,242,4
67738,1014,1259,253,4.5
67739,1014,1259,262,4
67740,1014,1259,268,4.5
67741,1014,1259,282,5
67742,1014,1259,291,5
67743,1014,1259,303,4.5
67744,1014,1259,306,4
67745,1014,1259,308,3
67746,1014,1259,309,4.5
67747,1014,1259,311,2
67748,1014,1259,326,2
67749,1014,1259,327,4
67750,1014,1259,328,3.5
67751,1014,1259,342,5
67752,1014,1259,344,4
67753,1014,1259,345,5
67754,1014,1259,351,5
67755,1014,1259,352,4
67756,1014,1259,353,3
67757,1014,1259,355,4
67758,1014,1259,358,4
67759,1014,1259,373,4
67760,1014,1259,387,4
67761,1014,1259,388,5
67762,1014,1259,408,4
67763,1014,1259,420,5
67764,1014,1259,428,4.5
67765,1014,1259,430,4
67766,1014,1259,431,5
67767,1014,1259,439,3
67768,1014,1259,441,2.5
67769,1014,1259,452,5
67770,1014,1259,457,3.5
67771,1014,1259,460,4
67772,1014,1259,461,3.5
67773,1014,1259,463,4
67774,1014,1259,466,5
67775,1014,1259,472,4
67776,1014,1259,480,4.5
67777,1014,1259,483,5
67778,1014,1259,494,5
67779,1014,1259,497,4
67780,1014,1259,505,3.5
67781,1014,1259,509,4
67782,1014,1259,514,4
67783,1014,1259,518,5
67784,1014,1259,519,4
67785,1014,1259,527,3
67786,1014,1259,528,4.5
67787,1014,1259,533,4
67788,1014,1259,537,4
67789,1014,1259,539,5
67790,1014,1259,545,5
67791,1014,1259,547,2
67792,1014,1259,564,5
67793,1014,1259,577,5
67794,1014,1259,578,4
67795,1014,1259,580,4.5
67796,1014,1259,587,4
67797,1014,1259,596,3.5
67798,1014,1259,598,4
67799,1014,1259,608,4
67800,1014,1259,647,5
67801,1014,1259,654,5
67802,1014,1259,661,4
67803,1014,1259,671,4
67804,1013,1258,4,5
67805,1013,1258,8,4
67806,1013,1258,15,4
67807,1013,1258,17,3.5
67808,1013,1258,19,5
67809,1013,1258,23,3.5
67810,1013,1258,30,4
67811,1013,1258,33,5
67812,1013,1258,34,4
67813,1013,1258,48,4
67814,1013,1258,56,4
67815,1013,1258,57,5
67816,1013,1258,72,4
67817,1013,1258,73,4
67818,1013,1258,75,4.5
67819,1013,1258,77,3
67820,1013,1258,81,4
67821,1013,1258,88,3
67822,1013,1258,95,4
67823,1013,1258,102,5
67824,1013,1258,105,4.5
67825,1013,1258,119,4
67826,1013,1258,134,4.5
67827,1013,1258,138,4.5
67828,1013,1258,139,4.5
67829,1013,1258,143,4.5
67830,1013,1258,147,5
67831,1013,1258,148,2
67832,1013,1258,157,4
67833,1013,1258,165,1
67834,1013,1258,178,3
67835,1013,1258,206,3
67836,1013,1258,212,3.5
67837,1013,1258,214,5
67838,1013,1258,220,2
67839,1013,1258,221,3
67840,1013,1258,234,4.5
67841,1013,1258,243,4.5
67842,1013,1258,257,4.5
67843,1013,1258,262,4
67844,1013,1258,268,5
67845,1013,1258,285,3
67846,1013,1258,299,3.5
67847,1013,1258,303,3.5
67848,1013,1258,306,4
67849,1013,1258,309,5
67850,1013,1258,313,3.5
67851,1013,1258,344,3
67852,1013,1258,355,5
67853,1013,1258,362,3.5
67854,1013,1258,378,4
67855,1013,1258,384,4
67856,1013,1258,388,5
67857,1013,1258,394,3.5
67858,1013,1258,403,5
67859,1013,1258,406,3.5
67860,1013,1258,408,3
67861,1013,1258,423,5
67862,1013,1258,428,5
67863,1013,1258,430,5
67864,1013,1258,431,5
67865,1013,1258,432,4
67866,1013,1258,442,4.5
67867,1013,1258,450,4.5
67868,1013,1258,452,4
67869,1013,1258,457,5
67870,1013,1258,461,3.5
67871,1013,1258,468,4
67872,1013,1258,471,4.5
67873,1013,1258,472,4
67874,1013,1258,481,5
67875,1013,1258,482,5
67876,1013,1258,483,4
67877,1013,1258,488,5
67878,1013,1258,497,4
67879,1013,1258,505,3.5
67880,1013,1258,514,5
67881,1013,1258,518,3
67882,1013,1258,519,4.5
67883,1013,1258,523,4
67884,1013,1258,527,3.5
67885,1013,1258,531,0.5
67886,1013,1258,537,3
67887,1013,1258,544,4.5
67888,1013,1258,547,5
67889,1013,1258,560,3.5
67890,1013,1258,564,5
67891,1013,1258,567,5
67892,1013,1258,570,5
67893,1013,1258,580,3.5
67894,1013,1258,584,3
67895,1013,1258,596,4
67896,1013,1258,607,2.5
67897,1013,1258,608,5
67898,1013,1258,615,4.5
67899,1013,1258,617,5
67900,1013,1258,626,4
67901,1013,1258,627,3.5
67902,1013,1258,655,4
67903,1013,1258,664,4
67904,1013,1258,665,3
67905,1012,1257,4,5
67906,1012,1257,19,5
67907,1012,1257,73,4
67908,1012,1257,83,5
67909,1012,1257,134,4
67910,1012,1257,165,1.5
67911,1012,1257,285,4
67912,1012,1257,306,2
67913,1012,1257,309,5
67914,1012,1257,350,5
67915,1012,1257,358,2
67916,1012,1257,380,4
67917,1012,1257,408,5
67918,1012,1257,439,3
67919,1012,1257,460,5
67920,1012,1257,461,4
67921,1012,1257,468,3
67922,1012,1257,509,3
67923,1012,1257,514,4
67924,1012,1257,528,3.5
67925,1012,1257,564,3
67926,1012,1257,580,4
67927,1012,1257,607,4
67928,1012,1257,654,3.5
67929,1011,1256,21,3
67930,1011,1256,23,3.5
67931,1011,1256,56,4
67932,1011,1256,65,4
67933,1011,1256,102,4
67934,1011,1256,119,4
67935,1011,1256,195,3
67936,1011,1256,232,4
67937,1011,1256,234,5
67938,1011,1256,358,4
67939,1011,1256,387,5
67940,1011,1256,423,5
67941,1011,1256,428,4.5
67942,1011,1256,434,5
67943,1011,1256,452,4
67944,1011,1256,466,5
67945,1011,1256,468,4.5
67946,1011,1256,472,2
67947,1011,1256,481,4.5
67948,1011,1256,493,2
67949,1011,1256,505,4
67950,1011,1256,529,4.5
67951,1011,1256,537,4
67952,1011,1256,547,5
67953,1011,1256,558,4
67954,1011,1256,564,4
67955,1011,1256,573,3
67956,1011,1256,575,5
67957,1011,1256,585,5
67958,1011,1256,587,5
67959,1011,1256,605,4
67960,1011,1256,609,3
67961,1011,1256,614,5
67962,1011,1256,624,5
67963,1010,1255,17,2
67964,1010,1255,22,4
67965,1010,1255,73,4.5
67966,1010,1255,103,3
67967,1010,1255,153,5
67968,1010,1255,243,3.5
67969,1010,1255,262,3
67970,1010,1255,346,0.5
67971,1010,1255,403,5
67972,1010,1255,423,4
67973,1010,1255,564,4
67974,1010,1255,608,4
67975,1009,1254,15,3.5
67976,1009,1254,19,5
67977,1009,1254,21,5
67978,1009,1254,23,3.5
67979,1009,1254,34,5
67980,1009,1254,49,4
67981,1009,1254,119,4
67982,1009,1254,159,4
67983,1009,1254,195,4
67984,1009,1254,198,4
67985,1009,1254,232,5
67986,1009,1254,242,5
67987,1009,1254,265,5
67988,1009,1254,311,2
67989,1009,1254,326,4
67990,1009,1254,376,5
67991,1009,1254,387,5
67992,1009,1254,388,4
67993,1009,1254,391,5
67994,1009,1254,434,4
67995,1009,1254,468,4
67996,1009,1254,472,4
67997,1009,1254,499,4
67998,1009,1254,505,3
67999,1009,1254,547,5
68000,1009,1254,558,5
68001,1009,1254,575,5
68002,1009,1254,585,5
68003,1009,1254,587,4
68004,1009,1254,642,4
68005,1008,1253,19,4
68006,1008,1253,21,3
68007,1008,1253,34,4
68008,1008,1253,75,4
68009,1008,1253,102,5
68010,1008,1253,185,4
68011,1008,1253,195,4
68012,1008,1253,213,3
68013,1008,1253,232,5
68014,1008,1253,234,5
68015,1008,1253,311,2
68016,1008,1253,315,1
68017,1008,1253,355,4.5
68018,1008,1253,387,3
68019,1008,1253,401,5
68020,1008,1253,423,3.5
68021,1008,1253,468,3.5
68022,1008,1253,505,3.5
68023,1008,1253,537,5
68024,1008,1253,547,4
68025,1007,1252,15,5
68026,1007,1252,17,5
68027,1007,1252,19,4
68028,1007,1252,21,3
68029,1007,1252,23,4.5
68030,1007,1252,28,5
68031,1007,1252,30,5
68032,1007,1252,34,4
68033,1007,1252,56,4
68034,1007,1252,57,5
68035,1007,1252,73,4
68036,1007,1252,94,3.5
68037,1007,1252,96,5
68038,1007,1252,102,5
68039,1007,1252,105,4.5
68040,1007,1252,118,5
68041,1007,1252,119,4
68042,1007,1252,143,3.5
68043,1007,1252,148,5
68044,1007,1252,159,5
68045,1007,1252,174,0.5
68046,1007,1252,193,3
68047,1007,1252,195,5
68048,1007,1252,198,5
68049,1007,1252,199,4
68050,1007,1252,203,4
68051,1007,1252,214,5
68052,1007,1252,231,3
68053,1007,1252,232,5
68054,1007,1252,236,4.5
68055,1007,1252,242,5
68056,1007,1252,245,5
68057,1007,1252,257,3.5
68058,1007,1252,265,4
68059,1007,1252,268,3.5
68060,1007,1252,275,4.5
68061,1007,1252,278,3
68062,1007,1252,281,4
68063,1007,1252,287,4.5
68064,1007,1252,299,5
68065,1007,1252,305,3
68066,1007,1252,311,3
68067,1007,1252,330,3
68068,1007,1252,342,5
68069,1007,1252,345,4.5
68070,1007,1252,373,5
68071,1007,1252,388,5
68072,1007,1252,408,4
68073,1007,1252,423,5
68074,1007,1252,431,5
68075,1007,1252,434,5
68076,1007,1252,452,4
68077,1007,1252,457,4
68078,1007,1252,461,4
68079,1007,1252,468,4
68080,1007,1252,472,5
68081,1007,1252,481,5
68082,1007,1252,493,4
68083,1007,1252,505,4
68084,1007,1252,509,4
68085,1007,1252,514,4
68086,1007,1252,520,5
68087,1007,1252,529,5
68088,1007,1252,537,4
68089,1007,1252,547,5
68090,1007,1252,559,5
68091,1007,1252,564,5
68092,1007,1252,575,4
68093,1007,1252,580,4
68094,1007,1252,585,5
68095,1007,1252,587,4
68096,1007,1252,597,5
68097,1007,1252,608,5
68098,1007,1252,614,5
68099,1007,1252,630,4.5
68100,1007,1252,654,4.5
68101,1006,1251,15,3
68102,1006,1251,17,3.5
68103,1006,1251,23,5
68104,1006,1251,81,4.5
68105,1006,1251,102,5
68106,1006,1251,232,1
68107,1006,1251,236,5
68108,1006,1251,262,2.5
68109,1006,1251,265,4
68110,1006,1251,297,5
68111,1006,1251,348,1
68112,1006,1251,436,5
68113,1006,1251,481,5
68114,1006,1251,509,3.5
68115,1006,1251,519,5
68116,1006,1251,547,5
68117,1006,1251,564,4
68118,1006,1251,587,3.5
68119,1006,1251,599,3
68120,1006,1251,642,3
68121,1005,1250,6,4.5
68122,1005,1250,15,4
68123,1005,1250,19,4
68124,1005,1250,21,4
68125,1005,1250,23,4
68126,1005,1250,28,5
68127,1005,1250,30,5
68128,1005,1250,34,4
68129,1005,1250,56,4
68130,1005,1250,99,4
68131,1005,1250,102,4
68132,1005,1250,130,4
68133,1005,1250,193,4
68134,1005,1250,195,4
68135,1005,1250,198,5
68136,1005,1250,202,4
68137,1005,1250,212,2.5
68138,1005,1250,229,4.5
68139,1005,1250,232,4
68140,1005,1250,236,3.5
68141,1005,1250,243,4
68142,1005,1250,248,5
68143,1005,1250,253,4.5
68144,1005,1250,265,4
68145,1005,1250,281,5
68146,1005,1250,282,4
68147,1005,1250,309,4
68148,1005,1250,311,4
68149,1005,1250,323,4.5
68150,1005,1250,336,5
68151,1005,1250,342,4
68152,1005,1250,344,4
68153,1005,1250,345,5
68154,1005,1250,351,4
68155,1005,1250,353,3
68156,1005,1250,358,5
68157,1005,1250,387,5
68158,1005,1250,388,5
68159,1005,1250,405,2
68160,1005,1250,417,4
68161,1005,1250,420,3
68162,1005,1250,424,3
68163,1005,1250,431,3
68164,1005,1250,434,4
68165,1005,1250,436,5
68166,1005,1250,442,4.5
68167,1005,1250,452,4
68168,1005,1250,468,4
68169,1005,1250,471,3.5
68170,1005,1250,472,5
68171,1005,1250,505,3
68172,1005,1250,509,4
68173,1005,1250,514,5
68174,1005,1250,537,3
68175,1005,1250,547,3.5
68176,1005,1250,558,5
68177,1005,1250,559,5
68178,1005,1250,575,3
68179,1005,1250,580,4
68180,1005,1250,585,5
68181,1005,1250,587,5
68182,1005,1250,591,3.5
68183,1005,1250,614,5
68184,1005,1250,624,5
68185,1005,1250,651,4
68186,1004,1249,15,3
68187,1004,1249,17,2.5
68188,1004,1249,19,4
68189,1004,1249,35,2.5
68190,1004,1249,66,4
68191,1004,1249,102,4
68192,1004,1249,105,4
68193,1004,1249,118,4
68194,1004,1249,119,4
68195,1004,1249,130,4
68196,1004,1249,134,5
68197,1004,1249,148,3.5
68198,1004,1249,214,4
68199,1004,1249,220,4
68200,1004,1249,306,3
68201,1004,1249,321,4
68202,1004,1249,330,5
68203,1004,1249,339,5
68204,1004,1249,344,4
68205,1004,1249,351,3
68206,1004,1249,391,4
68207,1004,1249,407,4
68208,1004,1249,460,4.5
68209,1004,1249,461,4
68210,1004,1249,472,5
68211,1004,1249,492,3
68212,1004,1249,502,4
68213,1004,1249,509,4
68214,1004,1249,514,4
68215,1004,1249,522,3.5
68216,1004,1249,537,4
68217,1004,1249,545,5
68218,1004,1249,547,3
68219,1004,1249,558,4
68220,1004,1249,564,4
68221,1004,1249,576,4
68222,1004,1249,580,4
68223,1004,1249,585,3
68224,1004,1249,647,5
68225,1003,1248,15,3
68226,1003,1248,17,5
68227,1003,1248,19,4
68228,1003,1248,23,4.5
68229,1003,1248,102,5
68230,1003,1248,203,3.5
68231,1003,1248,236,4.5
68232,1003,1248,257,4
68233,1003,1248,388,4
68234,1003,1248,468,4
68235,1003,1248,472,5
68236,1003,1248,499,4
68237,1003,1248,529,3
68238,1003,1248,547,5
68239,1003,1248,564,4
68240,1003,1248,585,4
68241,1003,1248,587,4
68242,1003,1248,597,5
68243,1003,1248,608,5
68244,1002,1247,5,4
68245,1002,1247,15,5
68246,1002,1247,19,3
68247,1002,1247,20,1
68248,1002,1247,23,4
68249,1002,1247,30,4
68250,1002,1247,34,5
68251,1002,1247,56,2
68252,1002,1247,83,4.5
68253,1002,1247,93,3.5
68254,1002,1247,96,4
68255,1002,1247,99,3
68256,1002,1247,102,5
68257,1002,1247,105,5
68258,1002,1247,119,4
68259,1002,1247,130,1
68260,1002,1247,133,2
68261,1002,1247,134,4
68262,1002,1247,143,4.5
68263,1002,1247,148,4
68264,1002,1247,178,3.5
68265,1002,1247,183,3
68266,1002,1247,193,5
68267,1002,1247,195,4
68268,1002,1247,204,4.5
68269,1002,1247,208,4.5
68270,1002,1247,212,3
68271,1002,1247,215,4
68272,1002,1247,220,5
68273,1002,1247,234,5
68274,1002,1247,242,5
68275,1002,1247,262,4
68276,1002,1247,265,5
68277,1002,1247,268,4
68278,1002,1247,278,5
68279,1002,1247,297,5
68280,1002,1247,303,4
68281,1002,1247,306,4
68282,1002,1247,311,3.5
68283,1002,1247,342,5
68284,1002,1247,344,5
68285,1002,1247,348,5
68286,1002,1247,358,5
68287,1002,1247,376,5
68288,1002,1247,382,2
68289,1002,1247,387,5
68290,1002,1247,388,5
68291,1002,1247,393,4
68292,1002,1247,420,4
68293,1002,1247,423,3.5
68294,1002,1247,431,4
68295,1002,1247,436,5
68296,1002,1247,452,4
68297,1002,1247,460,5
68298,1002,1247,461,3
68299,1002,1247,468,3.5
68300,1002,1247,472,5
68301,1002,1247,481,4
68302,1002,1247,486,4
68303,1002,1247,497,5
68304,1002,1247,502,5
68305,1002,1247,505,3.5
68306,1002,1247,509,4.5
68307,1002,1247,510,5
68308,1002,1247,518,3
68309,1002,1247,520,4
68310,1002,1247,522,3.5
68311,1002,1247,527,2.5
68312,1002,1247,529,5
68313,1002,1247,537,5
68314,1002,1247,547,5
68315,1002,1247,558,5
68316,1002,1247,559,5
68317,1002,1247,561,4.5
68318,1002,1247,564,4
68319,1002,1247,569,4
68320,1002,1247,574,4.5
68321,1002,1247,580,4
68322,1002,1247,585,5
68323,1002,1247,597,4
68324,1002,1247,605,3
68325,1002,1247,606,4
68326,1002,1247,614,3
68327,1002,1247,620,3.5
68328,1002,1247,630,5
68329,1002,1247,644,5
68330,1002,1247,655,4
68331,1002,1247,658,5
68332,1002,1247,671,4
68333,1001,1246,15,1
68334,1001,1246,17,5
68335,1001,1246,19,3
68336,1001,1246,21,4
68337,1001,1246,23,4
68338,1001,1246,30,4
68339,1001,1246,37,5
68340,1001,1246,57,5
68341,1001,1246,72,3.5
68342,1001,1246,73,3.5
68343,1001,1246,88,5
68344,1001,1246,93,3.5
68345,1001,1246,94,3
68346,1001,1246,95,4
68347,1001,1246,102,3
68348,1001,1246,105,1.5
68349,1001,1246,106,5
68350,1001,1246,119,4
68351,1001,1246,130,4
68352,1001,1246,134,3.5
68353,1001,1246,150,3
68354,1001,1246,166,4.5
68355,1001,1246,176,3.5
68356,1001,1246,178,3.5
68357,1001,1246,187,5
68358,1001,1246,199,4
68359,1001,1246,204,2
68360,1001,1246,206,3
68361,1001,1246,212,4
68362,1001,1246,214,4
68363,1001,1246,215,4
68364,1001,1246,219,5
68365,1001,1246,232,5
68366,1001,1246,235,4.5
68367,1001,1246,238,4
68368,1001,1246,242,5
68369,1001,1246,243,4
68370,1001,1246,245,5
68371,1001,1246,253,4.5
68372,1001,1246,259,5
68373,1001,1246,262,3
68374,1001,1246,263,3
68375,1001,1246,268,4
68376,1001,1246,283,4.5
68377,1001,1246,287,4.5
68378,1001,1246,295,4
68379,1001,1246,303,5
68380,1001,1246,306,4
68381,1001,1246,311,1.5
68382,1001,1246,313,3.5
68383,1001,1246,321,2
68384,1001,1246,324,4
68385,1001,1246,344,5
68386,1001,1246,373,4
68387,1001,1246,380,3.5
68388,1001,1246,382,2
68389,1001,1246,386,4
68390,1001,1246,388,5
68391,1001,1246,391,3
68392,1001,1246,402,3.5
68393,1001,1246,405,4.5
68394,1001,1246,408,4
68395,1001,1246,426,3
68396,1001,1246,431,5
68397,1001,1246,435,4
68398,1001,1246,452,3.5
68399,1001,1246,463,4
68400,1001,1246,468,2.5
68401,1001,1246,471,3.5
68402,1001,1246,473,3.5
68403,1001,1246,489,4
68404,1001,1246,497,5
68405,1001,1246,500,3
68406,1001,1246,505,3.5
68407,1001,1246,509,4
68408,1001,1246,514,4
68409,1001,1246,523,4.5
68410,1001,1246,533,3
68411,1001,1246,537,4
68412,1001,1246,545,3
68413,1001,1246,546,5
68414,1001,1246,547,1
68415,1001,1246,562,4.5
68416,1001,1246,564,3
68417,1001,1246,575,3
68418,1001,1246,578,3
68419,1001,1246,580,3.5
68420,1001,1246,596,4
68421,1001,1246,605,3
68422,1001,1246,607,3
68423,1001,1246,612,5
68424,1001,1246,621,4.5
68425,1001,1246,627,2.5
68426,1001,1246,648,4
68427,1001,1246,654,5
68428,1000,1245,17,4
68429,1000,1245,30,4
68430,1000,1245,73,4
68431,1000,1245,102,5
68432,1000,1245,125,4
68433,1000,1245,129,3
68434,1000,1245,143,1.5
68435,1000,1245,203,4
68436,1000,1245,220,4
68437,1000,1245,232,5
68438,1000,1245,283,4
68439,1000,1245,299,4
68440,1000,1245,311,2
68441,1000,1245,373,5
68442,1000,1245,388,5
68443,1000,1245,391,3
68444,1000,1245,452,4
68445,1000,1245,460,4.5
68446,1000,1245,468,4
68447,1000,1245,472,4
68448,1000,1245,502,5
68449,1000,1245,505,3
68450,1000,1245,509,5
68451,1000,1245,514,4
68452,1000,1245,549,3.5
68453,1000,1245,574,4.5
68454,1000,1245,670,1
68455,999,1244,15,5
68456,999,1244,17,4
68457,999,1244,19,4
68458,999,1244,23,3.5
68459,999,1244,30,4
68460,999,1244,38,4
68461,999,1244,56,2
68462,999,1244,102,5
68463,999,1244,137,1
68464,999,1244,160,4
68465,999,1244,189,5
68466,999,1244,195,4
68467,999,1244,198,5
68468,999,1244,212,4
68469,999,1244,232,3
68470,999,1244,236,5
68471,999,1244,257,4.5
68472,999,1244,262,3
68473,999,1244,264,5
68474,999,1244,265,3
68475,999,1244,278,2
68476,999,1244,297,4
68477,999,1244,306,3
68478,999,1244,312,4
68479,999,1244,358,5
68480,999,1244,373,4
68481,999,1244,378,3.5
68482,999,1244,406,4.5
68483,999,1244,414,4
68484,999,1244,428,5
68485,999,1244,434,4
68486,999,1244,436,4
68487,999,1244,452,3
68488,999,1244,457,4
68489,999,1244,468,3.5
68490,999,1244,469,2.5
68491,999,1244,472,4
68492,999,1244,474,4
68493,999,1244,481,4
68494,999,1244,505,4
68495,999,1244,509,4.5
68496,999,1244,510,5
68497,999,1244,519,4.5
68498,999,1244,529,4
68499,999,1244,537,2
68500,999,1244,544,4.5
68501,999,1244,545,5
68502,999,1244,547,5
68503,999,1244,564,5
68504,999,1244,575,4
68505,999,1244,585,5
68506,999,1244,587,4.5
68507,999,1244,614,3
68508,999,1244,624,4
68509,998,1243,4,5
68510,998,1243,15,2
68511,998,1243,23,3.5
68512,998,1243,57,5
68513,998,1243,102,4
68514,998,1243,119,5
68515,998,1243,130,3
68516,998,1243,232,5
68517,998,1243,265,4
68518,998,1243,285,5
68519,998,1243,299,5
68520,998,1243,346,5
68521,998,1243,373,4
68522,998,1243,391,4
68523,998,1243,468,3
68524,998,1243,492,4
68525,998,1243,509,4
68526,998,1243,514,5
68527,998,1243,529,0.5
68528,998,1243,537,5
68529,998,1243,564,3
68530,998,1243,603,5
68531,997,1242,7,5
68532,997,1242,19,5
68533,997,1242,30,5
68534,997,1242,49,4
68535,997,1242,57,5
68536,997,1242,73,3.5
68537,997,1242,93,3.5
68538,997,1242,96,3.5
68539,997,1242,102,4
68540,997,1242,125,3.5
68541,997,1242,134,2
68542,997,1242,139,3
68543,997,1242,166,5
68544,997,1242,175,4
68545,997,1242,185,4
68546,997,1242,195,2
68547,997,1242,214,3
68548,997,1242,232,5
68549,997,1242,253,4
68550,997,1242,265,4
68551,997,1242,268,4
68552,997,1242,274,3
68553,997,1242,282,4
68554,997,1242,285,5
68555,997,1242,291,5
68556,997,1242,303,4
68557,997,1242,311,3
68558,997,1242,358,5
68559,997,1242,373,4
68560,997,1242,380,4
68561,997,1242,387,4
68562,997,1242,388,5
68563,997,1242,390,2
68564,997,1242,408,3
68565,997,1242,431,5
68566,997,1242,433,2
68567,997,1242,434,3
68568,997,1242,441,4
68569,997,1242,452,4
68570,997,1242,460,2
68571,997,1242,461,3
68572,997,1242,463,4
68573,997,1242,466,5
68574,997,1242,472,2
68575,997,1242,497,1
68576,997,1242,509,4
68577,997,1242,514,4
68578,997,1242,518,5
68579,997,1242,550,4
68580,997,1242,553,3.5
68581,997,1242,577,5
68582,997,1242,580,3.5
68583,997,1242,585,4
68584,997,1242,587,4
68585,997,1242,598,5
68586,997,1242,603,5
68587,997,1242,605,3
68588,997,1242,661,4.5
68589,996,1241,17,0.5
68590,996,1241,23,2.5
68591,996,1241,73,4
68592,996,1241,103,3.5
68593,996,1241,262,4
68594,996,1241,274,4
68595,996,1241,332,4
68596,996,1241,344,3
68597,996,1241,346,0.5
68598,996,1241,580,3
68599,996,1241,608,4
68600,995,1240,4,5
68601,995,1240,7,4
68602,995,1240,10,4
68603,995,1240,15,3
68604,995,1240,17,3
68605,995,1240,19,4
68606,995,1240,21,5
68607,995,1240,22,4
68608,995,1240,23,3.5
68609,995,1240,30,4
68610,995,1240,34,5
68611,995,1240,41,4
68612,995,1240,48,3.5
68613,995,1240,56,2
68614,995,1240,57,3
68615,995,1240,66,5
68616,995,1240,73,4.5
68617,995,1240,75,3
68618,995,1240,77,4.5
68619,995,1240,78,4
68620,995,1240,83,3
68621,995,1240,89,4.5
68622,995,1240,91,5
68623,995,1240,93,3
68624,995,1240,97,2
68625,995,1240,101,3.5
68626,995,1240,102,4
68627,995,1240,103,4
68628,995,1240,105,4
68629,995,1240,111,4.5
68630,995,1240,118,5
68631,995,1240,119,4
68632,995,1240,120,4.5
68633,995,1240,124,5
68634,995,1240,125,4.5
68635,995,1240,130,4
68636,995,1240,134,5
68637,995,1240,137,5
68638,995,1240,139,4
68639,995,1240,150,3.5
68640,995,1240,152,3.5
68641,995,1240,155,3
68642,995,1240,157,4
68643,995,1240,159,4
68644,995,1240,164,2.5
68645,995,1240,165,3
68646,995,1240,167,4
68647,995,1240,170,3
68648,995,1240,177,5
68649,995,1240,180,4
68650,995,1240,193,4
68651,995,1240,195,3
68652,995,1240,197,5
68653,995,1240,199,4
68654,995,1240,205,4.5
68655,995,1240,206,5
68656,995,1240,212,3.5
68657,995,1240,213,3.5
68658,995,1240,214,4
68659,995,1240,219,3
68660,995,1240,231,5
68661,995,1240,232,3
68662,995,1240,243,3
68663,995,1240,244,3.5
68664,995,1240,248,5
68665,995,1240,251,4
68666,995,1240,260,4.5
68667,995,1240,261,4
68668,995,1240,268,4.5
68669,995,1240,271,5
68670,995,1240,273,3.5
68671,995,1240,275,4
68672,995,1240,282,3
68673,995,1240,285,3
68674,995,1240,287,5
68675,995,1240,291,5
68676,995,1240,293,3.5
68677,995,1240,295,5
68678,995,1240,303,3.5
68679,995,1240,306,5
68680,995,1240,309,5
68681,995,1240,311,4.5
68682,995,1240,312,5
68683,995,1240,313,3.5
68684,995,1240,316,4
68685,995,1240,344,4
68686,995,1240,346,5
68687,995,1240,350,4
68688,995,1240,353,3
68689,995,1240,355,4
68690,995,1240,360,4
68691,995,1240,363,5
68692,995,1240,364,0.5
68693,995,1240,367,3.5
68694,995,1240,379,4
68695,995,1240,380,5
68696,995,1240,384,4
68697,995,1240,388,4
68698,995,1240,390,3
68699,995,1240,394,3
68700,995,1240,398,4
68701,995,1240,402,2.5
68702,995,1240,405,4
68703,995,1240,418,2.5
68704,995,1240,423,4
68705,995,1240,426,3
68706,995,1240,428,4
68707,995,1240,430,2
68708,995,1240,431,4.5
68709,995,1240,433,5
68710,995,1240,434,4
68711,995,1240,442,4.5
68712,995,1240,452,4
68713,995,1240,457,3
68714,995,1240,458,3.5
68715,995,1240,461,4
68716,995,1240,463,5
68717,995,1240,468,3
68718,995,1240,471,5
68719,995,1240,472,5
68720,995,1240,480,4.5
68721,995,1240,481,3.5
68722,995,1240,483,5
68723,995,1240,502,4
68724,995,1240,505,3
68725,995,1240,509,3
68726,995,1240,514,4
68727,995,1240,518,4
68728,995,1240,519,4.5
68729,995,1240,522,3.5
68730,995,1240,523,4
68731,995,1240,525,5
68732,995,1240,527,3
68733,995,1240,533,5
68734,995,1240,537,3
68735,995,1240,544,4.5
68736,995,1240,550,4
68737,995,1240,553,2.5
68738,995,1240,554,4
68739,995,1240,559,5
68740,995,1240,560,4
68741,995,1240,562,4
68742,995,1240,564,5
68743,995,1240,574,3.5
68744,995,1240,577,5
68745,995,1240,580,3.5
68746,995,1240,585,5
68747,995,1240,592,4
68748,995,1240,596,3.5
68749,995,1240,597,5
68750,995,1240,603,5
68751,995,1240,607,4
68752,995,1240,615,4
68753,995,1240,624,3
68754,995,1240,627,3.5
68755,995,1240,654,4.5
68756,995,1240,664,4
68757,995,1240,671,4
68758,994,1238,19,5
68759,994,1238,65,2
68760,994,1238,102,4
68761,994,1238,105,4
68762,994,1238,118,5
68763,994,1238,232,4
68764,994,1238,265,4
68765,994,1238,373,4
68766,994,1238,405,4.5
68767,994,1238,474,5
68768,994,1238,529,4
68769,994,1238,537,5
68770,994,1238,547,4
68771,994,1238,564,3
68772,994,1238,585,5
68773,994,1238,597,4
68774,994,1238,647,4
68775,993,1237,17,5
68776,993,1237,19,4
68777,993,1237,23,4.5
68778,993,1237,102,4
68779,993,1237,119,3
68780,993,1237,232,5
68781,993,1237,236,5
68782,993,1237,262,3
68783,993,1237,265,5
68784,993,1237,297,5
68785,993,1237,391,5
68786,993,1237,406,4
68787,993,1237,428,4.5
68788,993,1237,468,3.5
68789,993,1237,564,4
68790,993,1237,575,4
68791,992,1236,467,4
68792,992,1236,472,3
68793,992,1236,514,4
68794,992,1236,547,3
68795,992,1236,564,5
68796,991,1235,3,4
68797,991,1235,12,5
68798,991,1235,15,3.5
68799,991,1235,17,5
68800,991,1235,23,1.5
68801,991,1235,30,2
68802,991,1235,56,5
68803,991,1235,96,4
68804,991,1235,102,4
68805,991,1235,117,2.5
68806,991,1235,119,5
68807,991,1235,133,3
68808,991,1235,177,5
68809,991,1235,195,3
68810,991,1235,232,4
68811,991,1235,234,5
68812,991,1235,262,5
68813,991,1235,265,4
68814,991,1235,268,4.5
68815,991,1235,306,1
68816,991,1235,378,4.5
68817,991,1235,388,4
68818,991,1235,408,5
68819,991,1235,420,4
68820,991,1235,431,0.5
68821,991,1235,441,4.5
68822,991,1235,452,2
68823,991,1235,460,4
68824,991,1235,468,3.5
68825,991,1235,472,4
68826,991,1235,488,4
68827,991,1235,514,4
68828,991,1235,518,4
68829,991,1235,527,4
68830,991,1235,529,3
68831,991,1235,537,5
68832,991,1235,546,0.5
68833,991,1235,547,4
68834,991,1235,564,5
68835,991,1235,575,5
68836,991,1235,580,3
68837,991,1235,585,5
68838,991,1235,587,4
68839,991,1235,598,4
68840,990,1234,15,4
68841,990,1234,21,3
68842,990,1234,23,3.5
68843,990,1234,30,5
68844,990,1234,31,4.5
68845,990,1234,34,3
68846,990,1234,57,5
68847,990,1234,63,1
68848,990,1234,75,3
68849,990,1234,93,4
68850,990,1234,102,4
68851,990,1234,105,3.5
68852,990,1234,111,3.5
68853,990,1234,119,4
68854,990,1234,125,4
68855,990,1234,148,4
68856,990,1234,195,4
68857,990,1234,204,3.5
68858,990,1234,209,3
68859,990,1234,212,4
68860,990,1234,215,4
68861,990,1234,232,4
68862,990,1234,242,5
68863,990,1234,263,3.5
68864,990,1234,268,4.5
68865,990,1234,281,3.5
68866,990,1234,287,5
68867,990,1234,294,4
68868,990,1234,306,5
68869,990,1234,309,4.5
68870,990,1234,311,3.5
68871,990,1234,342,5
68872,990,1234,358,5
68873,990,1234,367,3
68874,990,1234,405,5
68875,990,1234,420,4
68876,990,1234,434,2
68877,990,1234,452,5
68878,990,1234,468,3
68879,990,1234,472,4
68880,990,1234,485,4.5
68881,990,1234,502,4
68882,990,1234,505,4
68883,990,1234,509,5
68884,990,1234,510,4
68885,990,1234,518,3
68886,990,1234,520,5
68887,990,1234,529,3
68888,990,1234,537,4
68889,990,1234,547,4.5
68890,990,1234,559,5
68891,990,1234,564,5
68892,990,1234,574,4.5
68893,990,1234,575,4
68894,990,1234,577,4.5
68895,990,1234,580,3.5
68896,990,1234,585,4
68897,990,1234,587,4.5
68898,990,1234,594,4
68899,990,1234,608,4
68900,990,1234,614,4
68901,990,1234,622,5
68902,990,1234,624,4
68903,989,1233,15,3
68904,989,1233,19,4
68905,989,1233,23,3.5
68906,989,1233,83,5
68907,989,1233,94,1.5
68908,989,1233,99,5
68909,989,1233,102,5
68910,989,1233,105,5
68911,989,1233,118,5
68912,989,1233,119,5
68913,989,1233,131,3
68914,989,1233,134,2.5
68915,989,1233,159,4
68916,989,1233,195,5
68917,989,1233,209,4
68918,989,1233,214,4
68919,989,1233,218,5
68920,989,1233,232,5
68921,989,1233,248,5
68922,989,1233,265,5
68923,989,1233,295,4
68924,989,1233,344,4
68925,989,1233,348,4
68926,989,1233,376,4
68927,989,1233,388,5
68928,989,1233,434,4
68929,989,1233,436,4
68930,989,1233,442,4
68931,989,1233,452,5
68932,989,1233,463,5
68933,989,1233,468,3.5
68934,989,1233,471,4
68935,989,1233,472,5
68936,989,1233,492,3
68937,989,1233,502,3
68938,989,1233,509,4
68939,989,1233,510,5
68940,989,1233,529,5
68941,989,1233,544,5
68942,989,1233,547,0.5
68943,989,1233,555,4
68944,989,1233,558,5
68945,989,1233,564,4
68946,989,1233,565,3
68947,989,1233,585,5
68948,989,1233,587,5
68949,989,1233,596,4
68950,989,1233,647,4
68951,989,1233,658,5
68952,989,1233,659,4
68953,989,1233,668,4
68954,988,1232,17,5
68955,988,1232,23,4
68956,988,1232,81,4.5
68957,988,1232,176,0.5
68958,988,1232,208,2
68959,988,1232,297,5
68960,988,1232,339,3.5
68961,988,1232,492,5
68962,988,1232,563,4
68963,988,1232,608,5
68964,987,1231,7,4
68965,987,1231,15,4
68966,987,1231,19,5
68967,987,1231,21,3
68968,987,1231,23,4
68969,987,1231,30,5
68970,987,1231,34,4
68971,987,1231,35,1.5
68972,987,1231,68,4
68973,987,1231,102,4
68974,987,1231,111,4
68975,987,1231,195,3
68976,987,1231,206,4
68977,987,1231,214,4
68978,987,1231,218,4
68979,987,1231,242,5
68980,987,1231,259,5
68981,987,1231,265,4
68982,987,1231,311,3
68983,987,1231,312,4
68984,987,1231,328,3
68985,987,1231,342,5
68986,987,1231,344,4
68987,987,1231,387,4
68988,987,1231,405,4
68989,987,1231,420,4
68990,987,1231,434,4
68991,987,1231,442,4
68992,987,1231,452,4
68993,987,1231,460,3.5
68994,987,1231,463,4
68995,987,1231,466,4
68996,987,1231,468,3.5
68997,987,1231,497,3
68998,987,1231,509,4
68999,987,1231,514,4
69000,987,1231,537,4
69001,987,1231,547,4.5
69002,987,1231,558,5
69003,987,1231,559,5
69004,987,1231,564,2
69005,987,1231,575,3
69006,987,1231,585,4
69007,987,1231,587,4
69008,987,1231,614,4
69009,986,1230,4,5
69010,986,1230,12,2
69011,986,1230,15,3
69012,986,1230,17,5
69013,986,1230,19,4
69014,986,1230,23,4
69015,986,1230,33,4
69016,986,1230,56,2
69017,986,1230,58,2
69018,986,1230,63,1.5
69019,986,1230,65,5
69020,986,1230,81,4
69021,986,1230,83,5
69022,986,1230,102,5
69023,986,1230,125,5
69024,986,1230,149,3
69025,986,1230,160,5
69026,986,1230,189,5
69027,986,1230,195,4
69028,986,1230,204,4
69029,986,1230,212,4
69030,986,1230,220,4
69031,986,1230,232,1
69032,986,1230,236,5
69033,986,1230,240,4.5
69034,986,1230,242,4
69035,986,1230,255,4
69036,986,1230,257,0.5
69037,986,1230,262,3
69038,986,1230,265,4
69039,986,1230,268,5
69040,986,1230,271,2.5
69041,986,1230,306,4
69042,986,1230,342,5
69043,986,1230,358,5
69044,986,1230,367,2
69045,986,1230,372,3
69046,986,1230,373,5
69047,986,1230,376,4
69048,986,1230,382,2.5
69049,986,1230,387,5
69050,986,1230,388,4
69051,986,1230,393,4.5
69052,986,1230,406,4.5
69053,986,1230,420,3
69054,986,1230,434,5
69055,986,1230,435,3
69056,986,1230,436,5
69057,986,1230,452,4
69058,986,1230,461,3
69059,986,1230,468,3.5
69060,986,1230,472,5
69061,986,1230,481,5
69062,986,1230,486,4.5
69063,986,1230,499,5
69064,986,1230,505,3.5
69065,986,1230,509,5
69066,986,1230,510,4
69067,986,1230,514,4
69068,986,1230,519,4.5
69069,986,1230,529,5
69070,986,1230,537,4
69071,986,1230,544,5
69072,986,1230,545,5
69073,986,1230,547,5
69074,986,1230,554,4
69075,986,1230,558,5
69076,986,1230,564,5
69077,986,1230,575,4
69078,986,1230,580,4
69079,986,1230,585,5
69080,986,1230,587,5
69081,986,1230,594,5
69082,986,1230,595,4
69083,986,1230,605,3
69084,986,1230,608,5
69085,986,1230,624,5
69086,986,1230,642,5
69087,986,1230,644,5
69088,986,1230,656,5
69089,985,1228,15,4
69090,985,1228,19,5
69091,985,1228,21,4
69092,985,1228,23,4
69093,985,1228,30,5
69094,985,1228,56,4
69095,985,1228,73,4.5
69096,985,1228,97,2
69097,985,1228,102,5
69098,985,1228,159,4
69099,985,1228,178,5
69100,985,1228,195,2
69101,985,1228,232,4
69102,985,1228,245,5
69103,985,1228,257,4.5
69104,985,1228,278,5
69105,985,1228,287,4.5
69106,985,1228,309,4.5
69107,985,1228,312,4
69108,985,1228,321,5
69109,985,1228,342,5
69110,985,1228,345,2.5
69111,985,1228,358,5
69112,985,1228,373,5
69113,985,1228,380,4
69114,985,1228,387,5
69115,985,1228,388,5
69116,985,1228,406,4.5
69117,985,1228,428,4
69118,985,1228,431,4.5
69119,985,1228,434,4
69120,985,1228,452,4
69121,985,1228,468,4
69122,985,1228,472,5
69123,985,1228,475,4.5
69124,985,1228,505,2
69125,985,1228,509,5
69126,985,1228,519,4.5
69127,985,1228,545,5
69128,985,1228,547,4
69129,985,1228,554,5
69130,985,1228,559,5
69131,985,1228,564,5
69132,985,1228,580,3.5
69133,985,1228,585,5
69134,985,1228,587,5
69135,985,1228,608,5
69136,985,1228,624,5
69137,985,1228,642,4
69138,985,1228,648,3.5
69139,984,1227,19,3
69140,984,1227,23,3.5
69141,984,1227,30,5
69142,984,1227,57,4
69143,984,1227,102,5
69144,984,1227,105,3.5
69145,984,1227,118,4
69146,984,1227,232,5
69147,984,1227,242,5
69148,984,1227,297,4.5
69149,984,1227,299,5
69150,984,1227,345,5
69151,984,1227,358,3
69152,984,1227,481,5
69153,984,1227,509,4
69154,984,1227,522,3
69155,984,1227,547,1
69156,984,1227,574,4
69157,984,1227,596,4.5
69158,984,1227,608,5
69159,984,1227,624,5
69160,984,1227,647,5
69161,983,1226,30,4
69162,983,1226,56,4
69163,983,1226,195,3
69164,983,1226,232,2
69165,983,1226,388,3
69166,983,1226,405,4
69167,983,1226,423,3.5
69168,983,1226,434,4
69169,983,1226,509,4
69170,983,1226,547,2.5
69171,983,1226,575,4
69172,983,1226,585,5
69173,983,1226,587,3.5
69174,982,1225,4,5
69175,982,1225,7,5
69176,982,1225,8,4
69177,982,1225,15,4
69178,982,1225,19,5
69179,982,1225,21,5
69180,982,1225,23,4.5
69181,982,1225,28,5
69182,982,1225,30,5
69183,982,1225,56,5
69184,982,1225,57,5
69185,982,1225,58,5
69186,982,1225,73,3
69187,982,1225,75,1
69188,982,1225,88,4.5
69189,982,1225,93,4
69190,982,1225,102,4
69191,982,1225,105,3.5
69192,982,1225,119,5
69193,982,1225,130,3.5
69194,982,1225,180,4
69195,982,1225,185,4
69196,982,1225,193,5
69197,982,1225,195,4
69198,982,1225,211,5
69199,982,1225,212,2.5
69200,982,1225,214,5
69201,982,1225,218,3.5
69202,982,1225,220,4
69203,982,1225,232,5
69204,982,1225,242,5
69205,982,1225,245,5
69206,982,1225,253,4.5
69207,982,1225,261,4
69208,982,1225,265,4
69209,982,1225,268,4.5
69210,982,1225,271,3.5
69211,982,1225,278,4
69212,982,1225,303,4.5
69213,982,1225,304,4
69214,982,1225,306,5
69215,982,1225,309,4
69216,982,1225,311,4
69217,982,1225,324,4
69218,982,1225,342,4
69219,982,1225,344,5
69220,982,1225,345,4.5
69221,982,1225,358,5
69222,982,1225,373,4
69223,982,1225,379,3
69224,982,1225,380,5
69225,982,1225,381,5
69226,982,1225,382,2.5
69227,982,1225,387,3
69228,982,1225,388,5
69229,982,1225,391,5
69230,982,1225,402,4.5
69231,982,1225,420,5
69232,982,1225,431,4.5
69233,982,1225,433,4
69234,982,1225,434,5
69235,982,1225,436,5
69236,982,1225,451,4
69237,982,1225,452,4
69238,982,1225,460,3
69239,982,1225,461,4
69240,982,1225,463,4
69241,982,1225,468,3.5
69242,982,1225,472,4
69243,982,1225,493,4
69244,982,1225,497,5
69245,982,1225,500,3.5
69246,982,1225,502,5
69247,982,1225,505,4
69248,982,1225,509,5
69249,982,1225,510,5
69250,982,1225,514,5
69251,982,1225,518,4
69252,982,1225,522,3
69253,982,1225,523,4
69254,982,1225,527,2.5
69255,982,1225,529,2
69256,982,1225,533,4
69257,982,1225,537,3
69258,982,1225,545,5
69259,982,1225,547,3
69260,982,1225,564,3
69261,982,1225,569,4
69262,982,1225,575,3
69263,982,1225,580,3.5
69264,982,1225,585,4
69265,982,1225,587,4
69266,982,1225,598,4
69267,982,1225,605,4
69268,982,1225,614,4
69269,982,1225,617,4
69270,982,1225,647,4
69271,982,1225,654,4.5
69272,982,1225,656,5
69273,982,1225,671,4
69274,981,1224,21,5
69275,981,1224,57,5
69276,981,1224,102,4
69277,981,1224,119,5
69278,981,1224,130,5
69279,981,1224,232,5
69280,981,1224,265,4
69281,981,1224,321,4
69282,981,1224,358,5
69283,981,1224,391,4
69284,981,1224,417,4.5
69285,981,1224,420,5
69286,981,1224,431,5
69287,981,1224,434,4
69288,981,1224,436,5
69289,981,1224,466,5
69290,981,1224,468,3.5
69291,981,1224,472,3
69292,981,1224,492,3
69293,981,1224,509,3
69294,981,1224,537,4
69295,981,1224,609,1
69296,980,1223,7,5
69297,980,1223,15,4
69298,980,1223,77,3
69299,980,1223,119,5
69300,980,1223,130,4
69301,980,1223,185,4
69302,980,1223,198,5
69303,980,1223,205,1
69304,980,1223,207,4
69305,980,1223,234,4
69306,980,1223,262,2
69307,980,1223,283,5
69308,980,1223,285,4
69309,980,1223,294,4
69310,980,1223,296,5
69311,980,1223,309,4.5
69312,980,1223,328,4.5
69313,980,1223,363,4
69314,980,1223,422,5
69315,980,1223,434,4
69316,980,1223,435,5
69317,980,1223,460,3.5
69318,980,1223,461,4
69319,980,1223,472,4
69320,980,1223,514,4
69321,980,1223,530,4
69322,980,1223,531,4
69323,980,1223,537,5
69324,980,1223,547,2
69325,980,1223,564,4
69326,980,1223,577,5
69327,980,1223,585,4
69328,980,1223,594,5
69329,980,1223,595,4
69330,980,1223,597,5
69331,980,1223,624,4
69332,980,1223,638,4.5
69333,980,1223,660,4.5
69334,980,1223,671,3
69335,979,1222,4,5
69336,979,1222,15,4
69337,979,1222,19,5
69338,979,1222,21,3
69339,979,1222,23,3.5
69340,979,1222,30,4
69341,979,1222,34,5
69342,979,1222,41,4
69343,979,1222,48,3.5
69344,979,1222,56,4
69345,979,1222,57,5
69346,979,1222,72,4
69347,979,1222,73,4.5
69348,979,1222,77,3.5
69349,979,1222,78,5
69350,979,1222,81,4
69351,979,1222,94,4
69352,979,1222,102,5
69353,979,1222,105,4.5
69354,979,1222,124,3.5
69355,979,1222,130,3.5
69356,979,1222,133,0.5
69357,979,1222,134,2.5
69358,979,1222,149,3
69359,979,1222,152,3
69360,979,1222,157,4
69361,979,1222,165,2
69362,979,1222,195,4
69363,979,1222,198,5
69364,979,1222,200,4.5
69365,979,1222,212,4.5
69366,979,1222,214,4
69367,979,1222,219,4
69368,979,1222,232,5
69369,979,1222,236,3.5
69370,979,1222,243,4
69371,979,1222,248,4
69372,979,1222,257,4.5
69373,979,1222,262,2.5
69374,979,1222,263,3
69375,979,1222,265,3
69376,979,1222,268,4.5
69377,979,1222,285,5
69378,979,1222,298,5
69379,979,1222,299,5
69380,979,1222,303,4.5
69381,979,1222,307,5
69382,979,1222,312,4
69383,979,1222,340,3
69384,979,1222,342,5
69385,979,1222,344,4
69386,979,1222,345,4
69387,979,1222,346,3
69388,979,1222,349,5
69389,979,1222,353,3
69390,979,1222,355,5
69391,979,1222,356,2
69392,979,1222,362,3.5
69393,979,1222,367,5
69394,979,1222,380,3.5
69395,979,1222,388,5
69396,979,1222,398,3
69397,979,1222,417,3.5
69398,979,1222,423,4.5
69399,979,1222,428,5
69400,979,1222,430,3.5
69401,979,1222,432,4
69402,979,1222,433,5
69403,979,1222,442,4.5
69404,979,1222,450,5
69405,979,1222,452,3
69406,979,1222,457,4.5
69407,979,1222,461,3.5
69408,979,1222,463,3
69409,979,1222,468,4
69410,979,1222,471,4
69411,979,1222,472,4
69412,979,1222,481,5
69413,979,1222,483,4.5
69414,979,1222,501,3
69415,979,1222,502,4
69416,979,1222,509,4
69417,979,1222,514,5
69418,979,1222,518,4
69419,979,1222,519,4.5
69420,979,1222,522,4
69421,979,1222,525,4
69422,979,1222,527,3.5
69423,979,1222,544,5
69424,979,1222,547,4.5
69425,979,1222,560,4
69426,979,1222,563,5
69427,979,1222,564,4
69428,979,1222,574,3
69429,979,1222,577,5
69430,979,1222,580,4.5
69431,979,1222,596,4
69432,979,1222,598,5
69433,979,1222,607,4.5
69434,979,1222,615,4.5
69435,979,1222,635,3.5
69436,979,1222,648,4
69437,979,1222,659,4
69438,979,1222,664,3.5
69439,978,1221,5,2.5
69440,978,1221,15,5
69441,978,1221,17,5
69442,978,1221,19,5
69443,978,1221,21,3
69444,978,1221,23,4.5
69445,978,1221,30,5
69446,978,1221,31,4.5
69447,978,1221,34,4
69448,978,1221,38,4.5
69449,978,1221,57,5
69450,978,1221,59,5
69451,978,1221,60,5
69452,978,1221,63,5
69453,978,1221,65,4
69454,978,1221,72,4
69455,978,1221,73,5
69456,978,1221,75,0.5
69457,978,1221,97,2.5
69458,978,1221,102,5
69459,978,1221,105,4
69460,978,1221,118,5
69461,978,1221,119,4
69462,978,1221,125,4
69463,978,1221,130,4
69464,978,1221,138,3
69465,978,1221,159,4.5
69466,978,1221,163,5
69467,978,1221,178,4.5
69468,978,1221,193,5
69469,978,1221,195,5
69470,978,1221,198,5
69471,978,1221,203,4.5
69472,978,1221,205,3.5
69473,978,1221,212,5
69474,978,1221,214,5
69475,978,1221,215,4
69476,978,1221,220,5
69477,978,1221,229,4.5
69478,978,1221,231,4
69479,978,1221,232,5
69480,978,1221,242,5
69481,978,1221,245,5
69482,978,1221,250,5
69483,978,1221,253,3.5
69484,978,1221,258,5
69485,978,1221,262,3
69486,978,1221,277,5
69487,978,1221,290,5
69488,978,1221,297,3.5
69489,978,1221,303,4
69490,978,1221,309,5
69491,978,1221,312,4
69492,978,1221,340,5
69493,978,1221,342,5
69494,978,1221,348,1
69495,978,1221,350,4
69496,978,1221,355,5
69497,978,1221,358,5
69498,978,1221,373,5
69499,978,1221,376,4
69500,978,1221,380,4
69501,978,1221,387,5
69502,978,1221,388,5
69503,978,1221,390,5
69504,978,1221,394,3
69505,978,1221,401,5
69506,978,1221,405,5
69507,978,1221,406,3
69508,978,1221,411,4
69509,978,1221,414,5
69510,978,1221,423,3.5
69511,978,1221,426,4.5
69512,978,1221,428,5
69513,978,1221,431,5
69514,978,1221,434,5
69515,978,1221,439,5
69516,978,1221,442,4.5
69517,978,1221,450,4
69518,978,1221,452,5
69519,978,1221,454,5
69520,978,1221,458,4
69521,978,1221,461,5
69522,978,1221,463,4
69523,978,1221,466,4
69524,978,1221,467,4
69525,978,1221,468,4
69526,978,1221,472,5
69527,978,1221,474,5
69528,978,1221,475,5
69529,978,1221,481,5
69530,978,1221,493,3
69531,978,1221,494,5
69532,978,1221,497,3
69533,978,1221,499,5
69534,978,1221,501,4
69535,978,1221,502,3
69536,978,1221,509,5
69537,978,1221,518,3
69538,978,1221,520,5
69539,978,1221,521,5
69540,978,1221,522,4.5
69541,978,1221,525,5
69542,978,1221,528,5
69543,978,1221,529,2
69544,978,1221,542,5
69545,978,1221,547,4
69546,978,1221,549,5
69547,978,1221,558,5
69548,978,1221,559,5
69549,978,1221,562,4
69550,978,1221,564,2
69551,978,1221,567,5
69552,978,1221,574,4.5
69553,978,1221,580,4
69554,978,1221,582,3
69555,978,1221,583,4.5
69556,978,1221,587,4.5
69557,978,1221,594,5
69558,978,1221,596,5
69559,978,1221,605,4
69560,978,1221,606,5
69561,978,1221,607,4
69562,978,1221,608,5
69563,978,1221,614,4
69564,978,1221,624,5
69565,978,1221,627,5
69566,978,1221,630,5
69567,978,1221,634,5
69568,978,1221,637,5
69569,978,1221,643,5
69570,978,1221,647,4
69571,978,1221,648,3.5
69572,978,1221,664,4.5
69573,978,1221,668,5
69574,977,1220,4,5
69575,977,1220,7,4
69576,977,1220,10,3
69577,977,1220,12,5
69578,977,1220,15,1
69579,977,1220,17,4
69580,977,1220,19,5
69581,977,1220,30,5
69582,977,1220,34,3
69583,977,1220,41,5
69584,977,1220,57,4
69585,977,1220,61,3.5
69586,977,1220,73,3.5
69587,977,1220,77,4.5
69588,977,1220,102,4
69589,977,1220,105,3.5
69590,977,1220,111,4.5
69591,977,1220,119,4
69592,977,1220,125,3.5
69593,977,1220,134,4
69594,977,1220,178,5
69595,977,1220,185,3
69596,977,1220,193,5
69597,977,1220,195,5
69598,977,1220,201,4
69599,977,1220,202,5
69600,977,1220,212,3
69601,977,1220,214,4
69602,977,1220,217,5
69603,977,1220,220,5
69604,977,1220,228,5
69605,977,1220,232,4
69606,977,1220,239,4
69607,977,1220,247,4
69608,977,1220,261,0.5
69609,977,1220,268,3
69610,977,1220,271,2.5
69611,977,1220,285,4
69612,977,1220,295,2.5
69613,977,1220,303,4
69614,977,1220,306,4
69615,977,1220,327,5
69616,977,1220,342,4
69617,977,1220,344,4
69618,977,1220,345,5
69619,977,1220,350,2
69620,977,1220,352,4
69621,977,1220,353,3
69622,977,1220,355,4
69623,977,1220,358,5
69624,977,1220,362,4
69625,977,1220,367,5
69626,977,1220,372,4
69627,977,1220,373,3
69628,977,1220,380,4
69629,977,1220,388,4
69630,977,1220,420,5
69631,977,1220,423,4
69632,977,1220,425,4
69633,977,1220,426,1.5
69634,977,1220,430,4
69635,977,1220,441,3.5
69636,977,1220,442,4.5
69637,977,1220,460,3.5
69638,977,1220,461,3.5
69639,977,1220,466,4
69640,977,1220,472,5
69641,977,1220,497,3
69642,977,1220,502,4
69643,977,1220,505,3
69644,977,1220,509,4
69645,977,1220,514,4
69646,977,1220,518,4
69647,977,1220,519,4.5
69648,977,1220,522,5
69649,977,1220,527,4.5
69650,977,1220,537,4
69651,977,1220,547,2
69652,977,1220,559,3
69653,977,1220,562,3.5
69654,977,1220,564,4
69655,977,1220,575,5
69656,977,1220,580,4
69657,977,1220,585,4
69658,977,1220,594,5
69659,977,1220,595,4
69660,977,1220,597,4
69661,977,1220,603,4
69662,977,1220,605,3
69663,977,1220,607,3.5
69664,977,1220,608,3
69665,977,1220,624,3
69666,977,1220,654,4
69667,977,1220,671,4
69668,976,1219,4,5
69669,976,1219,8,4
69670,976,1219,15,3
69671,976,1219,19,5
69672,976,1219,23,5
69673,976,1219,28,5
69674,976,1219,30,4
69675,976,1219,34,5
69676,976,1219,60,4.5
69677,976,1219,75,4
69678,976,1219,81,4
69679,976,1219,95,5
69680,976,1219,96,5
69681,976,1219,97,2.5
69682,976,1219,99,3
69683,976,1219,102,5
69684,976,1219,118,5
69685,976,1219,134,4.5
69686,976,1219,142,4
69687,976,1219,213,2
69688,976,1219,214,4
69689,976,1219,215,4
69690,976,1219,220,5
69691,976,1219,236,4.5
69692,976,1219,242,5
69693,976,1219,243,4
69694,976,1219,262,4
69695,976,1219,268,4
69696,976,1219,281,5
69697,976,1219,292,4
69698,976,1219,311,2
69699,976,1219,313,3.5
69700,976,1219,342,4
69701,976,1219,344,3
69702,976,1219,345,5
69703,976,1219,360,4
69704,976,1219,362,4
69705,976,1219,376,5
69706,976,1219,388,4
69707,976,1219,403,4
69708,976,1219,411,5
69709,976,1219,420,5
69710,976,1219,423,5
69711,976,1219,431,5
69712,976,1219,436,5
69713,976,1219,442,4.5
69714,976,1219,452,4.5
69715,976,1219,460,4
69716,976,1219,461,4
69717,976,1219,463,4
69718,976,1219,468,4.5
69719,976,1219,471,4
69720,976,1219,472,5
69721,976,1219,474,4
69722,976,1219,482,5
69723,976,1219,500,1
69724,976,1219,509,4.5
69725,976,1219,514,5
69726,976,1219,518,3
69727,976,1219,519,3.5
69728,976,1219,528,3
69729,976,1219,529,4
69730,976,1219,537,4
69731,976,1219,547,5
69732,976,1219,550,4
69733,976,1219,558,5
69734,976,1219,564,5
69735,976,1219,580,3
69736,976,1219,585,5
69737,976,1219,587,4
69738,976,1219,596,4.5
69739,976,1219,606,5
69740,976,1219,608,4
69741,976,1219,614,5
69742,976,1219,618,5
69743,976,1219,635,5
69744,976,1219,647,5
69745,975,1218,15,4
69746,975,1218,17,4
69747,975,1218,19,4
69748,975,1218,23,3.5
69749,975,1218,73,4.5
69750,975,1218,102,5
69751,975,1218,257,4
69752,975,1218,312,4
69753,975,1218,388,2
69754,975,1218,408,5
69755,975,1218,492,5
69756,975,1218,608,5
69757,975,1218,614,4
69758,975,1218,642,5
69759,974,1217,15,2
69760,974,1217,19,5
69761,974,1217,21,5
69762,974,1217,23,4.5
69763,974,1217,77,3.5
69764,974,1217,102,5
69765,974,1217,159,4
69766,974,1217,195,4
69767,974,1217,232,5
69768,974,1217,236,5
69769,974,1217,265,5
69770,974,1217,297,4.5
69771,974,1217,312,3
69772,974,1217,321,5
69773,974,1217,388,4
69774,974,1217,407,5
69775,974,1217,420,4
69776,974,1217,431,4.5
69777,974,1217,509,5
69778,974,1217,544,4.5
69779,974,1217,547,5
69780,974,1217,580,4.5
69781,974,1217,585,5
69782,974,1217,587,4
69783,974,1217,608,4
69784,974,1217,647,5
69785,973,1216,19,2
69786,973,1216,105,3.5
69787,973,1216,189,2
69788,973,1216,306,3
69789,973,1216,344,4
69790,972,1215,12,5
69791,972,1215,15,1.5
69792,972,1215,19,4
69793,972,1215,22,4
69794,972,1215,34,3
69795,972,1215,73,4.5
69796,972,1215,77,4.5
69797,972,1215,95,5
69798,972,1215,98,5
69799,972,1215,103,3.5
69800,972,1215,119,4
69801,972,1215,128,2
69802,972,1215,130,3
69803,972,1215,134,4
69804,972,1215,165,3.5
69805,972,1215,177,5
69806,972,1215,185,4
69807,972,1215,197,3
69808,972,1215,199,4.5
69809,972,1215,212,0.5
69810,972,1215,239,4
69811,972,1215,247,5
69812,972,1215,253,4.5
69813,972,1215,274,4
69814,972,1215,276,3
69815,972,1215,285,3
69816,972,1215,291,4
69817,972,1215,294,3
69818,972,1215,345,3.5
69819,972,1215,346,5
69820,972,1215,355,3
69821,972,1215,370,5
69822,972,1215,380,5
69823,972,1215,388,3
69824,972,1215,401,5
69825,972,1215,403,4
69826,972,1215,408,3
69827,972,1215,423,4
69828,972,1215,439,2
69829,972,1215,461,4.5
69830,972,1215,472,4
69831,972,1215,518,4
69832,972,1215,561,4
69833,972,1215,562,5
69834,972,1215,564,3
69835,972,1215,577,5
69836,972,1215,580,4.5
69837,972,1215,597,3
69838,972,1215,607,4
69839,972,1215,615,2.5
69840,972,1215,654,4
69841,972,1215,664,4.5
69842,971,1214,4,5
69843,971,1214,15,4
69844,971,1214,19,4
69845,971,1214,21,4
69846,971,1214,22,3.5
69847,971,1214,30,4
69848,971,1214,34,5
69849,971,1214,41,4
69850,971,1214,48,3.5
69851,971,1214,57,3
69852,971,1214,58,4
69853,971,1214,63,5
69854,971,1214,73,5
69855,971,1214,75,4
69856,971,1214,77,3.5
69857,971,1214,78,3.5
69858,971,1214,89,3.5
69859,971,1214,91,4
69860,971,1214,95,5
69861,971,1214,101,3.5
69862,971,1214,102,4
69863,971,1214,103,5
69864,971,1214,105,4
69865,971,1214,118,5
69866,971,1214,119,3
69867,971,1214,120,3.5
69868,971,1214,124,5
69869,971,1214,130,4.5
69870,971,1214,134,4.5
69871,971,1214,137,3
69872,971,1214,152,4.5
69873,971,1214,155,4
69874,971,1214,157,4
69875,971,1214,167,4
69876,971,1214,185,4
69877,971,1214,195,5
69878,971,1214,199,5
69879,971,1214,205,2
69880,971,1214,213,2.5
69881,971,1214,214,5
69882,971,1214,218,4
69883,971,1214,232,5
69884,971,1214,236,4
69885,971,1214,242,5
69886,971,1214,244,4
69887,971,1214,248,5
69888,971,1214,268,5
69889,971,1214,285,2
69890,971,1214,286,3
69891,971,1214,295,4.5
69892,971,1214,303,3
69893,971,1214,306,3
69894,971,1214,311,2
69895,971,1214,312,5
69896,971,1214,328,3.5
69897,971,1214,342,4
69898,971,1214,344,3
69899,971,1214,345,4
69900,971,1214,346,3.5
69901,971,1214,347,4
69902,971,1214,353,3
69903,971,1214,355,5
69904,971,1214,363,5
69905,971,1214,367,4.5
69906,971,1214,373,3
69907,971,1214,380,4
69908,971,1214,384,3.5
69909,971,1214,388,5
69910,971,1214,390,3
69911,971,1214,401,5
69912,971,1214,405,3.5
69913,971,1214,406,1
69914,971,1214,408,3
69915,971,1214,420,4
69916,971,1214,430,4
69917,971,1214,432,5
69918,971,1214,433,4.5
69919,971,1214,434,4
69920,971,1214,439,4
69921,971,1214,442,5
69922,971,1214,452,3
69923,971,1214,458,4
69924,971,1214,461,5
69925,971,1214,463,5
69926,971,1214,468,3.5
69927,971,1214,471,4
69928,971,1214,472,5
69929,971,1214,474,4
69930,971,1214,475,4
69931,971,1214,480,4.5
69932,971,1214,482,5
69933,971,1214,483,5
69934,971,1214,498,2
69935,971,1214,502,4
69936,971,1214,509,3.5
69937,971,1214,510,2
69938,971,1214,514,5
69939,971,1214,518,4
69940,971,1214,520,4
69941,971,1214,525,4
69942,971,1214,533,2
69943,971,1214,537,3
69944,971,1214,544,5
69945,971,1214,546,5
69946,971,1214,547,3.5
69947,971,1214,559,4
69948,971,1214,560,4
69949,971,1214,561,4.5
69950,971,1214,563,3.5
69951,971,1214,564,5
69952,971,1214,580,4
69953,971,1214,584,4
69954,971,1214,585,5
69955,971,1214,587,3.5
69956,971,1214,592,5
69957,971,1214,594,3
69958,971,1214,597,5
69959,971,1214,603,3
69960,971,1214,605,3
69961,971,1214,607,4
69962,971,1214,608,4
69963,971,1214,615,4.5
69964,971,1214,624,3
69965,971,1214,627,4
69966,971,1214,654,5
69967,971,1214,656,5
69968,971,1214,664,3.5
69969,970,1213,4,5
69970,970,1213,15,3
69971,970,1213,17,5
69972,970,1213,19,5
69973,970,1213,23,5
69974,970,1213,27,4
69975,970,1213,30,5
69976,970,1213,34,5
69977,970,1213,38,4
69978,970,1213,56,4
69979,970,1213,59,3.5
69980,970,1213,72,4
69981,970,1213,73,5
69982,970,1213,78,4.5
69983,970,1213,81,3
69984,970,1213,94,4
69985,970,1213,97,3
69986,970,1213,102,5
69987,970,1213,105,4.5
69988,970,1213,109,4.5
69989,970,1213,118,5
69990,970,1213,119,4
69991,970,1213,125,4.5
69992,970,1213,130,3.5
69993,970,1213,138,4
69994,970,1213,159,4
69995,970,1213,160,3
69996,970,1213,171,5
69997,970,1213,178,3
69998,970,1213,181,5
69999,970,1213,195,3
70000,970,1213,199,3.5
70001,970,1213,204,3
70002,970,1213,208,5
70003,970,1213,214,5
70004,970,1213,218,4
70005,970,1213,220,5
70006,970,1213,231,5
70007,970,1213,232,4
70008,970,1213,242,4
70009,970,1213,243,4
70010,970,1213,267,4.5
70011,970,1213,268,3.5
70012,970,1213,285,5
70013,970,1213,299,5
70014,970,1213,303,4.5
70015,970,1213,306,5
70016,970,1213,307,5
70017,970,1213,309,5
70018,970,1213,311,3
70019,970,1213,312,5
70020,970,1213,328,3
70021,970,1213,342,5
70022,970,1213,344,4
70023,970,1213,345,5
70024,970,1213,348,1
70025,970,1213,352,2.5
70026,970,1213,358,5
70027,970,1213,362,4
70028,970,1213,387,5
70029,970,1213,388,5
70030,970,1213,394,3.5
70031,970,1213,422,4
70032,970,1213,423,3.5
70033,970,1213,426,4
70034,970,1213,428,5
70035,970,1213,432,3.5
70036,970,1213,433,5
70037,970,1213,434,4
70038,970,1213,442,5
70039,970,1213,450,4.5
70040,970,1213,452,4
70041,970,1213,454,3.5
70042,970,1213,457,5
70043,970,1213,460,4
70044,970,1213,461,4
70045,970,1213,463,3
70046,970,1213,467,4
70047,970,1213,468,4
70048,970,1213,472,5
70049,970,1213,475,5
70050,970,1213,480,5
70051,970,1213,481,4.5
70052,970,1213,483,5
70053,970,1213,494,4.5
70054,970,1213,499,5
70055,970,1213,501,4.5
70056,970,1213,502,4
70057,970,1213,509,5
70058,970,1213,510,3
70059,970,1213,514,5
70060,970,1213,519,5
70061,970,1213,520,4
70062,970,1213,521,5
70063,970,1213,522,4
70064,970,1213,528,4.5
70065,970,1213,529,1
70066,970,1213,534,4
70067,970,1213,545,3
70068,970,1213,547,5
70069,970,1213,558,5
70070,970,1213,562,4.5
70071,970,1213,563,5
70072,970,1213,564,3
70073,970,1213,565,3
70074,970,1213,567,4.5
70075,970,1213,570,2
70076,970,1213,572,3.5
70077,970,1213,574,4.5
70078,970,1213,577,4.5
70079,970,1213,580,3.5
70080,970,1213,583,4.5
70081,970,1213,584,3.5
70082,970,1213,585,4
70083,970,1213,587,4
70084,970,1213,594,5
70085,970,1213,595,5
70086,970,1213,596,5
70087,970,1213,598,4
70088,970,1213,605,3
70089,970,1213,607,3.5
70090,970,1213,608,5
70091,970,1213,615,4
70092,970,1213,624,5
70093,970,1213,630,4
70094,970,1213,647,5
70095,970,1213,648,4
70096,970,1213,654,4
70097,970,1213,664,4
70098,970,1213,665,4
70099,970,1213,668,5
70100,969,1212,15,3
70101,969,1212,17,5
70102,969,1212,19,4
70103,969,1212,23,3.5
70104,969,1212,30,3
70105,969,1212,96,5
70106,969,1212,97,4
70107,969,1212,102,5
70108,969,1212,118,4
70109,969,1212,203,4.5
70110,969,1212,232,4
70111,969,1212,236,4
70112,969,1212,257,4.5
70113,969,1212,265,5
70114,969,1212,311,2.5
70115,969,1212,322,5
70116,969,1212,335,4
70117,969,1212,358,5
70118,969,1212,376,3
70119,969,1212,391,5
70120,969,1212,406,5
70121,969,1212,434,4
70122,969,1212,468,4.5
70123,969,1212,470,3.5
70124,969,1212,472,4
70125,969,1212,505,2.5
70126,969,1212,509,4
70127,969,1212,510,3
70128,969,1212,529,4
70129,969,1212,547,5
70130,969,1212,558,5
70131,969,1212,574,4
70132,969,1212,585,5
70133,969,1212,587,5
70134,969,1212,597,5
70135,969,1212,605,5
70136,969,1212,608,5
70137,969,1212,614,5
70138,968,1211,15,1.5
70139,968,1211,19,5
70140,968,1211,23,3.5
70141,968,1211,102,5
70142,968,1211,175,5
70143,968,1211,232,5
70144,968,1211,299,5
70145,968,1211,373,4
70146,968,1211,407,4.5
70147,968,1211,468,4
70148,968,1211,472,3
70149,968,1211,492,5
70150,968,1211,497,3
70151,968,1211,509,3.5
70152,968,1211,514,5
70153,968,1211,537,5
70154,968,1211,564,3
70155,968,1211,596,5
70156,968,1211,647,5
70157,967,1210,3,3
70158,967,1210,4,5
70159,967,1210,7,5
70160,967,1210,8,4
70161,967,1210,10,4
70162,967,1210,15,5
70163,967,1210,17,3.5
70164,967,1210,19,4
70165,967,1210,20,3
70166,967,1210,21,4
70167,967,1210,22,5
70168,967,1210,23,4
70169,967,1210,26,3.5
70170,967,1210,30,4
70171,967,1210,41,4
70172,967,1210,42,4
70173,967,1210,43,3
70174,967,1210,49,3
70175,967,1210,56,2
70176,967,1210,62,4
70177,967,1210,65,2
70178,967,1210,73,5
70179,967,1210,74,5
70180,967,1210,77,4
70181,967,1210,78,4
70182,967,1210,79,3
70183,967,1210,83,5
70184,967,1210,84,4
70185,967,1210,87,3
70186,967,1210,91,5
70187,967,1210,95,5
70188,967,1210,97,4
70189,967,1210,99,4
70190,967,1210,101,4.5
70191,967,1210,102,3
70192,967,1210,105,3
70193,967,1210,111,4
70194,967,1210,118,3
70195,967,1210,119,4
70196,967,1210,125,4
70197,967,1210,128,5
70198,967,1210,130,4
70199,967,1210,134,4.5
70200,967,1210,136,3.5
70201,967,1210,137,5
70202,967,1210,139,5
70203,967,1210,141,3
70204,967,1210,146,4
70205,967,1210,150,4.5
70206,967,1210,152,4
70207,967,1210,153,4
70208,967,1210,155,5
70209,967,1210,157,3.5
70210,967,1210,159,4
70211,967,1210,163,4
70212,967,1210,164,2.5
70213,967,1210,167,3
70214,967,1210,168,4
70215,967,1210,173,4
70216,967,1210,175,5
70217,967,1210,176,5
70218,967,1210,177,5
70219,967,1210,178,5
70220,967,1210,185,3
70221,967,1210,195,5
70222,967,1210,197,5
70223,967,1210,199,5
70224,967,1210,201,5
70225,967,1210,202,4
70226,967,1210,205,3
70227,967,1210,213,5
70228,967,1210,214,4
70229,967,1210,215,3
70230,967,1210,217,5
70231,967,1210,228,5
70232,967,1210,232,4
70233,967,1210,234,4.5
70234,967,1210,236,3
70235,967,1210,237,3.5
70236,967,1210,239,5
70237,967,1210,242,5
70238,967,1210,243,5
70239,967,1210,244,5
70240,967,1210,248,4
70241,967,1210,251,4
70242,967,1210,252,4
70243,967,1210,253,4
70244,967,1210,259,2
70245,967,1210,260,5
70246,967,1210,268,4
70247,967,1210,270,4
70248,967,1210,271,4.5
70249,967,1210,273,5
70250,967,1210,277,5
70251,967,1210,282,4
70252,967,1210,285,5
70253,967,1210,287,5
70254,967,1210,291,4.5
70255,967,1210,294,4
70256,967,1210,295,5
70257,967,1210,300,4.5
70258,967,1210,304,3
70259,967,1210,306,4
70260,967,1210,311,3.5
70261,967,1210,316,4
70262,967,1210,318,1
70263,967,1210,326,4
70264,967,1210,329,4
70265,967,1210,339,4
70266,967,1210,343,5
70267,967,1210,344,5
70268,967,1210,345,4
70269,967,1210,346,5
70270,967,1210,347,4.5
70271,967,1210,349,3
70272,967,1210,350,5
70273,967,1210,353,3.5
70274,967,1210,355,4.5
70275,967,1210,358,5
70276,967,1210,361,5
70277,967,1210,363,5
70278,967,1210,364,0.5
70279,967,1210,370,4
70280,967,1210,374,4
70281,967,1210,380,4
70282,967,1210,384,4.5
70283,967,1210,386,3
70284,967,1210,388,5
70285,967,1210,390,5
70286,967,1210,394,3.5
70287,967,1210,395,5
70288,967,1210,401,5
70289,967,1210,402,4.5
70290,967,1210,405,4.5
70291,967,1210,408,5
70292,967,1210,412,3
70293,967,1210,417,4
70294,967,1210,425,3.5
70295,967,1210,428,5
70296,967,1210,430,5
70297,967,1210,431,4.5
70298,967,1210,434,2
70299,967,1210,435,5
70300,967,1210,439,4
70301,967,1210,441,4
70302,967,1210,442,4.5
70303,967,1210,443,5
70304,967,1210,448,5
70305,967,1210,456,4.5
70306,967,1210,457,0.5
70307,967,1210,461,4.5
70308,967,1210,463,5
70309,967,1210,466,4
70310,967,1210,468,3.5
70311,967,1210,471,4.5
70312,967,1210,472,3
70313,967,1210,475,4
70314,967,1210,478,4.5
70315,967,1210,481,5
70316,967,1210,482,4
70317,967,1210,483,3.5
70318,967,1210,486,5
70319,967,1210,494,4
70320,967,1210,499,4
70321,967,1210,500,1
70322,967,1210,502,4
70323,967,1210,503,4
70324,967,1210,505,3.5
70325,967,1210,507,5
70326,967,1210,509,4
70327,967,1210,514,4
70328,967,1210,518,5
70329,967,1210,520,4
70330,967,1210,523,4.5
70331,967,1210,525,5
70332,967,1210,527,3
70333,967,1210,530,5
70334,967,1210,537,5
70335,967,1210,543,5
70336,967,1210,547,2.5
70337,967,1210,550,4
70338,967,1210,553,5
70339,967,1210,555,3
70340,967,1210,559,5
70341,967,1210,561,4.5
70342,967,1210,562,5
70343,967,1210,564,3
70344,967,1210,570,1.5
70345,967,1210,574,3.5
70346,967,1210,575,4
70347,967,1210,576,4
70348,967,1210,577,4.5
70349,967,1210,580,3.5
70350,967,1210,585,4
70351,967,1210,586,4
70352,967,1210,592,5
70353,967,1210,594,4
70354,967,1210,596,3.5
70355,967,1210,597,3
70356,967,1210,598,5
70357,967,1210,603,5
70358,967,1210,607,4.5
70359,967,1210,609,1
70360,967,1210,617,1
70361,967,1210,621,4
70362,967,1210,623,3.5
70363,967,1210,624,5
70364,967,1210,626,4
70365,967,1210,640,3
70366,967,1210,646,5
70367,967,1210,654,4
70368,967,1210,658,4
70369,967,1210,659,4
70370,967,1210,660,4
70371,967,1210,664,4.5
70372,967,1210,665,4
70373,967,1210,669,3
70374,966,1209,15,4.5
70375,966,1209,56,5
70376,966,1209,60,4
70377,966,1209,102,5
70378,966,1209,232,4
70379,966,1209,236,4.5
70380,966,1209,262,3.5
70381,966,1209,297,4
70382,966,1209,299,5
70383,966,1209,423,4
70384,966,1209,468,3.5
70385,966,1209,472,4
70386,966,1209,585,4
70387,966,1209,596,5
70388,966,1209,624,5
70389,966,1209,628,2.5
70390,965,1208,4,5
70391,965,1208,15,5
70392,965,1208,19,5
70393,965,1208,21,4
70394,965,1208,22,3.5
70395,965,1208,23,5
70396,965,1208,30,5
70397,965,1208,31,4.5
70398,965,1208,34,5
70399,965,1208,49,4
70400,965,1208,56,4
70401,965,1208,57,3
70402,965,1208,60,4.5
70403,965,1208,72,4
70404,965,1208,73,5
70405,965,1208,75,0.5
70406,965,1208,77,3.5
70407,965,1208,78,5
70408,965,1208,83,5
70409,965,1208,97,3.5
70410,965,1208,102,5
70411,965,1208,105,3.5
70412,965,1208,119,5
70413,965,1208,130,4.5
70414,965,1208,134,3
70415,965,1208,148,5
70416,965,1208,157,4
70417,965,1208,159,4.5
70418,965,1208,164,4
70419,965,1208,165,3
70420,965,1208,178,4
70421,965,1208,183,4
70422,965,1208,187,3
70423,965,1208,189,5
70424,965,1208,195,4
70425,965,1208,198,5
70426,965,1208,212,3.5
70427,965,1208,220,3
70428,965,1208,232,5
70429,965,1208,236,5
70430,965,1208,242,5
70431,965,1208,245,3
70432,965,1208,248,5
70433,965,1208,255,4.5
70434,965,1208,261,2.5
70435,965,1208,262,3.5
70436,965,1208,265,4
70437,965,1208,267,4
70438,965,1208,268,4
70439,965,1208,270,4
70440,965,1208,271,4
70441,965,1208,285,5
70442,965,1208,297,4.5
70443,965,1208,299,5
70444,965,1208,309,4.5
70445,965,1208,312,4
70446,965,1208,342,4
70447,965,1208,344,4
70448,965,1208,345,5
70449,965,1208,353,2.5
70450,965,1208,355,3.5
70451,965,1208,362,3.5
70452,965,1208,370,5
70453,965,1208,373,4
70454,965,1208,380,3
70455,965,1208,387,5
70456,965,1208,388,5
70457,965,1208,391,5
70458,965,1208,393,4
70459,965,1208,408,5
70460,965,1208,425,4
70461,965,1208,428,5
70462,965,1208,430,4.5
70463,965,1208,431,2.5
70464,965,1208,434,4
70465,965,1208,436,4
70466,965,1208,441,4
70467,965,1208,442,4.5
70468,965,1208,450,5
70469,965,1208,452,4
70470,965,1208,461,3.5
70471,965,1208,463,4
70472,965,1208,466,3
70473,965,1208,468,4
70474,965,1208,472,5
70475,965,1208,481,5
70476,965,1208,502,4
70477,965,1208,509,5
70478,965,1208,514,5
70479,965,1208,520,5
70480,965,1208,522,3.5
70481,965,1208,527,3.5
70482,965,1208,529,4
70483,965,1208,544,5
70484,965,1208,547,5
70485,965,1208,553,2.5
70486,965,1208,562,4
70487,965,1208,563,4.5
70488,965,1208,564,4
70489,965,1208,567,3
70490,965,1208,571,3.5
70491,965,1208,574,4
70492,965,1208,580,4.5
70493,965,1208,585,5
70494,965,1208,587,5
70495,965,1208,596,4.5
70496,965,1208,607,0.5
70497,965,1208,615,4.5
70498,965,1208,618,5
70499,965,1208,624,4
70500,965,1208,648,2
70501,965,1208,656,5
70502,964,1207,15,3
70503,964,1207,19,5
70504,964,1207,20,4
70505,964,1207,23,3.5
70506,964,1207,30,5
70507,964,1207,34,5
70508,964,1207,56,5
70509,964,1207,61,2.5
70510,964,1207,75,3.5
70511,964,1207,88,4
70512,964,1207,97,3.5
70513,964,1207,99,4
70514,964,1207,102,5
70515,964,1207,119,4
70516,964,1207,133,5
70517,964,1207,159,4
70518,964,1207,164,4
70519,964,1207,175,4
70520,964,1207,195,4
70521,964,1207,211,5
70522,964,1207,212,4
70523,964,1207,215,4
70524,964,1207,216,4
70525,964,1207,229,4.5
70526,964,1207,232,5
70527,964,1207,234,4
70528,964,1207,235,4.5
70529,964,1207,240,4.5
70530,964,1207,242,5
70531,964,1207,245,4
70532,964,1207,253,4.5
70533,964,1207,257,4
70534,964,1207,265,4
70535,964,1207,271,4.5
70536,964,1207,281,3.5
70537,964,1207,292,5
70538,964,1207,311,3.5
70539,964,1207,328,4.5
70540,964,1207,336,5
70541,964,1207,348,1
70542,964,1207,351,5
70543,964,1207,358,5
70544,964,1207,370,5
70545,964,1207,376,5
70546,964,1207,388,3
70547,964,1207,391,5
70548,964,1207,394,2
70549,964,1207,405,5
70550,964,1207,406,4
70551,964,1207,420,3
70552,964,1207,427,5
70553,964,1207,431,4.5
70554,964,1207,434,4
70555,964,1207,439,4
70556,964,1207,452,5
70557,964,1207,461,4.5
70558,964,1207,463,5
70559,964,1207,468,3.5
70560,964,1207,480,4.5
70561,964,1207,497,3
70562,964,1207,500,4
70563,964,1207,505,3
70564,964,1207,509,4
70565,964,1207,514,5
70566,964,1207,521,4.5
70567,964,1207,529,3
70568,964,1207,537,5
70569,964,1207,547,5
70570,964,1207,553,2
70571,964,1207,561,3.5
70572,964,1207,564,4
70573,964,1207,569,5
70574,964,1207,575,5
70575,964,1207,580,3.5
70576,964,1207,585,5
70577,964,1207,587,4
70578,964,1207,603,4
70579,964,1207,606,4.5
70580,964,1207,630,4.5
70581,964,1207,647,5
70582,963,1206,4,5
70583,963,1206,15,5
70584,963,1206,17,5
70585,963,1206,19,4
70586,963,1206,21,5
70587,963,1206,23,4.5
70588,963,1206,28,4
70589,963,1206,30,2
70590,963,1206,31,4.5
70591,963,1206,34,5
70592,963,1206,41,3.5
70593,963,1206,48,3.5
70594,963,1206,56,4
70595,963,1206,72,4
70596,963,1206,73,4.5
70597,963,1206,77,4
70598,963,1206,78,2.5
70599,963,1206,81,4
70600,963,1206,105,4
70601,963,1206,118,4
70602,963,1206,119,5
70603,963,1206,130,3
70604,963,1206,134,4
70605,963,1206,138,4
70606,963,1206,139,2.5
70607,963,1206,143,5
70608,963,1206,152,3.5
70609,963,1206,153,5
70610,963,1206,155,4
70611,963,1206,157,4
70612,963,1206,164,5
70613,963,1206,185,4
70614,963,1206,189,5
70615,963,1206,212,3.5
70616,963,1206,214,5
70617,963,1206,230,3
70618,963,1206,236,4.5
70619,963,1206,242,5
70620,963,1206,243,4
70621,963,1206,248,5
70622,963,1206,255,5
70623,963,1206,257,0.5
70624,963,1206,262,4
70625,963,1206,268,3
70626,963,1206,285,4
70627,963,1206,297,4.5
70628,963,1206,298,5
70629,963,1206,299,4
70630,963,1206,303,4.5
70631,963,1206,304,5
70632,963,1206,306,4
70633,963,1206,320,4.5
70634,963,1206,337,4
70635,963,1206,345,5
70636,963,1206,355,5
70637,963,1206,362,4.5
70638,963,1206,365,3.5
70639,963,1206,370,4.5
70640,963,1206,373,4
70641,963,1206,378,4
70642,963,1206,379,4
70643,963,1206,391,3
70644,963,1206,393,3.5
70645,963,1206,395,3
70646,963,1206,406,3
70647,963,1206,407,5
70648,963,1206,408,5
70649,963,1206,423,5
70650,963,1206,428,5
70651,963,1206,431,4
70652,963,1206,432,1
70653,963,1206,433,4.5
70654,963,1206,434,4
70655,963,1206,436,4
70656,963,1206,439,2
70657,963,1206,450,5
70658,963,1206,452,3
70659,963,1206,457,5
70660,963,1206,458,4
70661,963,1206,461,4
70662,963,1206,470,3
70663,963,1206,471,2.5
70664,963,1206,472,5
70665,963,1206,479,3
70666,963,1206,480,4
70667,963,1206,481,5
70668,963,1206,488,4
70669,963,1206,492,5
70670,963,1206,501,4
70671,963,1206,502,4
70672,963,1206,509,4
70673,963,1206,510,5
70674,963,1206,514,5
70675,963,1206,519,5
70676,963,1206,522,4
70677,963,1206,523,1.5
70678,963,1206,524,4
70679,963,1206,527,2
70680,963,1206,528,4
70681,963,1206,529,3
70682,963,1206,544,5
70683,963,1206,547,3
70684,963,1206,558,5
70685,963,1206,563,4.5
70686,963,1206,564,4
70687,963,1206,567,5
70688,963,1206,576,4
70689,963,1206,580,4.5
70690,963,1206,584,1.5
70691,963,1206,585,5
70692,963,1206,587,4
70693,963,1206,592,4
70694,963,1206,596,4
70695,963,1206,615,3.5
70696,963,1206,620,3.5
70697,963,1206,624,4
70698,963,1206,635,4
70699,963,1206,648,3.5
70700,963,1206,664,3.5
70701,963,1206,665,3
70702,963,1206,671,3
70703,962,1204,6,5
70704,962,1204,15,2
70705,962,1204,19,4
70706,962,1204,20,4.5
70707,962,1204,23,5
70708,962,1204,34,5
70709,962,1204,49,5
70710,962,1204,73,5
70711,962,1204,97,3
70712,962,1204,99,5
70713,962,1204,102,5
70714,962,1204,119,5
70715,962,1204,125,5
70716,962,1204,130,4.5
70717,962,1204,159,5
70718,962,1204,198,4
70719,962,1204,212,3
70720,962,1204,220,5
70721,962,1204,232,5
70722,962,1204,242,5
70723,962,1204,248,4
70724,962,1204,263,3.5
70725,962,1204,265,4
70726,962,1204,281,5
70727,962,1204,309,4
70728,962,1204,311,3
70729,962,1204,336,1
70730,962,1204,342,5
70731,962,1204,344,4
70732,962,1204,388,5
70733,962,1204,390,3
70734,962,1204,391,3
70735,962,1204,405,4
70736,962,1204,431,4.5
70737,962,1204,441,4.5
70738,962,1204,450,2.5
70739,962,1204,452,4
70740,962,1204,463,4
70741,962,1204,468,4
70742,962,1204,472,5
70743,962,1204,505,4
70744,962,1204,514,5
70745,962,1204,532,4
70746,962,1204,547,5
70747,962,1204,559,5
70748,962,1204,577,5
70749,962,1204,580,4
70750,962,1204,582,3
70751,962,1204,585,5
70752,962,1204,587,5
70753,962,1204,605,3
70754,961,1203,15,4
70755,961,1203,19,4
70756,961,1203,21,4
70757,961,1203,23,4.5
70758,961,1203,28,5
70759,961,1203,54,4.5
70760,961,1203,58,5
70761,961,1203,66,5
70762,961,1203,73,4.5
70763,961,1203,97,4.5
70764,961,1203,102,4
70765,961,1203,119,5
70766,961,1203,138,4.5
70767,961,1203,140,4.5
70768,961,1203,164,5
70769,961,1203,187,3.5
70770,961,1203,193,3
70771,961,1203,208,4.5
70772,961,1203,212,3.5
70773,961,1203,215,4
70774,961,1203,232,5
70775,961,1203,238,3
70776,961,1203,242,5
70777,961,1203,245,3
70778,961,1203,268,5
70779,961,1203,287,4.5
70780,961,1203,309,4.5
70781,961,1203,311,3
70782,961,1203,328,4
70783,961,1203,342,5
70784,961,1203,344,4
70785,961,1203,358,5
70786,961,1203,387,5
70787,961,1203,388,5
70788,961,1203,392,3
70789,961,1203,394,3
70790,961,1203,406,5
70791,961,1203,408,3
70792,961,1203,427,5
70793,961,1203,433,5
70794,961,1203,434,4
70795,961,1203,436,5
70796,961,1203,441,3.5
70797,961,1203,452,4
70798,961,1203,457,3
70799,961,1203,461,3
70800,961,1203,466,4
70801,961,1203,468,4
70802,961,1203,472,4
70803,961,1203,475,5
70804,961,1203,494,4.5
70805,961,1203,501,5
70806,961,1203,505,3
70807,961,1203,509,4
70808,961,1203,514,5
70809,961,1203,519,5
70810,961,1203,521,5
70811,961,1203,533,4
70812,961,1203,537,5
70813,961,1203,547,4
70814,961,1203,558,5
70815,961,1203,572,4.5
70816,961,1203,575,4
70817,961,1203,577,5
70818,961,1203,581,4
70819,961,1203,584,5
70820,961,1203,585,4
70821,961,1203,587,4
70822,961,1203,605,5
70823,961,1203,606,5
70824,961,1203,613,4
70825,961,1203,614,4
70826,961,1203,637,4.5
70827,961,1203,656,5
70828,960,1202,23,4.5
70829,960,1202,105,4
70830,960,1202,373,4
70831,960,1202,391,5
70832,960,1202,472,5
70833,960,1202,492,2
70834,960,1202,609,1
70835,959,1201,11,5
70836,959,1201,15,3.5
70837,959,1201,19,4
70838,959,1201,22,2.5
70839,959,1201,23,4
70840,959,1201,34,4
70841,959,1201,54,4.5
70842,959,1201,56,4
70843,959,1201,73,5
70844,959,1201,75,3.5
70845,959,1201,81,3.5
70846,959,1201,97,4.5
70847,959,1201,102,5
70848,959,1201,119,4
70849,959,1201,125,4.5
70850,959,1201,130,4
70851,959,1201,138,4
70852,959,1201,195,3
70853,959,1201,212,3
70854,959,1201,232,4
70855,959,1201,248,4
70856,959,1201,253,4
70857,959,1201,257,4
70858,959,1201,311,1
70859,959,1201,313,2
70860,959,1201,344,5
70861,959,1201,346,3
70862,959,1201,353,3.5
70863,959,1201,358,3
70864,959,1201,370,4
70865,959,1201,390,3
70866,959,1201,405,3.5
70867,959,1201,423,5
70868,959,1201,428,4.5
70869,959,1201,433,5
70870,959,1201,450,5
70871,959,1201,452,1.5
70872,959,1201,454,5
70873,959,1201,457,2
70874,959,1201,471,4.5
70875,959,1201,472,4.5
70876,959,1201,475,5
70877,959,1201,481,5
70878,959,1201,494,4
70879,959,1201,510,4
70880,959,1201,514,5
70881,959,1201,518,5
70882,959,1201,519,4.5
70883,959,1201,522,3.5
70884,959,1201,529,3
70885,959,1201,553,4
70886,959,1201,574,4.5
70887,959,1201,575,5
70888,959,1201,615,4
70889,959,1201,624,5
70890,959,1201,635,2.5
70891,959,1201,648,4
70892,958,1200,4,5
70893,958,1200,10,4
70894,958,1200,15,4
70895,958,1200,19,4
70896,958,1200,21,4
70897,958,1200,22,5
70898,958,1200,30,3
70899,958,1200,34,4
70900,958,1200,41,4
70901,958,1200,42,5
70902,958,1200,57,3
70903,958,1200,58,4
70904,958,1200,66,3
70905,958,1200,68,3.5
70906,958,1200,72,3
70907,958,1200,73,5
70908,958,1200,77,4
70909,958,1200,78,4.5
70910,958,1200,91,4
70911,958,1200,97,2
70912,958,1200,101,4.5
70913,958,1200,102,5
70914,958,1200,103,4
70915,958,1200,105,3.5
70916,958,1200,118,5
70917,958,1200,119,4
70918,958,1200,124,5
70919,958,1200,130,4
70920,958,1200,134,5
70921,958,1200,137,3
70922,958,1200,152,4
70923,958,1200,155,5
70924,958,1200,157,4
70925,958,1200,165,3.5
70926,958,1200,177,5
70927,958,1200,195,4
70928,958,1200,199,5
70929,958,1200,206,3
70930,958,1200,212,3
70931,958,1200,213,3
70932,958,1200,214,4
70933,958,1200,218,4.5
70934,958,1200,220,4
70935,958,1200,228,5
70936,958,1200,231,3
70937,958,1200,240,4
70938,958,1200,244,4
70939,958,1200,248,5
70940,958,1200,268,4.5
70941,958,1200,271,4.5
70942,958,1200,277,4
70943,958,1200,285,2
70944,958,1200,293,4.5
70945,958,1200,303,3.5
70946,958,1200,312,4
70947,958,1200,324,3
70948,958,1200,327,5
70949,958,1200,328,3.5
70950,958,1200,337,4
70951,958,1200,344,4
70952,958,1200,345,1.5
70953,958,1200,346,4
70954,958,1200,350,4
70955,958,1200,353,3.5
70956,958,1200,355,5
70957,958,1200,360,4
70958,958,1200,363,5
70959,958,1200,367,5
70960,958,1200,368,4
70961,958,1200,380,4
70962,958,1200,381,2
70963,958,1200,388,5
70964,958,1200,390,3
70965,958,1200,395,3
70966,958,1200,406,1
70967,958,1200,408,3
70968,958,1200,420,4
70969,958,1200,425,3.5
70970,958,1200,432,4
70971,958,1200,433,4.5
70972,958,1200,439,4
70973,958,1200,442,4.5
70974,958,1200,443,5
70975,958,1200,452,3.5
70976,958,1200,458,3.5
70977,958,1200,460,3.5
70978,958,1200,461,5
70979,958,1200,463,4
70980,958,1200,466,5
70981,958,1200,468,3
70982,958,1200,471,4.5
70983,958,1200,472,4
70984,958,1200,475,4
70985,958,1200,480,4
70986,958,1200,483,5
70987,958,1200,497,4
70988,958,1200,509,4
70989,958,1200,510,2
70990,958,1200,514,4
70991,958,1200,518,4
70992,958,1200,520,4
70993,958,1200,525,4
70994,958,1200,529,2
70995,958,1200,537,2
70996,958,1200,544,5
70997,958,1200,547,3.5
70998,958,1200,550,4
70999,958,1200,553,2.5
71000,958,1200,554,4
71001,958,1200,560,4
71002,958,1200,561,4
71003,958,1200,564,4
71004,958,1200,577,5
71005,958,1200,580,3.5
71006,958,1200,592,5
71007,958,1200,594,4
71008,958,1200,597,4
71009,958,1200,603,3
71010,958,1200,607,4
71011,958,1200,608,5
71012,958,1200,615,4
71013,958,1200,624,2
71014,958,1200,654,5
71015,958,1200,656,5
71016,958,1200,664,4
71017,957,1199,15,1
71018,957,1199,17,4.5
71019,957,1199,19,4
71020,957,1199,21,4
71021,957,1199,23,3.5
71022,957,1199,45,4
71023,957,1199,73,4.5
71024,957,1199,77,4
71025,957,1199,81,4.5
71026,957,1199,103,4
71027,957,1199,105,4
71028,957,1199,118,4
71029,957,1199,119,5
71030,957,1199,130,3
71031,957,1199,134,4.5
71032,957,1199,147,3.5
71033,957,1199,155,3
71034,957,1199,167,4
71035,957,1199,177,5
71036,957,1199,183,4
71037,957,1199,185,4
71038,957,1199,198,5
71039,957,1199,200,1.5
71040,957,1199,214,5
71041,957,1199,236,5
71042,957,1199,262,2.5
71043,957,1199,270,4
71044,957,1199,274,4
71045,957,1199,285,5
71046,957,1199,297,3.5
71047,957,1199,299,3
71048,957,1199,304,3.5
71049,957,1199,312,3
71050,957,1199,337,5
71051,957,1199,346,5
71052,957,1199,363,4
71053,957,1199,378,4.5
71054,957,1199,388,4
71055,957,1199,391,2
71056,957,1199,423,4.5
71057,957,1199,430,3.5
71058,957,1199,433,3.5
71059,957,1199,450,5
71060,957,1199,468,4
71061,957,1199,472,5
71062,957,1199,502,5
71063,957,1199,509,4
71064,957,1199,514,4
71065,957,1199,519,5
71066,957,1199,528,3
71067,957,1199,537,5
71068,957,1199,544,4.5
71069,957,1199,547,4
71070,957,1199,564,4
71071,957,1199,576,3
71072,957,1199,577,5
71073,957,1199,580,4.5
71074,957,1199,596,3.5
71075,957,1199,597,5
71076,957,1199,642,5
71077,957,1199,664,3.5
71078,957,1199,667,5
71079,956,1198,4,5
71080,956,1198,7,5
71081,956,1198,8,4
71082,956,1198,10,4
71083,956,1198,15,4
71084,956,1198,19,4
71085,956,1198,20,4.5
71086,956,1198,21,5
71087,956,1198,22,5
71088,956,1198,23,4.5
71089,956,1198,26,4
71090,956,1198,30,5
71091,956,1198,33,4
71092,956,1198,34,4
71093,956,1198,40,4.5
71094,956,1198,42,5
71095,956,1198,49,5
71096,956,1198,56,4
71097,956,1198,57,5
71098,956,1198,63,5
71099,956,1198,66,5
71100,956,1198,68,4
71101,956,1198,73,5
71102,956,1198,75,4
71103,956,1198,77,4
71104,956,1198,84,3.5
71105,956,1198,91,5
71106,956,1198,93,4
71107,956,1198,94,2.5
71108,956,1198,95,5
71109,956,1198,97,3.5
71110,956,1198,98,5
71111,956,1198,101,5
71112,956,1198,102,4
71113,956,1198,105,4
71114,956,1198,111,4.5
71115,956,1198,119,4
71116,956,1198,120,3.5
71117,956,1198,124,4
71118,956,1198,125,4.5
71119,956,1198,130,4
71120,956,1198,133,0.5
71121,956,1198,134,5
71122,956,1198,146,4
71123,956,1198,150,4
71124,956,1198,152,3.5
71125,956,1198,155,4
71126,956,1198,157,3.5
71127,956,1198,159,5
71128,956,1198,165,4
71129,956,1198,168,5
71130,956,1198,171,5
71131,956,1198,175,4
71132,956,1198,176,3
71133,956,1198,178,5
71134,956,1198,195,3
71135,956,1198,198,2
71136,956,1198,199,3.5
71137,956,1198,201,5
71138,956,1198,205,3.5
71139,956,1198,206,4
71140,956,1198,210,3
71141,956,1198,212,3
71142,956,1198,213,3
71143,956,1198,214,5
71144,956,1198,215,3
71145,956,1198,216,5
71146,956,1198,218,4
71147,956,1198,219,4
71148,956,1198,228,5
71149,956,1198,232,4
71150,956,1198,236,4
71151,956,1198,237,3.5
71152,956,1198,242,5
71153,956,1198,243,4.5
71154,956,1198,244,5
71155,956,1198,248,5
71156,956,1198,253,4
71157,956,1198,265,4
71158,956,1198,268,5
71159,956,1198,271,4.5
71160,956,1198,272,4
71161,956,1198,275,5
71162,956,1198,281,4
71163,956,1198,282,5
71164,956,1198,285,4
71165,956,1198,287,5
71166,956,1198,291,5
71167,956,1198,294,4.5
71168,956,1198,295,4
71169,956,1198,297,4
71170,956,1198,298,4
71171,956,1198,300,4.5
71172,956,1198,303,4
71173,956,1198,306,5
71174,956,1198,309,4.5
71175,956,1198,311,4.5
71176,956,1198,312,2
71177,956,1198,313,4
71178,956,1198,314,5
71179,956,1198,316,4
71180,956,1198,328,3.5
71181,956,1198,330,2
71182,956,1198,339,2.5
71183,956,1198,342,4
71184,956,1198,344,5
71185,956,1198,345,4.5
71186,956,1198,346,5
71187,956,1198,347,4
71188,956,1198,350,5
71189,956,1198,352,4.5
71190,956,1198,353,3.5
71191,956,1198,355,5
71192,956,1198,358,5
71193,956,1198,359,3.5
71194,956,1198,362,4
71195,956,1198,367,5
71196,956,1198,383,4
71197,956,1198,384,4
71198,956,1198,388,5
71199,956,1198,390,5
71200,956,1198,394,4
71201,956,1198,398,4
71202,956,1198,401,5
71203,956,1198,402,4
71204,956,1198,405,4.5
71205,956,1198,408,2
71206,956,1198,410,5
71207,956,1198,417,3.5
71208,956,1198,420,4
71209,956,1198,423,4
71210,956,1198,425,2
71211,956,1198,428,4
71212,956,1198,430,4
71213,956,1198,431,4.5
71214,956,1198,433,4.5
71215,956,1198,434,3
71216,956,1198,441,5
71217,956,1198,442,4.5
71218,956,1198,443,5
71219,956,1198,448,5
71220,956,1198,450,4
71221,956,1198,452,4
71222,956,1198,456,4.5
71223,956,1198,457,2
71224,956,1198,458,3.5
71225,956,1198,460,5
71226,956,1198,461,5
71227,956,1198,463,4
71228,956,1198,466,5
71229,956,1198,468,3.5
71230,956,1198,471,4
71231,956,1198,472,5
71232,956,1198,474,4
71233,956,1198,475,5
71234,956,1198,476,3
71235,956,1198,481,4
71236,956,1198,483,4
71237,956,1198,494,4
71238,956,1198,497,5
71239,956,1198,502,4
71240,956,1198,503,4
71241,956,1198,505,4
71242,956,1198,509,5
71243,956,1198,510,3
71244,956,1198,512,3.5
71245,956,1198,514,5
71246,956,1198,518,5
71247,956,1198,520,4
71248,956,1198,521,4
71249,956,1198,522,4
71250,956,1198,523,5
71251,956,1198,527,4
71252,956,1198,528,3.5
71253,956,1198,529,3
71254,956,1198,531,1
71255,956,1198,532,4.5
71256,956,1198,533,5
71257,956,1198,537,5
71258,956,1198,547,2
71259,956,1198,550,5
71260,956,1198,553,5
71261,956,1198,559,5
71262,956,1198,561,4
71263,956,1198,562,5
71264,956,1198,564,5
71265,956,1198,567,4
71266,956,1198,569,5
71267,956,1198,570,4
71268,956,1198,574,3.5
71269,956,1198,575,5
71270,956,1198,577,5
71271,956,1198,578,1
71272,956,1198,580,3.5
71273,956,1198,583,3.5
71274,956,1198,585,5
71275,956,1198,587,4.5
71276,956,1198,592,5
71277,956,1198,594,5
71278,956,1198,595,4
71279,956,1198,598,4
71280,956,1198,599,4.5
71281,956,1198,603,4
71282,956,1198,607,4
71283,956,1198,608,4
71284,956,1198,612,3.5
71285,956,1198,613,5
71286,956,1198,614,5
71287,956,1198,615,4
71288,956,1198,622,5
71289,956,1198,624,5
71290,956,1198,626,4
71291,956,1198,631,4
71292,956,1198,632,4
71293,956,1198,651,5
71294,956,1198,654,5
71295,956,1198,655,5
71296,956,1198,660,4
71297,956,1198,664,4.5
71298,956,1198,671,5
71299,955,1197,3,5
71300,955,1197,4,5
71301,955,1197,7,3
71302,955,1197,8,4
71303,955,1197,10,4
71304,955,1197,12,1
71305,955,1197,15,1
71306,955,1197,19,3
71307,955,1197,23,5
71308,955,1197,30,3
71309,955,1197,31,4.5
71310,955,1197,33,4
71311,955,1197,40,5
71312,955,1197,49,4
71313,955,1197,56,4
71314,955,1197,57,5
71315,955,1197,61,5
71316,955,1197,68,3.5
71317,955,1197,73,5
71318,955,1197,75,3.5
71319,955,1197,77,4.5
71320,955,1197,83,5
71321,955,1197,88,4
71322,955,1197,93,4
71323,955,1197,97,4.5
71324,955,1197,98,4.5
71325,955,1197,102,5
71326,955,1197,111,4.5
71327,955,1197,115,4.5
71328,955,1197,119,4
71329,955,1197,125,5
71330,955,1197,128,3
71331,955,1197,130,4.5
71332,955,1197,134,4
71333,955,1197,140,3.5
71334,955,1197,149,3.5
71335,955,1197,155,4
71336,955,1197,159,4.5
71337,955,1197,169,4
71338,955,1197,175,4
71339,955,1197,177,5
71340,955,1197,178,3.5
71341,955,1197,179,5
71342,955,1197,180,4
71343,955,1197,185,5
71344,955,1197,187,3.5
71345,955,1197,193,3
71346,955,1197,195,3
71347,955,1197,205,4
71348,955,1197,206,4
71349,955,1197,212,4
71350,955,1197,213,3.5
71351,955,1197,216,5
71352,955,1197,218,4
71353,955,1197,219,5
71354,955,1197,228,5
71355,955,1197,230,4
71356,955,1197,232,4
71357,955,1197,234,4
71358,955,1197,239,5
71359,955,1197,240,4
71360,955,1197,242,5
71361,955,1197,247,4
71362,955,1197,253,4
71363,955,1197,264,4
71364,955,1197,268,5
71365,955,1197,271,5
71366,955,1197,273,4.5
71367,955,1197,282,4
71368,955,1197,285,4
71369,955,1197,287,5
71370,955,1197,292,5
71371,955,1197,293,5
71372,955,1197,294,5
71373,955,1197,303,5
71374,955,1197,306,4
71375,955,1197,311,3
71376,955,1197,324,4.5
71377,955,1197,326,5
71378,955,1197,328,3.5
71379,955,1197,345,2.5
71380,955,1197,346,5
71381,955,1197,350,5
71382,955,1197,352,4.5
71383,955,1197,353,3.5
71384,955,1197,358,5
71385,955,1197,362,4.5
71386,955,1197,367,2
71387,955,1197,370,4.5
71388,955,1197,373,5
71389,955,1197,374,1
71390,955,1197,380,5
71391,955,1197,382,4
71392,955,1197,388,5
71393,955,1197,390,4
71394,955,1197,394,5
71395,955,1197,398,5
71396,955,1197,405,4
71397,955,1197,408,5
71398,955,1197,417,4.5
71399,955,1197,420,5
71400,955,1197,423,4
71401,955,1197,428,3
71402,955,1197,430,4.5
71403,955,1197,431,5
71404,955,1197,441,3.5
71405,955,1197,442,4.5
71406,955,1197,451,4
71407,955,1197,452,3
71408,955,1197,458,4
71409,955,1197,460,5
71410,955,1197,461,5
71411,955,1197,463,4
71412,955,1197,466,5
71413,955,1197,468,3.5
71414,955,1197,472,5
71415,955,1197,474,5
71416,955,1197,486,4.5
71417,955,1197,493,3
71418,955,1197,494,4
71419,955,1197,497,3
71420,955,1197,498,3.5
71421,955,1197,499,4
71422,955,1197,500,4
71423,955,1197,502,4
71424,955,1197,509,4
71425,955,1197,514,4
71426,955,1197,518,5
71427,955,1197,521,4
71428,955,1197,523,5
71429,955,1197,527,5
71430,955,1197,528,3.5
71431,955,1197,537,5
71432,955,1197,553,3
71433,955,1197,559,5
71434,955,1197,561,4.5
71435,955,1197,562,5
71436,955,1197,564,4
71437,955,1197,573,3
71438,955,1197,575,5
71439,955,1197,577,5
71440,955,1197,580,4
71441,955,1197,582,5
71442,955,1197,584,5
71443,955,1197,585,4
71444,955,1197,587,4.5
71445,955,1197,592,4
71446,955,1197,594,3
71447,955,1197,597,5
71448,955,1197,598,5
71449,955,1197,603,5
71450,955,1197,607,4.5
71451,955,1197,621,5
71452,955,1197,625,4
71453,955,1197,626,4
71454,955,1197,628,1.5
71455,955,1197,651,5
71456,955,1197,652,4
71457,955,1197,653,5
71458,955,1197,654,4.5
71459,955,1197,655,5
71460,955,1197,664,4.5
71461,955,1197,671,3.5
71462,954,1196,4,5
71463,954,1196,7,5
71464,954,1196,8,3.5
71465,954,1196,10,4
71466,954,1196,14,4
71467,954,1196,15,5
71468,954,1196,19,5
71469,954,1196,20,2
71470,954,1196,21,4
71471,954,1196,22,4.5
71472,954,1196,23,4.5
71473,954,1196,26,3.5
71474,954,1196,30,4
71475,954,1196,33,2
71476,954,1196,34,3
71477,954,1196,37,3
71478,954,1196,40,4.5
71479,954,1196,41,4
71480,954,1196,42,5
71481,954,1196,49,4
71482,954,1196,56,2
71483,954,1196,57,4
71484,954,1196,62,5
71485,954,1196,66,4
71486,954,1196,68,4.5
71487,954,1196,72,3
71488,954,1196,73,5
71489,954,1196,74,5
71490,954,1196,75,4
71491,954,1196,77,4.5
71492,954,1196,78,4
71493,954,1196,79,3
71494,954,1196,84,4
71495,954,1196,88,3.5
71496,954,1196,91,5
71497,954,1196,97,4.5
71498,954,1196,101,4.5
71499,954,1196,102,5
71500,954,1196,104,3.5
71501,954,1196,105,3
71502,954,1196,111,4.5
71503,954,1196,118,5
71504,954,1196,119,4
71505,954,1196,125,4
71506,954,1196,130,5
71507,954,1196,134,4.5
71508,954,1196,136,4
71509,954,1196,137,5
71510,954,1196,139,5
71511,954,1196,142,1
71512,954,1196,146,4
71513,954,1196,150,4
71514,954,1196,152,4
71515,954,1196,155,5
71516,954,1196,157,3.5
71517,954,1196,159,4
71518,954,1196,163,4
71519,954,1196,168,4
71520,954,1196,175,5
71521,954,1196,176,4.5
71522,954,1196,177,5
71523,954,1196,178,5
71524,954,1196,183,2
71525,954,1196,185,3
71526,954,1196,193,3
71527,954,1196,195,4
71528,954,1196,197,5
71529,954,1196,199,5
71530,954,1196,201,5
71531,954,1196,202,4
71532,954,1196,205,3
71533,954,1196,206,5
71534,954,1196,213,5
71535,954,1196,214,4
71536,954,1196,216,4.5
71537,954,1196,217,5
71538,954,1196,218,4.5
71539,954,1196,228,5
71540,954,1196,232,4
71541,954,1196,234,4
71542,954,1196,236,3.5
71543,954,1196,237,4.5
71544,954,1196,242,5
71545,954,1196,243,5
71546,954,1196,244,5
71547,954,1196,251,4.5
71548,954,1196,253,4
71549,954,1196,257,5
71550,954,1196,260,5
71551,954,1196,268,5
71552,954,1196,270,4.5
71553,954,1196,271,4.5
71554,954,1196,273,5
71555,954,1196,280,5
71556,954,1196,282,3
71557,954,1196,285,5
71558,954,1196,287,4
71559,954,1196,292,4.5
71560,954,1196,294,4
71561,954,1196,295,5
71562,954,1196,303,4
71563,954,1196,304,3.5
71564,954,1196,306,4
71565,954,1196,309,5
71566,954,1196,311,3
71567,954,1196,312,4
71568,954,1196,314,5
71569,954,1196,316,4
71570,954,1196,321,1
71571,954,1196,326,4
71572,954,1196,327,4
71573,954,1196,328,4.5
71574,954,1196,337,5
71575,954,1196,339,3
71576,954,1196,342,3
71577,954,1196,344,5
71578,954,1196,345,4.5
71579,954,1196,346,5
71580,954,1196,347,4.5
71581,954,1196,350,5
71582,954,1196,352,5
71583,954,1196,353,3
71584,954,1196,355,5
71585,954,1196,358,5
71586,954,1196,363,5
71587,954,1196,367,5
71588,954,1196,370,4
71589,954,1196,373,4
71590,954,1196,380,4
71591,954,1196,384,5
71592,954,1196,387,4
71593,954,1196,388,4
71594,954,1196,390,5
71595,954,1196,394,4
71596,954,1196,398,4
71597,954,1196,401,5
71598,954,1196,402,4.5
71599,954,1196,405,4
71600,954,1196,406,3.5
71601,954,1196,408,5
71602,954,1196,411,3
71603,954,1196,417,4
71604,954,1196,420,4
71605,954,1196,422,3
71606,954,1196,423,4
71607,954,1196,425,4
71608,954,1196,428,5
71609,954,1196,430,4.5
71610,954,1196,431,5
71611,954,1196,433,5
71612,954,1196,435,5
71613,954,1196,439,5
71614,954,1196,441,4.5
71615,954,1196,442,4.5
71616,954,1196,443,5
71617,954,1196,448,5
71618,954,1196,452,4
71619,954,1196,454,5
71620,954,1196,456,4
71621,954,1196,457,0.5
71622,954,1196,460,5
71623,954,1196,461,5
71624,954,1196,463,5
71625,954,1196,466,4
71626,954,1196,468,3
71627,954,1196,471,4
71628,954,1196,472,4.5
71629,954,1196,475,5
71630,954,1196,481,5
71631,954,1196,483,5
71632,954,1196,486,5
71633,954,1196,494,4.5
71634,954,1196,497,4
71635,954,1196,502,4
71636,954,1196,503,4
71637,954,1196,505,4
71638,954,1196,509,5
71639,954,1196,514,5
71640,954,1196,518,5
71641,954,1196,520,5
71642,954,1196,521,5
71643,954,1196,523,5
71644,954,1196,525,5
71645,954,1196,527,3
71646,954,1196,528,4
71647,954,1196,529,3
71648,954,1196,530,5
71649,954,1196,533,5
71650,954,1196,537,5
71651,954,1196,544,4
71652,954,1196,547,2.5
71653,954,1196,550,5
71654,954,1196,553,5
71655,954,1196,554,4
71656,954,1196,559,5
71657,954,1196,561,5
71658,954,1196,562,5
71659,954,1196,563,3.5
71660,954,1196,564,5
71661,954,1196,565,3
71662,954,1196,570,2
71663,954,1196,574,4
71664,954,1196,575,4
71665,954,1196,576,4
71666,954,1196,577,5
71667,954,1196,578,0.5
71668,954,1196,580,4
71669,954,1196,582,4
71670,954,1196,584,3.5
71671,954,1196,585,3
71672,954,1196,586,4
71673,954,1196,592,5
71674,954,1196,594,5
71675,954,1196,596,3.5
71676,954,1196,597,3
71677,954,1196,598,4
71678,954,1196,599,4.5
71679,954,1196,603,5
71680,954,1196,605,3
71681,954,1196,607,4.5
71682,954,1196,620,3.5
71683,954,1196,622,5
71684,954,1196,624,5
71685,954,1196,631,5
71686,954,1196,643,5
71687,954,1196,646,5
71688,954,1196,651,5
71689,954,1196,654,5
71690,954,1196,655,2.5
71691,954,1196,659,5
71692,954,1196,660,4
71693,954,1196,664,4.5
71694,954,1196,665,4
71695,954,1196,671,5
71696,953,1194,4,5
71697,953,1194,57,4
71698,953,1194,73,4
71699,953,1194,232,5
71700,953,1194,260,3.5
71701,953,1194,285,3
71702,953,1194,342,4
71703,953,1194,423,3.5
71704,953,1194,518,3
71705,953,1194,519,5
71706,953,1194,547,2
71707,953,1194,564,4
71708,953,1194,580,3
71709,953,1194,581,5
71710,953,1194,592,2
71711,952,1193,5,3
71712,952,1193,15,5
71713,952,1193,17,4.5
71714,952,1193,19,4
71715,952,1193,21,3
71716,952,1193,23,4.5
71717,952,1193,30,4
71718,952,1193,34,4
71719,952,1193,37,5
71720,952,1193,53,5
71721,952,1193,56,4
71722,952,1193,57,5
71723,952,1193,59,3.5
71724,952,1193,63,5
71725,952,1193,69,5
71726,952,1193,73,4.5
71727,952,1193,88,4
71728,952,1193,93,4
71729,952,1193,94,3.5
71730,952,1193,97,2.5
71731,952,1193,102,4
71732,952,1193,105,4
71733,952,1193,119,5
71734,952,1193,125,4.5
71735,952,1193,130,3
71736,952,1193,133,3.5
71737,952,1193,134,4.5
71738,952,1193,138,4
71739,952,1193,149,3
71740,952,1193,152,3
71741,952,1193,155,5
71742,952,1193,160,5
71743,952,1193,178,3
71744,952,1193,180,4
71745,952,1193,183,4
71746,952,1193,185,5
71747,952,1193,187,5
71748,952,1193,195,4
71749,952,1193,212,2.5
71750,952,1193,214,4
71751,952,1193,215,5
71752,952,1193,229,4.5
71753,952,1193,231,4
71754,952,1193,232,5
71755,952,1193,240,4.5
71756,952,1193,242,5
71757,952,1193,243,4
71758,952,1193,245,5
71759,952,1193,248,5
71760,952,1193,250,5
71761,952,1193,253,4.5
71762,952,1193,255,5
71763,952,1193,262,3.5
71764,952,1193,265,4
71765,952,1193,267,4.5
71766,952,1193,268,3.5
71767,952,1193,281,4.5
71768,952,1193,297,5
71769,952,1193,303,4.5
71770,952,1193,304,4.5
71771,952,1193,307,4
71772,952,1193,309,4.5
71773,952,1193,311,4
71774,952,1193,312,4
71775,952,1193,326,2
71776,952,1193,342,5
71777,952,1193,344,5
71778,952,1193,345,5
71779,952,1193,348,4
71780,952,1193,351,4
71781,952,1193,352,3.5
71782,952,1193,355,4.5
71783,952,1193,358,5
71784,952,1193,359,4
71785,952,1193,362,4
71786,952,1193,371,4.5
71787,952,1193,373,5
71788,952,1193,376,5
71789,952,1193,378,4.5
71790,952,1193,380,3
71791,952,1193,387,5
71792,952,1193,388,5
71793,952,1193,391,5
71794,952,1193,411,5
71795,952,1193,420,4
71796,952,1193,423,5
71797,952,1193,425,5
71798,952,1193,428,5
71799,952,1193,430,4.5
71800,952,1193,431,5
71801,952,1193,433,5
71802,952,1193,434,3
71803,952,1193,438,4
71804,952,1193,441,4.5
71805,952,1193,444,5
71806,952,1193,450,5
71807,952,1193,452,5
71808,952,1193,454,5
71809,952,1193,457,3.5
71810,952,1193,461,3.5
71811,952,1193,463,5
71812,952,1193,468,4
71813,952,1193,472,5
71814,952,1193,478,4.5
71815,952,1193,479,4
71816,952,1193,481,5
71817,952,1193,489,4
71818,952,1193,494,5
71819,952,1193,499,5
71820,952,1193,500,3
71821,952,1193,502,4
71822,952,1193,505,3.5
71823,952,1193,509,4
71824,952,1193,510,2
71825,952,1193,514,5
71826,952,1193,518,3
71827,952,1193,519,4.5
71828,952,1193,520,4.5
71829,952,1193,529,2
71830,952,1193,533,3
71831,952,1193,537,5
71832,952,1193,541,4
71833,952,1193,545,5
71834,952,1193,547,4
71835,952,1193,554,5
71836,952,1193,558,5
71837,952,1193,559,5
71838,952,1193,564,5
71839,952,1193,567,3
71840,952,1193,569,3
71841,952,1193,575,3
71842,952,1193,580,4
71843,952,1193,584,4
71844,952,1193,585,5
71845,952,1193,587,4.5
71846,952,1193,596,5
71847,952,1193,597,4
71848,952,1193,608,5
71849,952,1193,613,4
71850,952,1193,615,3
71851,952,1193,624,5
71852,952,1193,635,4
71853,952,1193,647,5
71854,952,1193,654,3.5
71855,951,1192,102,5
71856,951,1192,119,2
71857,951,1192,312,5
71858,951,1192,427,5
71859,951,1192,451,5
71860,951,1192,529,5
71861,951,1192,547,2.5
71862,951,1192,564,5
71863,951,1192,595,5
71864,950,1191,264,3
71865,950,1191,306,3
71866,950,1191,312,5
71867,950,1191,472,4
71868,950,1191,509,3
71869,950,1191,514,3
71870,950,1191,518,2
71871,950,1191,547,3.5
71872,950,1191,564,5
71873,950,1191,595,4
71874,949,1190,391,1
71875,949,1190,470,2
71876,949,1190,547,0.5
71877,949,1190,564,4
71878,949,1190,580,3
71879,948,1189,15,3.5
71880,948,1189,30,3
71881,948,1189,102,4
71882,948,1189,195,3
71883,948,1189,257,4.5
71884,948,1189,259,4
71885,948,1189,265,3
71886,948,1189,358,4
71887,948,1189,427,4.5
71888,948,1189,434,4
71889,948,1189,451,4
71890,948,1189,452,4
71891,948,1189,468,4
71892,948,1189,472,5
71893,948,1189,514,4
71894,948,1189,529,4
71895,948,1189,547,5
71896,948,1189,564,4
71897,948,1189,587,3.5
71898,948,1189,595,5
71899,947,1188,23,4
71900,947,1188,35,0.5
71901,947,1188,102,3
71902,947,1188,117,2.5
71903,947,1188,143,4
71904,947,1188,193,4
71905,947,1188,294,4.5
71906,947,1188,306,4
71907,947,1188,311,2
71908,947,1188,312,3
71909,947,1188,321,4
71910,947,1188,330,3
71911,947,1188,372,3
71912,947,1188,420,5
71913,947,1188,431,4.5
71914,947,1188,434,4
71915,947,1188,461,4
71916,947,1188,472,4
71917,947,1188,493,5
71918,947,1188,497,3
71919,947,1188,509,1
71920,947,1188,510,2
71921,947,1188,537,5
71922,947,1188,547,1.5
71923,947,1188,564,3
71924,947,1188,577,5
71925,947,1188,585,3
71926,947,1188,595,5
71927,947,1188,608,4
71928,947,1188,617,2
71929,947,1188,624,3
71930,947,1188,628,4
71931,947,1188,638,3
71932,947,1188,665,3
71933,946,1187,105,3
71934,946,1187,242,4
71935,946,1187,306,3
71936,946,1187,311,1.5
71937,946,1187,358,3
71938,946,1187,422,4
71939,946,1187,452,4
71940,946,1187,514,4
71941,946,1187,537,4
71942,946,1187,547,3
71943,946,1187,564,5
71944,945,1186,15,4.5
71945,945,1186,30,4
71946,945,1186,31,2
71947,945,1186,33,5
71948,945,1186,57,4
71949,945,1186,73,3.5
71950,945,1186,102,4
71951,945,1186,105,4
71952,945,1186,214,4
71953,945,1186,232,4
71954,945,1186,242,4
71955,945,1186,265,4
71956,945,1186,306,4
71957,945,1186,307,2
71958,945,1186,311,0.5
71959,945,1186,344,4
71960,945,1186,381,4
71961,945,1186,452,4
71962,945,1186,461,2.5
71963,945,1186,497,5
71964,945,1186,509,3
71965,945,1186,510,4
71966,945,1186,514,4
71967,945,1186,518,4
71968,945,1186,524,0.5
71969,945,1186,545,5
71970,945,1186,547,4.5
71971,945,1186,564,5
71972,945,1186,580,2.5
71973,944,1185,19,4
71974,944,1185,23,3
71975,944,1185,48,4
71976,944,1185,57,5
71977,944,1185,68,3.5
71978,944,1185,73,4
71979,944,1185,76,3.5
71980,944,1185,102,4
71981,944,1185,105,3
71982,944,1185,117,3
71983,944,1185,214,5
71984,944,1185,262,2.5
71985,944,1185,306,4
71986,944,1185,311,2
71987,944,1185,342,4
71988,944,1185,388,5
71989,944,1185,391,5
71990,944,1185,434,4
71991,944,1185,468,3
71992,944,1185,472,3
71993,944,1185,497,5
71994,944,1185,509,4
71995,944,1185,510,2
71996,944,1185,537,4
71997,944,1185,547,3
71998,944,1185,564,3
71999,944,1185,587,4.5
72000,944,1185,661,5
72001,943,1184,306,4
72002,943,1184,407,4
72003,943,1184,472,3
72004,943,1184,537,5
72005,942,1183,15,2
72006,942,1183,19,3
72007,942,1183,23,4
72008,942,1183,88,3
72009,942,1183,90,4
72010,942,1183,99,3
72011,942,1183,105,4
72012,942,1183,111,2.5
72013,942,1183,112,4
72014,942,1183,119,2
72015,942,1183,128,1
72016,942,1183,212,4
72017,942,1183,223,5
72018,942,1183,232,5
72019,942,1183,233,4
72020,942,1183,235,2.5
72021,942,1183,240,3.5
72022,942,1183,242,5
72023,942,1183,248,4
72024,942,1183,269,4
72025,942,1183,280,5
72026,942,1183,283,4.5
72027,942,1183,293,3
72028,942,1183,295,4.5
72029,942,1183,306,1
72030,942,1183,311,2
72031,942,1183,312,2
72032,942,1183,313,2
72033,942,1183,361,5
72034,942,1183,373,5
72035,942,1183,376,5
72036,942,1183,383,3
72037,942,1183,388,4
72038,942,1183,390,3
72039,942,1183,391,5
72040,942,1183,407,4
72041,942,1183,422,5
72042,942,1183,434,4
72043,942,1183,436,4
72044,942,1183,441,3.5
72045,942,1183,452,3
72046,942,1183,461,2.5
72047,942,1183,463,2
72048,942,1183,468,3
72049,942,1183,472,3
72050,942,1183,492,2
72051,942,1183,493,5
72052,942,1183,498,4
72053,942,1183,505,4
72054,942,1183,509,4
72055,942,1183,510,4
72056,942,1183,523,4.5
72057,942,1183,529,4
72058,942,1183,530,5
72059,942,1183,531,0.5
72060,942,1183,533,3
72061,942,1183,537,5
72062,942,1183,545,3
72063,942,1183,547,4.5
72064,942,1183,550,4
72065,942,1183,555,4
72066,942,1183,564,3
72067,942,1183,580,4
72068,942,1183,587,4.5
72069,942,1183,595,3
72070,942,1183,596,0.5
72071,942,1183,605,2
72072,942,1183,608,3
72073,942,1183,616,5
72074,942,1183,631,4
72075,942,1183,640,5
72076,942,1183,641,5
72077,942,1183,654,4.5
72078,942,1183,670,5
72079,941,1181,30,4
72080,940,1180,391,5
72081,940,1180,472,1
72082,940,1180,585,5
72083,939,1179,15,4
72084,939,1179,19,5
72085,939,1179,30,5
72086,939,1179,34,1
72087,939,1179,66,4
72088,939,1179,102,5
72089,939,1179,105,3.5
72090,939,1179,119,3
72091,939,1179,171,3
72092,939,1179,193,4
72093,939,1179,195,4
72094,939,1179,214,3
72095,939,1179,232,4
72096,939,1179,242,5
72097,939,1179,265,4
72098,939,1179,306,4
72099,939,1179,311,2
72100,939,1179,312,4
72101,939,1179,321,3
72102,939,1179,330,3
72103,939,1179,342,4
72104,939,1179,348,5
72105,939,1179,358,4
72106,939,1179,388,5
72107,939,1179,408,3
72108,939,1179,424,3.5
72109,939,1179,452,4
72110,939,1179,461,3.5
72111,939,1179,472,4
72112,939,1179,497,4
72113,939,1179,509,3
72114,939,1179,514,4
72115,939,1179,529,5
72116,939,1179,537,3
72117,939,1179,547,4.5
72118,939,1179,564,5
72119,939,1179,577,4
72120,939,1179,585,4
72121,939,1179,587,4
72122,939,1179,595,4
72123,938,1178,15,3
72124,938,1178,19,5
72125,938,1178,23,4
72126,938,1178,34,5
72127,938,1178,102,5
72128,938,1178,212,2.5
72129,938,1178,232,4
72130,938,1178,236,5
72131,938,1178,388,5
72132,938,1178,468,4
72133,938,1178,472,5
72134,938,1178,585,5
72135,938,1178,587,4
72136,938,1178,597,5
72137,938,1178,608,4
72138,937,1177,9,3
72139,937,1177,306,4
72140,937,1177,311,2
72141,937,1177,407,4
72142,937,1177,460,4
72143,937,1177,505,5
72144,937,1177,514,3
72145,937,1177,529,5
72146,937,1177,533,4
72147,937,1177,537,4
72148,937,1177,547,3
72149,937,1177,564,5
72150,937,1177,605,3
72151,936,1176,15,4
72152,936,1176,19,4
72153,936,1176,23,3
72154,936,1176,81,4
72155,936,1176,131,4
72156,936,1176,312,4
72157,936,1176,330,2
72158,936,1176,492,5
72159,936,1176,608,4
72160,935,1175,17,4.5
72161,935,1175,19,3
72162,935,1175,21,4
72163,935,1175,23,3.5
72164,935,1175,48,4
72165,935,1175,102,5
72166,935,1175,105,4
72167,935,1175,134,4.5
72168,935,1175,148,4
72169,935,1175,152,5
72170,935,1175,155,3
72171,935,1175,185,4
72172,935,1175,299,4.5
72173,935,1175,363,5
72174,935,1175,391,5
72175,935,1175,430,4
72176,935,1175,435,4
72177,935,1175,461,4
72178,935,1175,470,3.5
72179,935,1175,472,5
72180,935,1175,509,3
72181,935,1175,514,4
72182,935,1175,537,5
72183,935,1175,544,4.5
72184,935,1175,564,5
72185,935,1175,567,4
72186,935,1175,576,4
72187,935,1175,580,4
72188,935,1175,608,4
72189,935,1175,628,4
72190,934,1174,492,3
72191,933,1173,15,3
72192,933,1173,17,1
72193,933,1173,21,5
72194,933,1173,81,4.5
72195,933,1173,102,5
72196,933,1173,105,3.5
72197,933,1173,189,5
72198,933,1173,206,2
72199,933,1173,232,1
72200,933,1173,262,4
72201,933,1173,299,4.5
72202,933,1173,492,5
72203,933,1173,497,1
72204,933,1173,502,5
72205,933,1173,509,3
72206,933,1173,514,4
72207,933,1173,545,2
72208,933,1173,547,0.5
72209,933,1173,564,2
72210,932,1172,1,4
72211,932,1172,23,5
72212,932,1172,38,4.5
72213,932,1172,56,2
72214,932,1172,94,3.5
72215,932,1172,102,4
72216,932,1172,119,4
72217,932,1172,130,4
72218,932,1172,133,5
72219,932,1172,148,5
72220,932,1172,198,3.5
72221,932,1172,229,4.5
72222,932,1172,232,2
72223,932,1172,262,3
72224,932,1172,280,5
72225,932,1172,283,3.5
72226,932,1172,306,4
72227,932,1172,320,5
72228,932,1172,321,5
72229,932,1172,325,2
72230,932,1172,330,5
72231,932,1172,341,4
72232,932,1172,358,5
72233,932,1172,372,3
72234,932,1172,373,5
72235,932,1172,387,5
72236,932,1172,391,5
72237,932,1172,430,4.5
72238,932,1172,441,5
72239,932,1172,452,4
72240,932,1172,460,3.5
72241,932,1172,468,3
72242,932,1172,472,4
72243,932,1172,481,5
72244,932,1172,497,5
72245,932,1172,505,4
72246,932,1172,509,4
72247,932,1172,510,5
72248,932,1172,521,5
72249,932,1172,537,5
72250,932,1172,539,5
72251,932,1172,545,5
72252,932,1172,547,5
72253,932,1172,580,4
72254,932,1172,585,5
72255,932,1172,587,4.5
72256,931,1171,15,4
72257,931,1171,19,3
72258,931,1171,30,3
72259,931,1171,71,5
72260,931,1171,102,4
72261,931,1171,185,4
72262,931,1171,232,1
72263,931,1171,265,2
72264,931,1171,306,3
72265,931,1171,321,4
72266,931,1171,351,4
72267,931,1171,358,3
72268,931,1171,388,4
72269,931,1171,391,3
72270,931,1171,434,3
72271,931,1171,451,4
72272,931,1171,452,5
72273,931,1171,460,4
72274,931,1171,472,3
72275,931,1171,491,4
72276,931,1171,509,3
72277,931,1171,514,4
72278,931,1171,537,4
72279,931,1171,547,3
72280,931,1171,564,4
72281,931,1171,575,4
72282,931,1171,585,4
72283,931,1171,595,4
72284,931,1171,596,3
72285,931,1171,608,4
72286,931,1171,624,4
72287,930,1169,452,4
72288,929,1168,564,3
72289,928,1167,294,3
72290,928,1167,311,2
72291,928,1167,358,1
72292,927,1165,199,1.5
72293,926,1164,609,1
72294,925,1163,86,3
72295,925,1163,510,2
72296,924,1162,232,4
72297,924,1162,452,5
72298,924,1162,472,1
72299,924,1162,547,4
72300,924,1162,585,4
72301,923,1161,19,3
72302,923,1161,24,4
72303,923,1161,86,4
72304,923,1161,232,5
72305,923,1161,299,4.5
72306,923,1161,492,4
72307,923,1161,547,4
72308,923,1161,564,4
72309,922,1154,547,1
72310,921,1153,547,3
72311,920,1152,547,3
72312,919,1151,564,4
72313,918,1150,36,3
72314,918,1150,265,2
72315,918,1150,321,5
72316,918,1150,388,5
72317,918,1150,420,4
72318,918,1150,497,5
72319,918,1150,514,3
72320,918,1150,529,4
72321,918,1150,537,5
72322,918,1150,547,2
72323,917,1148,7,5
72324,917,1148,15,3
72325,917,1148,19,4
72326,917,1148,20,5
72327,917,1148,21,5
72328,917,1148,22,2
72329,917,1148,48,3.5
72330,917,1148,57,5
72331,917,1148,59,5
72332,917,1148,73,4
72333,917,1148,77,3
72334,917,1148,86,5
72335,917,1148,102,4
72336,917,1148,115,4.5
72337,917,1148,119,5
72338,917,1148,130,4
72339,917,1148,133,0.5
72340,917,1148,155,5
72341,917,1148,159,4
72342,917,1148,177,5
72343,917,1148,185,5
72344,917,1148,198,5
72345,917,1148,201,5
72346,917,1148,205,1
72347,917,1148,212,3.5
72348,917,1148,220,5
72349,917,1148,234,4
72350,917,1148,268,4
72351,917,1148,283,4.5
72352,917,1148,285,4
72353,917,1148,294,5
72354,917,1148,309,4.5
72355,917,1148,311,3.5
72356,917,1148,316,4
72357,917,1148,321,4
72358,917,1148,328,4.5
72359,917,1148,346,3
72360,917,1148,363,5
72361,917,1148,388,5
72362,917,1148,394,2
72363,917,1148,417,4
72364,917,1148,422,5
72365,917,1148,423,4
72366,917,1148,424,4.5
72367,917,1148,430,4.5
72368,917,1148,434,5
72369,917,1148,460,4.5
72370,917,1148,461,4.5
72371,917,1148,468,3.5
72372,917,1148,472,5
72373,917,1148,501,4
72374,917,1148,509,3
72375,917,1148,514,4
72376,917,1148,529,4
72377,917,1148,530,5
72378,917,1148,531,4
72379,917,1148,537,5
72380,917,1148,547,2
72381,917,1148,564,4
72382,917,1148,577,5
72383,917,1148,585,4
72384,917,1148,592,3
72385,917,1148,594,5
72386,917,1148,595,4
72387,917,1148,597,5
72388,917,1148,599,1.5
72389,917,1148,606,2.5
72390,917,1148,607,4
72391,917,1148,613,4
72392,917,1148,624,4
72393,917,1148,628,2.5
72394,917,1148,646,5
72395,917,1148,647,5
72396,917,1148,667,5
72397,917,1148,671,5
72398,916,1147,15,3.5
72399,916,1147,34,4
72400,916,1147,102,4
72401,916,1147,105,4.5
72402,916,1147,307,4.5
72403,916,1147,342,5
72404,916,1147,358,5
72405,916,1147,373,5
72406,916,1147,433,4
72407,916,1147,441,3
72408,916,1147,472,5
72409,916,1147,509,4.5
72410,916,1147,544,4
72411,916,1147,547,5
72412,916,1147,594,5
72413,916,1147,624,5
72414,915,1145,509,3
72415,914,1137,299,4
72416,913,1136,4,5
72417,913,1136,7,4
72418,913,1136,15,2.5
72419,913,1136,17,5
72420,913,1136,19,5
72421,913,1136,20,4.5
72422,913,1136,21,5
72423,913,1136,23,4
72424,913,1136,38,4
72425,913,1136,40,5
72426,913,1136,56,4
72427,913,1136,57,5
72428,913,1136,59,4
72429,913,1136,61,5
72430,913,1136,73,3
72431,913,1136,74,5
72432,913,1136,77,4.5
72433,913,1136,78,3
72434,913,1136,81,3.5
72435,913,1136,88,3.5
72436,913,1136,97,4
72437,913,1136,102,5
72438,913,1136,105,3
72439,913,1136,111,4
72440,913,1136,119,5
72441,913,1136,125,5
72442,913,1136,130,4.5
72443,913,1136,134,5
72444,913,1136,137,4
72445,913,1136,142,1
72446,913,1136,148,4.5
72447,913,1136,152,4.5
72448,913,1136,153,5
72449,913,1136,159,4.5
72450,913,1136,164,3.5
72451,913,1136,168,4
72452,913,1136,177,5
72453,913,1136,183,4
72454,913,1136,185,4
72455,913,1136,195,3
72456,913,1136,199,5
72457,913,1136,201,5
72458,913,1136,210,3
72459,913,1136,212,3.5
72460,913,1136,213,1
72461,913,1136,215,4
72462,913,1136,218,4
72463,913,1136,219,5
72464,913,1136,232,5
72465,913,1136,234,4
72466,913,1136,236,4
72467,913,1136,243,4
72468,913,1136,253,4.5
72469,913,1136,257,4
72470,913,1136,262,2
72471,913,1136,265,4
72472,913,1136,268,4.5
72473,913,1136,273,4.5
72474,913,1136,282,4.5
72475,913,1136,283,3.5
72476,913,1136,285,4
72477,913,1136,294,4.5
72478,913,1136,297,4
72479,913,1136,299,5
72480,913,1136,303,5
72481,913,1136,306,4
72482,913,1136,309,5
72483,913,1136,316,4.5
72484,913,1136,328,3
72485,913,1136,344,4
72486,913,1136,346,5
72487,913,1136,353,3.5
72488,913,1136,355,5
72489,913,1136,358,4
72490,913,1136,362,3.5
72491,913,1136,373,4
72492,913,1136,379,4
72493,913,1136,380,4
72494,913,1136,394,4.5
72495,913,1136,398,4
72496,913,1136,408,4
72497,913,1136,417,4
72498,913,1136,420,4
72499,913,1136,423,4.5
72500,913,1136,428,5
72501,913,1136,430,5
72502,913,1136,432,4.5
72503,913,1136,442,4.5
72504,913,1136,443,5
72505,913,1136,450,4.5
72506,913,1136,452,4
72507,913,1136,460,5
72508,913,1136,468,4
72509,913,1136,471,4.5
72510,913,1136,472,5
72511,913,1136,479,5
72512,913,1136,480,4
72513,913,1136,481,3
72514,913,1136,486,5
72515,913,1136,488,4.5
72516,913,1136,498,5
72517,913,1136,501,3.5
72518,913,1136,502,4
72519,913,1136,505,4.5
72520,913,1136,509,5
72521,913,1136,510,1
72522,913,1136,514,4
72523,913,1136,518,4
72524,913,1136,519,4.5
72525,913,1136,527,4.5
72526,913,1136,528,4
72527,913,1136,529,4
72528,913,1136,537,5
72529,913,1136,544,5
72530,913,1136,553,5
72531,913,1136,554,3
72532,913,1136,561,4.5
72533,913,1136,563,4.5
72534,913,1136,564,4
72535,913,1136,567,3
72536,913,1136,575,5
72537,913,1136,577,5
72538,913,1136,580,4
72539,913,1136,584,3.5
72540,913,1136,585,5
72541,913,1136,587,4
72542,913,1136,592,5
72543,913,1136,596,3.5
72544,913,1136,597,5
72545,913,1136,599,4
72546,913,1136,603,5
72547,913,1136,605,3
72548,913,1136,606,3.5
72549,913,1136,607,5
72550,913,1136,612,3
72551,913,1136,615,4.5
72552,913,1136,621,4.5
72553,913,1136,624,5
72554,913,1136,647,5
72555,913,1136,648,4
72556,913,1136,654,5
72557,913,1136,655,5
72558,913,1136,664,4.5
72559,913,1136,665,5
72560,913,1136,671,5
72561,912,1135,21,3
72562,912,1135,30,3
72563,912,1135,57,4
72564,912,1135,160,4
72565,912,1135,232,4
72566,912,1135,239,4
72567,912,1135,285,2
72568,912,1135,306,5
72569,912,1135,311,3
72570,912,1135,358,3
72571,912,1135,373,4
72572,912,1135,439,3
72573,912,1135,452,3
72574,912,1135,466,3
72575,912,1135,509,3
72576,912,1135,514,3
72577,912,1135,518,4
72578,912,1135,529,3
72579,912,1135,547,3
72580,912,1135,564,5
72581,912,1135,575,2
72582,912,1135,624,3
72583,912,1135,669,3
72584,911,1133,318,3
72585,910,1132,81,3
72586,910,1132,102,4
72587,910,1132,232,4
72588,910,1132,265,2
72589,910,1132,283,3
72590,910,1132,306,3
72591,910,1132,321,3
72592,910,1132,373,4
72593,910,1132,391,5
72594,910,1132,436,3
72595,910,1132,468,3
72596,910,1132,492,4
72597,910,1132,497,4
72598,910,1132,529,4
72599,910,1132,577,5
72600,910,1132,587,4.5
72601,909,1131,15,2.5
72602,909,1131,94,4.5
72603,909,1131,102,4
72604,909,1131,232,5
72605,909,1131,265,2
72606,909,1131,306,4
72607,909,1131,321,4
72608,909,1131,373,4
72609,909,1131,391,4
72610,909,1131,492,4
72611,909,1131,497,5
72612,909,1131,510,5
72613,909,1131,529,4
72614,909,1131,558,5
72615,909,1131,577,5
72616,909,1131,587,4.5
72617,909,1131,608,3
72618,908,1130,19,4
72619,908,1130,34,3
72620,908,1130,57,4
72621,908,1130,95,5
72622,908,1130,514,3
72623,908,1130,516,3
72624,908,1130,564,5
72625,908,1130,580,3
72626,907,1129,1,2
72627,907,1129,7,3
72628,907,1129,19,3
72629,907,1129,21,3
72630,907,1129,30,3
72631,907,1129,34,4
72632,907,1129,41,4.5
72633,907,1129,49,3
72634,907,1129,57,3
72635,907,1129,66,4
72636,907,1129,73,4
72637,907,1129,77,4
72638,907,1129,103,2.5
72639,907,1129,105,3.5
72640,907,1129,118,3
72641,907,1129,119,4
72642,907,1129,155,4
72643,907,1129,177,3
72644,907,1129,195,1
72645,907,1129,248,5
72646,907,1129,276,4
72647,907,1129,299,4.5
72648,907,1129,311,1.5
72649,907,1129,325,3
72650,907,1129,346,4
72651,907,1129,351,3
72652,907,1129,353,2
72653,907,1129,358,3
72654,907,1129,380,4
72655,907,1129,390,3
72656,907,1129,423,4
72657,907,1129,461,3.5
72658,907,1129,463,3
72659,907,1129,468,2.5
72660,907,1129,472,4
72661,907,1129,514,3
72662,907,1129,516,3
72663,907,1129,518,3
72664,907,1129,522,4
72665,907,1129,547,3.5
72666,907,1129,564,4
72667,907,1129,580,2
72668,907,1129,585,3
72669,907,1129,596,3.5
72670,907,1129,597,4
72671,907,1129,624,3
72672,907,1129,634,3
72673,907,1129,654,4.5
72674,906,1128,19,4
72675,906,1128,57,2
72676,906,1128,102,4
72677,906,1128,262,2.5
72678,906,1128,514,3
72679,906,1128,564,5
72680,905,1127,4,5
72681,905,1127,10,4
72682,905,1127,15,4
72683,905,1127,19,3
72684,905,1127,21,3
72685,905,1127,41,3.5
72686,905,1127,48,3.5
72687,905,1127,49,4
72688,905,1127,57,5
72689,905,1127,58,2
72690,905,1127,73,4
72691,905,1127,75,3
72692,905,1127,95,4
72693,905,1127,105,2.5
72694,905,1127,111,4
72695,905,1127,118,4
72696,905,1127,119,2
72697,905,1127,130,3
72698,905,1127,134,4
72699,905,1127,155,3
72700,905,1127,157,3.5
72701,905,1127,177,5
72702,905,1127,180,4
72703,905,1127,189,4
72704,905,1127,196,4
72705,905,1127,199,4
72706,905,1127,202,5
72707,905,1127,213,2.5
72708,905,1127,214,4
72709,905,1127,232,4
72710,905,1127,248,4
72711,905,1127,263,4
72712,905,1127,268,5
72713,905,1127,286,4
72714,905,1127,291,4.5
72715,905,1127,295,3
72716,905,1127,308,1
72717,905,1127,311,3
72718,905,1127,312,3
72719,905,1127,313,3.5
72720,905,1127,326,4
72721,905,1127,344,4
72722,905,1127,346,1
72723,905,1127,350,4
72724,905,1127,355,4
72725,905,1127,363,4
72726,905,1127,367,3
72727,905,1127,388,4
72728,905,1127,401,3
72729,905,1127,435,4
72730,905,1127,439,4
72731,905,1127,452,3
72732,905,1127,461,2.5
72733,905,1127,463,3
72734,905,1127,468,3
72735,905,1127,476,1
72736,905,1127,514,3
72737,905,1127,518,4
72738,905,1127,525,5
72739,905,1127,537,5
72740,905,1127,541,3
72741,905,1127,550,4
72742,905,1127,564,4
72743,905,1127,575,3
72744,905,1127,577,4
72745,905,1127,580,3.5
72746,905,1127,597,4
72747,905,1127,598,4
72748,905,1127,607,4.5
72749,905,1127,654,4
72750,905,1127,664,4.5
72751,904,1126,19,3
72752,904,1126,30,2
72753,904,1126,150,3
72754,904,1126,285,1
72755,904,1126,346,2
72756,904,1126,514,3
72757,904,1126,564,3
72758,904,1126,577,3.5
72759,904,1126,581,3
72760,904,1126,603,3
72761,904,1126,654,3.5
72762,903,1125,4,5
72763,903,1125,7,3
72764,903,1125,21,4
72765,903,1125,57,4
72766,903,1125,102,5
72767,903,1125,195,1
72768,903,1125,232,5
72769,903,1125,289,3
72770,903,1125,294,4
72771,903,1125,305,1
72772,903,1125,306,3
72773,903,1125,311,2
72774,903,1125,344,3
72775,903,1125,358,3
72776,903,1125,362,3.5
72777,903,1125,417,4
72778,903,1125,420,4
72779,903,1125,488,4
72780,903,1125,509,4
72781,903,1125,514,3
72782,903,1125,518,1
72783,903,1125,529,4
72784,903,1125,537,4
72785,903,1125,540,4
72786,903,1125,564,5
72787,903,1125,607,4
72788,903,1125,617,1
72789,903,1125,624,4
72790,902,1124,19,3
72791,902,1124,21,4
72792,902,1124,30,4
72793,902,1124,57,4
72794,902,1124,102,4
72795,902,1124,117,4.5
72796,902,1124,160,5
72797,902,1124,206,4
72798,902,1124,232,1
72799,902,1124,242,5
72800,902,1124,265,4
72801,902,1124,306,3
72802,902,1124,311,3
72803,902,1124,344,4
72804,902,1124,373,4
72805,902,1124,387,4
72806,902,1124,452,4
72807,902,1124,467,4
72808,902,1124,468,3
72809,902,1124,497,3
72810,902,1124,505,3.5
72811,902,1124,514,4
72812,902,1124,516,4
72813,902,1124,518,3
72814,902,1124,529,1
72815,902,1124,537,5
72816,902,1124,547,3
72817,902,1124,575,3
72818,901,1123,312,3
72819,901,1123,472,5
72820,900,1120,15,1
72821,900,1120,30,4
72822,900,1120,33,4
72823,900,1120,34,3
72824,900,1120,56,2
72825,900,1120,73,3.5
72826,900,1120,102,4
72827,900,1120,105,4
72828,900,1120,178,4
72829,900,1120,207,3
72830,900,1120,232,5
72831,900,1120,245,4
72832,900,1120,267,4.5
72833,900,1120,306,4
72834,900,1120,342,4
72835,900,1120,378,3.5
72836,900,1120,380,4
72837,900,1120,386,3
72838,900,1120,390,4
72839,900,1120,393,4
72840,900,1120,452,3
72841,900,1120,457,4
72842,900,1120,461,3.5
72843,900,1120,468,2.5
72844,900,1120,502,4
72845,900,1120,509,3
72846,900,1120,514,5
72847,900,1120,523,3
72848,900,1120,547,3
72849,900,1120,564,5
72850,900,1120,580,3.5
72851,900,1120,595,4
72852,900,1120,596,3.5
72853,899,1114,30,3
72854,899,1114,299,3.5
72855,899,1114,509,3
72856,898,1113,311,2
72857,898,1113,387,3
72858,898,1113,390,3
72859,898,1113,414,2
72860,898,1113,518,3
72861,898,1113,555,1
72862,898,1113,575,3
72863,897,1112,119,2
72864,897,1112,343,4
72865,897,1112,408,5
72866,896,1111,132,5
72867,896,1111,183,4
72868,896,1111,312,4
72869,896,1111,383,2
72870,896,1111,452,5
72871,896,1111,514,5
72872,896,1111,564,3
72873,896,1111,587,3.5
72874,895,1105,63,0.5
72875,895,1105,516,3
72876,894,1104,17,3.5
72877,894,1104,19,4
72878,894,1104,23,4
72879,894,1104,30,4
72880,894,1104,34,4
72881,894,1104,80,4
72882,894,1104,96,4
72883,894,1104,102,5
72884,894,1104,111,3
72885,894,1104,185,2
72886,894,1104,195,4
72887,894,1104,212,3.5
72888,894,1104,215,4
72889,894,1104,245,3
72890,894,1104,263,3
72891,894,1104,265,5
72892,894,1104,278,3
72893,894,1104,311,3
72894,894,1104,358,5
72895,894,1104,363,5
72896,894,1104,387,4
72897,894,1104,392,3
72898,894,1104,420,4
72899,894,1104,431,5
72900,894,1104,436,5
72901,894,1104,452,4
72902,894,1104,461,2.5
72903,894,1104,466,4
72904,894,1104,468,3.5
72905,894,1104,472,5
72906,894,1104,499,4
72907,894,1104,505,3
72908,894,1104,509,4.5
72909,894,1104,514,5
72910,894,1104,529,3
72911,894,1104,537,5
72912,894,1104,547,5
72913,894,1104,564,4
72914,894,1104,585,4
72915,894,1104,593,3
72916,893,1103,19,4
72917,893,1103,20,4
72918,893,1103,21,3
72919,893,1103,23,4.5
72920,893,1103,34,4
72921,893,1103,99,4
72922,893,1103,102,4
72923,893,1103,119,5
72924,893,1103,135,3
72925,893,1103,149,3.5
72926,893,1103,195,3
72927,893,1103,212,4
72928,893,1103,215,5
72929,893,1103,232,4
72930,893,1103,242,5
72931,893,1103,255,5
72932,893,1103,297,2
72933,893,1103,311,3
72934,893,1103,328,3
72935,893,1103,342,4
72936,893,1103,363,5
72937,893,1103,365,5
72938,893,1103,387,4
72939,893,1103,420,3
72940,893,1103,423,3.5
72941,893,1103,431,5
72942,893,1103,452,4
72943,893,1103,461,2.5
72944,893,1103,466,4
72945,893,1103,468,3.5
72946,893,1103,472,4
72947,893,1103,488,3.5
72948,893,1103,509,4
72949,893,1103,514,4
72950,893,1103,537,4
72951,893,1103,547,5
72952,893,1103,548,3
72953,893,1103,587,4
72954,893,1103,606,5
72955,893,1103,661,4.5
72956,892,1101,10,2
72957,892,1101,15,3
72958,892,1101,19,3
72959,892,1101,22,2
72960,892,1101,23,3
72961,892,1101,30,4
72962,892,1101,57,5
72963,892,1101,73,3.5
72964,892,1101,79,2.5
72965,892,1101,88,4
72966,892,1101,103,2
72967,892,1101,105,3
72968,892,1101,109,4.5
72969,892,1101,111,4
72970,892,1101,119,4
72971,892,1101,125,4
72972,892,1101,130,3
72973,892,1101,134,3
72974,892,1101,168,2
72975,892,1101,195,2
72976,892,1101,201,5
72977,892,1101,212,3
72978,892,1101,213,2.5
72979,892,1101,214,4
72980,892,1101,217,4.5
72981,892,1101,218,3
72982,892,1101,221,3
72983,892,1101,232,5
72984,892,1101,243,2.5
72985,892,1101,247,4
72986,892,1101,253,4.5
72987,892,1101,268,4
72988,892,1101,271,2
72989,892,1101,283,0.5
72990,892,1101,285,4
72991,892,1101,292,4
72992,892,1101,295,5
72993,892,1101,303,3
72994,892,1101,306,4
72995,892,1101,309,3.5
72996,892,1101,311,4
72997,892,1101,344,3
72998,892,1101,353,2
72999,892,1101,355,2
73000,892,1101,388,3
73001,892,1101,390,3
73002,892,1101,405,4.5
73003,892,1101,430,3
73004,892,1101,441,3
73005,892,1101,452,2.5
73006,892,1101,457,2.5
73007,892,1101,461,3.5
73008,892,1101,463,4
73009,892,1101,471,3.5
73010,892,1101,505,3
73011,892,1101,514,3
73012,892,1101,516,4
73013,892,1101,518,3
73014,892,1101,522,1.5
73015,892,1101,523,4.5
73016,892,1101,525,3
73017,892,1101,527,3.5
73018,892,1101,550,2
73019,892,1101,561,4
73020,892,1101,562,4
73021,892,1101,580,3
73022,892,1101,582,4.5
73023,892,1101,592,3
73024,892,1101,596,3
73025,892,1101,603,3
73026,892,1101,607,4.5
73027,892,1101,624,2.5
73028,892,1101,654,4
73029,892,1101,665,5
73030,891,1100,15,2.5
73031,891,1100,128,3
73032,891,1100,220,1
73033,891,1100,311,2
73034,891,1100,344,3
73035,891,1100,358,1
73036,891,1100,386,2
73037,891,1100,405,3.5
73038,891,1100,452,1.5
73039,891,1100,453,3
73040,891,1100,472,2
73041,891,1100,516,3
73042,891,1100,534,4
73043,891,1100,564,1
73044,891,1100,605,3
73045,891,1100,607,3.5
73046,891,1100,624,3
73047,891,1100,632,4
73048,891,1100,665,3
73049,890,1099,136,4.5
73050,890,1099,232,4
73051,890,1099,268,4
73052,890,1099,311,2
73053,890,1099,405,4.5
73054,890,1099,472,4
73055,890,1099,531,1.5
73056,890,1099,537,5
73057,890,1099,547,4
73058,890,1099,557,0.5
73059,890,1099,605,5
73060,889,1097,4,5
73061,889,1097,7,3
73062,889,1097,15,4
73063,889,1097,19,5
73064,889,1097,20,1.5
73065,889,1097,21,3
73066,889,1097,22,2.5
73067,889,1097,23,5
73068,889,1097,30,4
73069,889,1097,34,3
73070,889,1097,41,4
73071,889,1097,42,5
73072,889,1097,48,3.5
73073,889,1097,56,4
73074,889,1097,57,5
73075,889,1097,61,3.5
73076,889,1097,67,5
73077,889,1097,68,4
73078,889,1097,73,4
73079,889,1097,74,3
73080,889,1097,77,3
73081,889,1097,78,3.5
73082,889,1097,79,3
73083,889,1097,88,3.5
73084,889,1097,91,5
73085,889,1097,93,4
73086,889,1097,102,4
73087,889,1097,119,4
73088,889,1097,120,3
73089,889,1097,125,4.5
73090,889,1097,130,3
73091,889,1097,134,4
73092,889,1097,137,5
73093,889,1097,139,4.5
73094,889,1097,142,3
73095,889,1097,146,3.5
73096,889,1097,148,5
73097,889,1097,150,3
73098,889,1097,152,2.5
73099,889,1097,153,5
73100,889,1097,155,4
73101,889,1097,157,3
73102,889,1097,159,3
73103,889,1097,165,4
73104,889,1097,167,5
73105,889,1097,168,4
73106,889,1097,175,4
73107,889,1097,177,5
73108,889,1097,178,2.5
73109,889,1097,185,4
73110,889,1097,187,3.5
73111,889,1097,190,5
73112,889,1097,195,3
73113,889,1097,200,3
73114,889,1097,202,4
73115,889,1097,206,4
73116,889,1097,213,2.5
73117,889,1097,214,4
73118,889,1097,222,4
73119,889,1097,232,4
73120,889,1097,234,4
73121,889,1097,236,3.5
73122,889,1097,239,4
73123,889,1097,242,5
73124,889,1097,243,4
73125,889,1097,245,5
73126,889,1097,259,3
73127,889,1097,264,5
73128,889,1097,268,3.5
73129,889,1097,282,4
73130,889,1097,285,4
73131,889,1097,287,4.5
73132,889,1097,293,2
73133,889,1097,294,3
73134,889,1097,295,4.5
73135,889,1097,303,3.5
73136,889,1097,305,1
73137,889,1097,306,5
73138,889,1097,311,4
73139,889,1097,312,3
73140,889,1097,313,4
73141,889,1097,342,4
73142,889,1097,344,3
73143,889,1097,346,2
73144,889,1097,349,3
73145,889,1097,352,2.5
73146,889,1097,353,3
73147,889,1097,355,4
73148,889,1097,360,3
73149,889,1097,363,4
73150,889,1097,373,3
73151,889,1097,386,3
73152,889,1097,388,4
73153,889,1097,391,1
73154,889,1097,395,4
73155,889,1097,401,4
73156,889,1097,405,4.5
73157,889,1097,407,4
73158,889,1097,408,5
73159,889,1097,420,4
73160,889,1097,423,3.5
73161,889,1097,426,3.5
73162,889,1097,428,3
73163,889,1097,430,4
73164,889,1097,431,5
73165,889,1097,434,2
73166,889,1097,442,4.5
73167,889,1097,452,5
73168,889,1097,453,3
73169,889,1097,458,4
73170,889,1097,461,3.5
73171,889,1097,463,4
73172,889,1097,466,5
73173,889,1097,468,3.5
73174,889,1097,472,4
73175,889,1097,475,3.5
73176,889,1097,476,2
73177,889,1097,479,4
73178,889,1097,480,4
73179,889,1097,481,4.5
73180,889,1097,497,5
73181,889,1097,500,1
73182,889,1097,501,4
73183,889,1097,505,3.5
73184,889,1097,509,3
73185,889,1097,514,5
73186,889,1097,516,4
73187,889,1097,518,5
73188,889,1097,520,3.5
73189,889,1097,522,3
73190,889,1097,525,3
73191,889,1097,527,3
73192,889,1097,531,3
73193,889,1097,532,4
73194,889,1097,533,3
73195,889,1097,537,4
73196,889,1097,545,5
73197,889,1097,547,4
73198,889,1097,558,5
73199,889,1097,561,3
73200,889,1097,562,4.5
73201,889,1097,564,4
73202,889,1097,573,2
73203,889,1097,574,4
73204,889,1097,577,5
73205,889,1097,580,4
73206,889,1097,587,3.5
73207,889,1097,591,3.5
73208,889,1097,595,5
73209,889,1097,596,3.5
73210,889,1097,597,4
73211,889,1097,598,4
73212,889,1097,603,4
73213,889,1097,605,3
73214,889,1097,607,4
73215,889,1097,612,4.5
73216,889,1097,624,4
73217,889,1097,653,4
73218,889,1097,654,5
73219,889,1097,665,5
73220,888,1096,23,2.5
73221,888,1096,30,5
73222,888,1096,76,4.5
73223,888,1096,102,4
73224,888,1096,195,2
73225,888,1096,242,5
73226,888,1096,265,5
73227,888,1096,306,4
73228,888,1096,311,3
73229,888,1096,335,4
73230,888,1096,373,5
73231,888,1096,387,4
73232,888,1096,434,4
73233,888,1096,439,5
73234,888,1096,452,4
73235,888,1096,497,4
73236,888,1096,505,3
73237,888,1096,509,4
73238,888,1096,510,3
73239,888,1096,518,3
73240,888,1096,529,5
73241,888,1096,537,4
73242,888,1096,547,4
73243,888,1096,554,4
73244,888,1096,564,5
73245,888,1096,587,5
73246,887,1095,15,4
73247,887,1095,17,2
73248,887,1095,19,5
73249,887,1095,30,5
73250,887,1095,56,4
73251,887,1095,102,4
73252,887,1095,232,4
73253,887,1095,242,4
73254,887,1095,265,4
73255,887,1095,311,2
73256,887,1095,312,3
73257,887,1095,388,5
73258,887,1095,407,5
73259,887,1095,452,5
73260,887,1095,457,4
73261,887,1095,460,4
73262,887,1095,468,3.5
73263,887,1095,509,4
73264,887,1095,514,4
73265,887,1095,520,4.5
73266,887,1095,533,3
73267,887,1095,537,4
73268,887,1095,547,3.5
73269,887,1095,549,4
73270,887,1095,564,3
73271,887,1095,575,3
73272,887,1095,587,4
73273,886,1094,15,4
73274,886,1094,19,4
73275,886,1094,28,4
73276,886,1094,30,5
73277,886,1094,56,2
73278,886,1094,57,5
73279,886,1094,73,3.5
73280,886,1094,78,4
73281,886,1094,102,4
73282,886,1094,105,4
73283,886,1094,134,3.5
73284,886,1094,174,2
73285,886,1094,232,5
73286,886,1094,242,5
73287,886,1094,245,3
73288,886,1094,265,3
73289,886,1094,280,5
73290,886,1094,291,3.5
73291,886,1094,303,3
73292,886,1094,306,4
73293,886,1094,311,3
73294,886,1094,312,4
73295,886,1094,330,5
73296,886,1094,342,3
73297,886,1094,344,3
73298,886,1094,345,4.5
73299,886,1094,358,5
73300,886,1094,407,5
73301,886,1094,422,4
73302,886,1094,434,4
73303,886,1094,441,4
73304,886,1094,452,5
73305,886,1094,461,3
73306,886,1094,463,4
73307,886,1094,466,4
73308,886,1094,468,3
73309,886,1094,509,4
73310,886,1094,510,5
73311,886,1094,514,3
73312,886,1094,516,3
73313,886,1094,518,3
73314,886,1094,537,3
73315,886,1094,547,4.5
73316,886,1094,558,5
73317,886,1094,564,5
73318,886,1094,573,5
73319,886,1094,580,2.5
73320,886,1094,587,4
73321,886,1094,595,5
73322,886,1094,608,4
73323,885,1093,15,2
73324,885,1093,19,3
73325,885,1093,30,1
73326,885,1093,73,2
73327,885,1093,95,4
73328,885,1093,102,3
73329,885,1093,170,2
73330,885,1093,171,3
73331,885,1093,195,4
73332,885,1093,219,3
73333,885,1093,268,4
73334,885,1093,299,4.5
73335,885,1093,303,3.5
73336,885,1093,311,2
73337,885,1093,342,3
73338,885,1093,358,1
73339,885,1093,363,3
73340,885,1093,386,3
73341,885,1093,388,2
73342,885,1093,467,3
73343,885,1093,469,5
73344,885,1093,476,5
73345,885,1093,505,3
73346,885,1093,514,4
73347,885,1093,518,3
73348,885,1093,520,2.5
73349,885,1093,541,4
73350,885,1093,547,3.5
73351,885,1093,564,4
73352,885,1093,580,3.5
73353,885,1093,596,4.5
73354,885,1093,598,3
73355,885,1093,605,3
73356,885,1093,613,2.5
73357,885,1093,628,2.5
73358,885,1093,665,3
73359,884,1092,15,2.5
73360,884,1092,17,4
73361,884,1092,19,1
73362,884,1092,30,4
73363,884,1092,34,4
73364,884,1092,57,2
73365,884,1092,66,4
73366,884,1092,120,4
73367,884,1092,128,4
73368,884,1092,130,3
73369,884,1092,160,4
73370,884,1092,163,3.5
73371,884,1092,165,2.5
73372,884,1092,168,3
73373,884,1092,177,5
73374,884,1092,200,4
73375,884,1092,212,3
73376,884,1092,214,4
73377,884,1092,220,2
73378,884,1092,232,4
73379,884,1092,245,3
73380,884,1092,262,1
73381,884,1092,294,3
73382,884,1092,303,3
73383,884,1092,306,4
73384,884,1092,311,2
73385,884,1092,322,4
73386,884,1092,344,3
73387,884,1092,355,4
73388,884,1092,370,3
73389,884,1092,384,3
73390,884,1092,388,2
73391,884,1092,394,3
73392,884,1092,418,3
73393,884,1092,422,4
73394,884,1092,452,3
73395,884,1092,455,4
73396,884,1092,457,2.5
73397,884,1092,461,2.5
73398,884,1092,463,4
73399,884,1092,505,3
73400,884,1092,510,1
73401,884,1092,514,4
73402,884,1092,516,3
73403,884,1092,522,1.5
73404,884,1092,523,4
73405,884,1092,534,4
73406,884,1092,547,4
73407,884,1092,562,4
73408,884,1092,564,5
73409,884,1092,574,3.5
73410,884,1092,580,3.5
73411,884,1092,596,3.5
73412,884,1092,607,3.5
73413,884,1092,624,4
73414,884,1092,654,4.5
73415,883,1091,19,3
73416,883,1091,21,3
73417,883,1091,30,1
73418,883,1091,31,3
73419,883,1091,33,4
73420,883,1091,57,2
73421,883,1091,232,4
73422,883,1091,239,3
73423,883,1091,247,3
73424,883,1091,285,1
73425,883,1091,292,3.5
73426,883,1091,304,1.5
73427,883,1091,311,2
73428,883,1091,344,3
73429,883,1091,358,1
73430,883,1091,373,1
73431,883,1091,401,2
73432,883,1091,457,2
73433,883,1091,460,3.5
73434,883,1091,466,2
73435,883,1091,509,4
73436,883,1091,514,3
73437,883,1091,518,2
73438,883,1091,564,4
73439,883,1091,580,3
73440,883,1091,615,3.5
73441,883,1091,624,3
73442,882,1090,19,4
73443,882,1090,21,4
73444,882,1090,23,4
73445,882,1090,30,4
73446,882,1090,34,4
73447,882,1090,60,4
73448,882,1090,73,5
73449,882,1090,102,2
73450,882,1090,105,4
73451,882,1090,124,4.5
73452,882,1090,130,4
73453,882,1090,149,2.5
73454,882,1090,152,3.5
73455,882,1090,189,5
73456,882,1090,195,3
73457,882,1090,212,3
73458,882,1090,214,5
73459,882,1090,220,5
73460,882,1090,232,5
73461,882,1090,242,5
73462,882,1090,248,4
73463,882,1090,253,4
73464,882,1090,268,3.5
73465,882,1090,271,5
73466,882,1090,285,3
73467,882,1090,291,4.5
73468,882,1090,299,4
73469,882,1090,303,3.5
73470,882,1090,313,4
73471,882,1090,342,4
73472,882,1090,344,5
73473,882,1090,353,3.5
73474,882,1090,355,4
73475,882,1090,373,4
73476,882,1090,380,5
73477,882,1090,388,5
73478,882,1090,417,4.5
73479,882,1090,423,3.5
73480,882,1090,426,2.5
73481,882,1090,430,2.5
73482,882,1090,431,5
73483,882,1090,433,3
73484,882,1090,442,4.5
73485,882,1090,452,4
73486,882,1090,460,3.5
73487,882,1090,461,3
73488,882,1090,463,3
73489,882,1090,468,3
73490,882,1090,472,5
73491,882,1090,494,4
73492,882,1090,505,3
73493,882,1090,509,4
73494,882,1090,514,4
73495,882,1090,516,4
73496,882,1090,518,5
73497,882,1090,520,5
73498,882,1090,544,4.5
73499,882,1090,547,4
73500,882,1090,558,5
73501,882,1090,575,3
73502,882,1090,577,3.5
73503,882,1090,580,4
73504,882,1090,596,3.5
73505,882,1090,607,2.5
73506,882,1090,624,4
73507,882,1090,656,4
73508,882,1090,665,3
73509,882,1090,671,4
73510,881,1089,4,5
73511,881,1089,10,3
73512,881,1089,15,4
73513,881,1089,17,5
73514,881,1089,19,4
73515,881,1089,21,3
73516,881,1089,22,4
73517,881,1089,23,3.5
73518,881,1089,26,3.5
73519,881,1089,30,5
73520,881,1089,31,4.5
73521,881,1089,34,4
73522,881,1089,56,4
73523,881,1089,73,3.5
73524,881,1089,78,1
73525,881,1089,94,2.5
73526,881,1089,97,2
73527,881,1089,102,4
73528,881,1089,105,4
73529,881,1089,111,4
73530,881,1089,115,3.5
73531,881,1089,118,4
73532,881,1089,119,4
73533,881,1089,125,4.5
73534,881,1089,143,4.5
73535,881,1089,149,4
73536,881,1089,152,3.5
73537,881,1089,164,5
73538,881,1089,168,4
73539,881,1089,171,5
73540,881,1089,177,5
73541,881,1089,181,5
73542,881,1089,183,5
73543,881,1089,187,4
73544,881,1089,198,2
73545,881,1089,208,4
73546,881,1089,212,4
73547,881,1089,214,5
73548,881,1089,219,5
73549,881,1089,220,4
73550,881,1089,230,5
73551,881,1089,231,4
73552,881,1089,232,5
73553,881,1089,243,4.5
73554,881,1089,245,2
73555,881,1089,253,4
73556,881,1089,262,3
73557,881,1089,267,4.5
73558,881,1089,268,3
73559,881,1089,274,4
73560,881,1089,285,5
73561,881,1089,295,2
73562,881,1089,297,4.5
73563,881,1089,299,4.5
73564,881,1089,303,5
73565,881,1089,304,5
73566,881,1089,309,3.5
73567,881,1089,312,5
73568,881,1089,332,5
73569,881,1089,350,5
73570,881,1089,353,3
73571,881,1089,355,4.5
73572,881,1089,358,3
73573,881,1089,360,4
73574,881,1089,367,4
73575,881,1089,371,4.5
73576,881,1089,378,4
73577,881,1089,380,4
73578,881,1089,388,4
73579,881,1089,394,3
73580,881,1089,408,5
73581,881,1089,422,5
73582,881,1089,423,5
73583,881,1089,428,5
73584,881,1089,430,4.5
73585,881,1089,432,5
73586,881,1089,438,4.5
73587,881,1089,442,4.5
73588,881,1089,450,5
73589,881,1089,452,2
73590,881,1089,454,5
73591,881,1089,457,4
73592,881,1089,458,2.5
73593,881,1089,460,4
73594,881,1089,461,4.5
73595,881,1089,463,4
73596,881,1089,468,3
73597,881,1089,472,5
73598,881,1089,478,5
73599,881,1089,480,4.5
73600,881,1089,481,5
73601,881,1089,483,4
73602,881,1089,488,4
73603,881,1089,494,4
73604,881,1089,500,1.5
73605,881,1089,501,5
73606,881,1089,502,5
73607,881,1089,503,4
73608,881,1089,509,5
73609,881,1089,510,5
73610,881,1089,514,4
73611,881,1089,519,5
73612,881,1089,520,4
73613,881,1089,522,4
73614,881,1089,527,3.5
73615,881,1089,544,4.5
73616,881,1089,547,4.5
73617,881,1089,558,5
73618,881,1089,561,5
73619,881,1089,562,5
73620,881,1089,564,5
73621,881,1089,567,5
73622,881,1089,574,4.5
73623,881,1089,580,4
73624,881,1089,585,4
73625,881,1089,587,4
73626,881,1089,594,5
73627,881,1089,595,5
73628,881,1089,596,4
73629,881,1089,606,5
73630,881,1089,607,4.5
73631,881,1089,608,4
73632,881,1089,615,4
73633,881,1089,623,5
73634,881,1089,624,5
73635,881,1089,635,4
73636,881,1089,647,4
73637,881,1089,648,4
73638,881,1089,654,5
73639,881,1089,659,3
73640,881,1089,664,4.5
73641,881,1089,668,3
73642,880,1088,15,2
73643,880,1088,19,3
73644,880,1088,21,2
73645,880,1088,30,4
73646,880,1088,52,4
73647,880,1088,54,5
73648,880,1088,57,4
73649,880,1088,95,5
73650,880,1088,97,2
73651,880,1088,105,3
73652,880,1088,111,3.5
73653,880,1088,128,5
73654,880,1088,133,1.5
73655,880,1088,160,4
73656,880,1088,187,4
73657,880,1088,200,1
73658,880,1088,212,3.5
73659,880,1088,213,3
73660,880,1088,242,5
73661,880,1088,262,2
73662,880,1088,264,4
73663,880,1088,281,4
73664,880,1088,294,3.5
73665,880,1088,303,3
73666,880,1088,306,4
73667,880,1088,311,5
73668,880,1088,313,4
73669,880,1088,344,3
73670,880,1088,358,3
73671,880,1088,363,2
73672,880,1088,370,3
73673,880,1088,372,4
73674,880,1088,387,4
73675,880,1088,418,5
73676,880,1088,461,3
73677,880,1088,463,3
73678,880,1088,468,2
73679,880,1088,500,4
73680,880,1088,505,4
73681,880,1088,509,2
73682,880,1088,514,3
73683,880,1088,516,3
73684,880,1088,518,4
73685,880,1088,531,5
73686,880,1088,547,5
73687,880,1088,564,2
73688,880,1088,574,3
73689,880,1088,575,3
73690,880,1088,580,3
73691,880,1088,582,3.5
73692,880,1088,605,2
73693,880,1088,607,2
73694,880,1088,621,3.5
73695,879,1087,283,4.5
73696,879,1087,405,3.5
73697,879,1087,551,3
73698,879,1087,564,4
73699,878,1086,19,4
73700,878,1086,30,4
73701,878,1086,102,5
73702,878,1086,118,3
73703,878,1086,130,4
73704,878,1086,204,2.5
73705,878,1086,215,5
73706,878,1086,232,3
73707,878,1086,236,3.5
73708,878,1086,240,4
73709,878,1086,294,4
73710,878,1086,311,2.5
73711,878,1086,322,5
73712,878,1086,342,4
73713,878,1086,452,3
73714,878,1086,468,3.5
73715,878,1086,514,4
73716,878,1086,537,5
73717,878,1086,547,3
73718,878,1086,548,4
73719,878,1086,551,4
73720,878,1086,559,5
73721,878,1086,564,5
73722,878,1086,596,4.5
73723,878,1086,597,4
73724,878,1086,605,4
73725,877,1085,49,5
73726,877,1085,119,5
73727,877,1085,195,4
73728,877,1085,215,4
73729,877,1085,311,2
73730,877,1085,328,3
73731,877,1085,388,4
73732,877,1085,551,1
73733,876,1084,15,3
73734,876,1084,19,4
73735,876,1084,23,4
73736,876,1084,30,4
73737,876,1084,65,5
73738,876,1084,67,4
73739,876,1084,80,4
73740,876,1084,86,3
73741,876,1084,96,3
73742,876,1084,97,2.5
73743,876,1084,99,4
73744,876,1084,102,4
73745,876,1084,119,4
73746,876,1084,143,4
73747,876,1084,182,3
73748,876,1084,195,4
73749,876,1084,215,4
73750,876,1084,232,5
73751,876,1084,237,4
73752,876,1084,242,5
73753,876,1084,255,5
73754,876,1084,265,5
73755,876,1084,278,5
73756,876,1084,281,4
73757,876,1084,282,2
73758,876,1084,295,3.5
73759,876,1084,302,3
73760,876,1084,311,2
73761,876,1084,336,1
73762,876,1084,345,3.5
73763,876,1084,358,4
73764,876,1084,387,5
73765,876,1084,431,4
73766,876,1084,436,4
73767,876,1084,452,4
73768,876,1084,468,3
73769,876,1084,472,4
73770,876,1084,481,4.5
73771,876,1084,499,5
73772,876,1084,505,3.5
73773,876,1084,514,4
73774,876,1084,529,5
73775,876,1084,533,3
73776,876,1084,537,4
73777,876,1084,547,4.5
73778,876,1084,548,4
73779,876,1084,551,4
73780,876,1084,558,5
73781,876,1084,561,5
73782,876,1084,564,3
73783,876,1084,575,2
73784,876,1084,580,3.5
73785,876,1084,587,4.5
73786,876,1084,605,4
73787,876,1084,608,4
73788,876,1084,642,5
73789,875,1083,99,2
73790,875,1083,311,2
73791,875,1083,387,3
73792,875,1083,529,3
73793,875,1083,551,3
73794,875,1083,575,3
73795,875,1083,585,4
73796,875,1083,624,4
73797,874,1082,19,3
73798,874,1082,30,4
73799,874,1082,102,4
73800,874,1082,215,4
73801,874,1082,254,4
73802,874,1082,311,2
73803,874,1082,342,4
73804,874,1082,358,4
73805,874,1082,387,5
73806,874,1082,452,4
73807,874,1082,529,3
73808,874,1082,537,3
73809,874,1082,547,4
73810,874,1082,564,4
73811,874,1082,575,3
73812,874,1082,605,4
73813,873,1081,30,4
73814,873,1081,57,4
73815,873,1081,102,4
73816,873,1081,119,4
73817,873,1081,195,3
73818,873,1081,196,5
73819,873,1081,206,2
73820,873,1081,232,3
73821,873,1081,294,2
73822,873,1081,306,4
73823,873,1081,311,3
73824,873,1081,330,3
73825,873,1081,358,4
73826,873,1081,363,5
73827,873,1081,387,5
73828,873,1081,404,5
73829,873,1081,439,4
73830,873,1081,452,3
73831,873,1081,460,4
73832,873,1081,468,2.5
73833,873,1081,497,4
73834,873,1081,514,3
73835,873,1081,518,5
73836,873,1081,537,4
73837,873,1081,547,3
73838,873,1081,551,3
73839,873,1081,564,5
73840,873,1081,575,2
73841,873,1081,595,4
73842,872,1080,7,4
73843,872,1080,19,3
73844,872,1080,21,3
73845,872,1080,22,3.5
73846,872,1080,23,4
73847,872,1080,38,4
73848,872,1080,57,4
73849,872,1080,60,4.5
73850,872,1080,63,4.5
73851,872,1080,73,4.5
73852,872,1080,74,3
73853,872,1080,75,0.5
73854,872,1080,77,4
73855,872,1080,88,3.5
73856,872,1080,102,4
73857,872,1080,105,3.5
73858,872,1080,111,3.5
73859,872,1080,119,4
73860,872,1080,130,0.5
73861,872,1080,133,2
73862,872,1080,134,5
73863,872,1080,159,3.5
73864,872,1080,177,5
73865,872,1080,178,4
73866,872,1080,185,4
73867,872,1080,195,3
73868,872,1080,199,5
73869,872,1080,200,0.5
73870,872,1080,212,3
73871,872,1080,215,3
73872,872,1080,219,4
73873,872,1080,232,3
73874,872,1080,234,4.5
73875,872,1080,243,4
73876,872,1080,244,4
73877,872,1080,262,2
73878,872,1080,268,2.5
73879,872,1080,285,5
73880,872,1080,293,1.5
73881,872,1080,294,3
73882,872,1080,303,4
73883,872,1080,309,5
73884,872,1080,344,4
73885,872,1080,345,4
73886,872,1080,352,4
73887,872,1080,355,4
73888,872,1080,362,4
73889,872,1080,373,4
73890,872,1080,379,4
73891,872,1080,383,4
73892,872,1080,408,4
73893,872,1080,420,4
73894,872,1080,423,5
73895,872,1080,428,5
73896,872,1080,430,5
73897,872,1080,435,4
73898,872,1080,442,5
73899,872,1080,460,5
73900,872,1080,468,4
73901,872,1080,471,4.5
73902,872,1080,472,4
73903,872,1080,480,4
73904,872,1080,486,5
73905,872,1080,494,3.5
73906,872,1080,502,4
73907,872,1080,509,4.5
73908,872,1080,514,4
73909,872,1080,519,5
73910,872,1080,527,2.5
73911,872,1080,529,4
73912,872,1080,537,4
73913,872,1080,544,5
73914,872,1080,547,5
73915,872,1080,548,4
73916,872,1080,558,4
73917,872,1080,563,4.5
73918,872,1080,564,5
73919,872,1080,573,3
73920,872,1080,575,4
73921,872,1080,580,3.5
73922,872,1080,585,4
73923,872,1080,587,4
73924,872,1080,596,4
73925,872,1080,607,4
73926,872,1080,615,5
73927,872,1080,624,5
73928,872,1080,648,3.5
73929,872,1080,654,4
73930,872,1080,655,3
73931,872,1080,664,4.5
73932,872,1080,671,4
73933,871,1079,4,5
73934,871,1079,7,4
73935,871,1079,15,4
73936,871,1079,17,2.5
73937,871,1079,19,4
73938,871,1079,21,3
73939,871,1079,28,5
73940,871,1079,30,5
73941,871,1079,57,5
73942,871,1079,77,3.5
73943,871,1079,86,4
73944,871,1079,88,4
73945,871,1079,93,4
73946,871,1079,102,5
73947,871,1079,105,3.5
73948,871,1079,119,4
73949,871,1079,130,3.5
73950,871,1079,134,5
73951,871,1079,160,3
73952,871,1079,168,4
73953,871,1079,185,4
73954,871,1079,214,4
73955,871,1079,215,3
73956,871,1079,219,3
73957,871,1079,220,4
73958,871,1079,232,5
73959,871,1079,235,5
73960,871,1079,240,4
73961,871,1079,265,5
73962,871,1079,268,5
73963,871,1079,285,4
73964,871,1079,294,3.5
73965,871,1079,303,4.5
73966,871,1079,306,4
73967,871,1079,308,1
73968,871,1079,309,5
73969,871,1079,311,3
73970,871,1079,313,4
73971,871,1079,328,3
73972,871,1079,344,5
73973,871,1079,353,2.5
73974,871,1079,355,4
73975,871,1079,358,4
73976,871,1079,372,3
73977,871,1079,373,4
73978,871,1079,383,3
73979,871,1079,393,3
73980,871,1079,396,4
73981,871,1079,405,4
73982,871,1079,420,5
73983,871,1079,423,4.5
73984,871,1079,430,4
73985,871,1079,433,4
73986,871,1079,439,3
73987,871,1079,452,3
73988,871,1079,460,4.5
73989,871,1079,463,5
73990,871,1079,466,5
73991,871,1079,468,2.5
73992,871,1079,472,5
73993,871,1079,497,5
73994,871,1079,508,5
73995,871,1079,509,4
73996,871,1079,510,4
73997,871,1079,514,4
73998,871,1079,516,5
73999,871,1079,537,3
74000,871,1079,547,2
74001,871,1079,548,5
74002,871,1079,551,3
74003,871,1079,552,3
74004,871,1079,561,3.5
74005,871,1079,564,5
74006,871,1079,575,3
74007,871,1079,577,5
74008,871,1079,580,3.5
74009,871,1079,585,4
74010,871,1079,587,5
74011,871,1079,594,4
74012,871,1079,597,4
74013,871,1079,598,4
74014,871,1079,605,4
74015,871,1079,607,4
74016,871,1079,615,4
74017,871,1079,624,5
74018,871,1079,642,4
74019,871,1079,647,5
74020,871,1079,654,4
74021,871,1079,664,2.5
74022,870,1078,23,4
74023,870,1078,30,2
74024,870,1078,38,4.5
74025,870,1078,65,5
74026,870,1078,83,4
74027,870,1078,102,4
74028,870,1078,232,3
74029,870,1078,358,4
74030,870,1078,373,4
74031,870,1078,452,4
74032,870,1078,468,3
74033,870,1078,472,4
74034,870,1078,509,3
74035,870,1078,519,4.5
74036,870,1078,529,4
74037,870,1078,547,4
74038,870,1078,564,3
74039,870,1078,585,5
74040,870,1078,605,4
74041,869,1077,12,3
74042,869,1077,17,4
74043,869,1077,19,3
74044,869,1077,23,4
74045,869,1077,41,4
74046,869,1077,65,5
74047,869,1077,83,4.5
74048,869,1077,102,4
74049,869,1077,119,5
74050,869,1077,137,3
74051,869,1077,195,4
74052,869,1077,198,4
74053,869,1077,214,4
74054,869,1077,215,5
74055,869,1077,239,4
74056,869,1077,304,4.5
74057,869,1077,306,4
74058,869,1077,358,5
74059,869,1077,368,4
74060,869,1077,373,4
74061,869,1077,401,5
74062,869,1077,406,4
74063,869,1077,434,5
74064,869,1077,452,4
74065,869,1077,468,2.5
74066,869,1077,472,3
74067,869,1077,509,4
74068,869,1077,510,3
74069,869,1077,514,4
74070,869,1077,529,4
74071,869,1077,537,3
74072,869,1077,547,4.5
74073,869,1077,564,5
74074,869,1077,575,4
74075,869,1077,580,2.5
74076,869,1077,585,5
74077,869,1077,597,5
74078,869,1077,624,4
74079,869,1077,661,4.5
74080,868,1076,468,3.5
74081,868,1076,470,4
74082,867,1073,4,5
74083,867,1073,7,3
74084,867,1073,15,3
74085,867,1073,19,4
74086,867,1073,25,5
74087,867,1073,30,3
74088,867,1073,41,4
74089,867,1073,49,5
74090,867,1073,55,3
74091,867,1073,56,4
74092,867,1073,57,4
74093,867,1073,61,2
74094,867,1073,67,4
74095,867,1073,68,3
74096,867,1073,69,4.5
74097,867,1073,70,5
74098,867,1073,77,4
74099,867,1073,86,4
74100,867,1073,87,3
74101,867,1073,88,3
74102,867,1073,89,4.5
74103,867,1073,90,3
74104,867,1073,93,3.5
74105,867,1073,100,5
74106,867,1073,102,4
74107,867,1073,111,4.5
74108,867,1073,112,5
74109,867,1073,115,5
74110,867,1073,119,3
74111,867,1073,125,4.5
74112,867,1073,134,5
74113,867,1073,137,3
74114,867,1073,150,2
74115,867,1073,164,4
74116,867,1073,165,5
74117,867,1073,168,5
74118,867,1073,173,4
74119,867,1073,178,4
74120,867,1073,180,5
74121,867,1073,182,2
74122,867,1073,185,4
74123,867,1073,187,4
74124,867,1073,195,3
74125,867,1073,211,5
74126,867,1073,212,4
74127,867,1073,213,1.5
74128,867,1073,215,3
74129,867,1073,219,4
74130,867,1073,223,4
74131,867,1073,232,3
74132,867,1073,233,3
74133,867,1073,234,4.5
74134,867,1073,235,4.5
74135,867,1073,239,3
74136,867,1073,245,5
74137,867,1073,252,3
74138,867,1073,254,4
74139,867,1073,256,3
74140,867,1073,262,3.5
74141,867,1073,268,4
74142,867,1073,284,3
74143,867,1073,285,4
74144,867,1073,291,5
74145,867,1073,292,4.5
74146,867,1073,293,0.5
74147,867,1073,294,4
74148,867,1073,303,3.5
74149,867,1073,306,4
74150,867,1073,308,2
74151,867,1073,311,0.5
74152,867,1073,312,3
74153,867,1073,326,5
74154,867,1073,328,4
74155,867,1073,329,3
74156,867,1073,342,4
74157,867,1073,343,5
74158,867,1073,345,4.5
74159,867,1073,346,4
74160,867,1073,350,2
74161,867,1073,353,2
74162,867,1073,354,5
74163,867,1073,355,3.5
74164,867,1073,358,4
74165,867,1073,361,4
74166,867,1073,368,4
74167,867,1073,373,4
74168,867,1073,378,3
74169,867,1073,380,4
74170,867,1073,382,3
74171,867,1073,383,3
74172,867,1073,388,5
74173,867,1073,398,3
74174,867,1073,413,4
74175,867,1073,420,5
74176,867,1073,423,4.5
74177,867,1073,428,5
74178,867,1073,430,4
74179,867,1073,433,4
74180,867,1073,442,4.5
74181,867,1073,457,3
74182,867,1073,459,5
74183,867,1073,460,5
74184,867,1073,461,4
74185,867,1073,463,4
74186,867,1073,468,3.5
74187,867,1073,472,5
74188,867,1073,484,4
74189,867,1073,490,1
74190,867,1073,500,2.5
74191,867,1073,502,3
74192,867,1073,506,3
74193,867,1073,507,3
74194,867,1073,509,3
74195,867,1073,514,4
74196,867,1073,518,5
74197,867,1073,527,4
74198,867,1073,529,4
74199,867,1073,530,4
74200,867,1073,531,3.5
74201,867,1073,537,5
74202,867,1073,542,3
74203,867,1073,543,3
74204,867,1073,548,3
74205,867,1073,561,4
74206,867,1073,562,4.5
74207,867,1073,564,5
74208,867,1073,575,4
74209,867,1073,577,4
74210,867,1073,580,3.5
74211,867,1073,582,3
74212,867,1073,584,3.5
74213,867,1073,587,3.5
74214,867,1073,591,1.5
74215,867,1073,592,2
74216,867,1073,595,5
74217,867,1073,603,3
74218,867,1073,607,3
74219,867,1073,616,4
74220,867,1073,621,3.5
74221,867,1073,624,4
74222,867,1073,626,5
74223,867,1073,633,4
74224,867,1073,636,5
74225,867,1073,640,3
74226,867,1073,641,4
74227,867,1073,654,3.5
74228,867,1073,659,4
74229,867,1073,665,5
74230,866,1069,468,3
74231,866,1069,547,4
74232,866,1069,597,4
74233,865,1068,547,3.5
74234,864,1067,372,4
74235,863,1066,232,5
74236,863,1066,372,4
74237,863,1066,387,5
74238,863,1066,408,5
74239,863,1066,493,3
74240,863,1066,529,3.5
74241,863,1066,537,5
74242,863,1066,539,4
74243,863,1066,575,5
74244,863,1066,585,5
74245,863,1066,597,4
74246,862,1064,128,3
74247,862,1064,150,3
74248,862,1064,213,2.5
74249,862,1064,286,3
74250,862,1064,294,3
74251,862,1064,358,4
74252,862,1064,363,2
74253,862,1064,516,3
74254,862,1064,518,4
74255,862,1064,530,2
74256,862,1064,557,2.5
74257,862,1064,564,2
74258,862,1064,646,4
74259,862,1064,652,4
74260,861,1063,119,4
74261,861,1063,407,5
74262,861,1063,564,4
74263,860,1061,1,3
74264,860,1061,19,3
74265,860,1061,23,3.5
74266,860,1061,30,3
74267,860,1061,70,5
74268,860,1061,73,4
74269,860,1061,90,4
74270,860,1061,102,2
74271,860,1061,105,4
74272,860,1061,119,4
74273,860,1061,141,3
74274,860,1061,150,3
74275,860,1061,165,2.5
74276,860,1061,212,4
74277,860,1061,233,3
74278,860,1061,252,3
74279,860,1061,292,4
74280,860,1061,306,3
74281,860,1061,318,3
74282,860,1061,325,3.5
74283,860,1061,380,4
74284,860,1061,452,3
74285,860,1061,461,4
74286,860,1061,507,2
74287,860,1061,509,4
74288,860,1061,518,5
74289,860,1061,534,4
74290,860,1061,537,5
74291,860,1061,584,4.5
74292,860,1061,608,3
74293,860,1061,641,4
74294,860,1061,647,4
74295,860,1061,665,3
74296,859,1060,15,4
74297,859,1060,19,5
74298,859,1060,33,4
74299,859,1060,56,4
74300,859,1060,73,4
74301,859,1060,83,5
74302,859,1060,154,5
74303,859,1060,187,4
74304,859,1060,219,5
74305,859,1060,239,5
74306,859,1060,275,5
74307,859,1060,306,5
74308,859,1060,309,4.5
74309,859,1060,312,4
74310,859,1060,343,5
74311,859,1060,358,5
74312,859,1060,380,4
74313,859,1060,388,5
74314,859,1060,394,2
74315,859,1060,408,4
74316,859,1060,412,3
74317,859,1060,422,4
74318,859,1060,431,4
74319,859,1060,455,2.5
74320,859,1060,457,4
74321,859,1060,460,4.5
74322,859,1060,461,4
74323,859,1060,463,4
74324,859,1060,472,5
74325,859,1060,480,3.5
74326,859,1060,502,5
74327,859,1060,509,4
74328,859,1060,520,4
74329,859,1060,545,5
74330,859,1060,547,4
74331,859,1060,564,3
74332,859,1060,580,4.5
74333,859,1060,585,3
74334,859,1060,598,5
74335,859,1060,607,4.5
74336,859,1060,654,4.5
74337,859,1060,665,4
74338,858,1059,9,5
74339,858,1059,15,1.5
74340,858,1059,23,4.5
74341,858,1059,28,5
74342,858,1059,34,5
74343,858,1059,61,3
74344,858,1059,63,4
74345,858,1059,70,5
74346,858,1059,73,3.5
74347,858,1059,74,4
74348,858,1059,78,4.5
74349,858,1059,86,3
74350,858,1059,95,5
74351,858,1059,119,2
74352,858,1059,128,5
74353,858,1059,130,4
74354,858,1059,165,4
74355,858,1059,187,3.5
74356,858,1059,212,3.5
74357,858,1059,220,4
74358,858,1059,232,4
74359,858,1059,235,3.5
74360,858,1059,245,2
74361,858,1059,275,3.5
74362,858,1059,292,5
74363,858,1059,303,3
74364,858,1059,311,2
74365,858,1059,312,4
74366,858,1059,313,3.5
74367,858,1059,318,3
74368,858,1059,346,2
74369,858,1059,358,1
74370,858,1059,384,4
74371,858,1059,408,5
74372,858,1059,431,5
74373,858,1059,461,2.5
74374,858,1059,463,4
74375,858,1059,468,3
74376,858,1059,471,2.5
74377,858,1059,480,3.5
74378,858,1059,502,4
74379,858,1059,506,4
74380,858,1059,509,3
74381,858,1059,514,3
74382,858,1059,522,2
74383,858,1059,528,3.5
74384,858,1059,545,1
74385,858,1059,547,4
74386,858,1059,560,4
74387,858,1059,561,3.5
74388,858,1059,580,3.5
74389,858,1059,582,3.5
74390,858,1059,592,3
74391,858,1059,595,5
74392,858,1059,640,4
74393,858,1059,641,5
74394,858,1059,664,2.5
74395,858,1059,665,1
74396,857,1057,102,5
74397,857,1057,105,2.5
74398,857,1057,242,2
74399,857,1057,269,3
74400,857,1057,306,3
74401,857,1057,312,5
74402,857,1057,318,4
74403,857,1057,358,4
74404,857,1057,363,5
74405,857,1057,387,4
74406,857,1057,434,4
74407,857,1057,472,3
74408,857,1057,509,4
74409,857,1057,564,4
74410,857,1057,624,3.5
74411,857,1057,641,5
74412,857,1057,642,4
74413,856,1056,220,5
74414,856,1056,414,3
74415,856,1056,467,3
74416,856,1056,558,5
74417,855,1055,177,3
74418,855,1055,311,2
74419,855,1055,564,1
74420,854,1054,452,2
74421,854,1054,605,1
74422,853,1053,564,2
74423,852,1051,408,3
74424,852,1051,461,2
74425,852,1051,502,4
74426,852,1051,509,3
74427,852,1051,537,2
74428,852,1051,547,4
74429,852,1051,564,3
74430,851,1050,348,1
74431,851,1050,431,4.5
74432,851,1050,434,5
74433,851,1050,460,4
74434,851,1050,466,4
74435,851,1050,472,3
74436,851,1050,509,3
74437,851,1050,537,5
74438,851,1050,547,2.5
74439,850,1049,73,3.5
74440,850,1049,94,3
74441,850,1049,119,3
74442,850,1049,128,4
74443,850,1049,182,5
74444,850,1049,203,3.5
74445,850,1049,233,3
74446,850,1049,247,4
74447,850,1049,284,4
74448,850,1049,311,3.5
74449,850,1049,383,4
74450,850,1049,390,4
74451,850,1049,441,2.5
74452,850,1049,442,4.5
74453,850,1049,502,3
74454,850,1049,509,3
74455,850,1049,518,3
74456,850,1049,534,5
74457,850,1049,564,3
74458,850,1049,575,4
74459,850,1049,661,3.5
74460,849,1047,15,2.5
74461,849,1047,35,1.5
74462,849,1047,44,3
74463,849,1047,90,4
74464,849,1047,91,4
74465,849,1047,105,4
74466,849,1047,111,3
74467,849,1047,150,2.5
74468,849,1047,165,3
74469,849,1047,173,4
74470,849,1047,177,4
74471,849,1047,187,3
74472,849,1047,213,3
74473,849,1047,243,2.5
74474,849,1047,284,4
74475,849,1047,311,3.5
74476,849,1047,312,5
74477,849,1047,318,4
74478,849,1047,380,4
74479,849,1047,384,3.5
74480,849,1047,390,3
74481,849,1047,434,2
74482,849,1047,461,3
74483,849,1047,463,3
74484,849,1047,471,2.5
74485,849,1047,520,2
74486,849,1047,537,2
74487,849,1047,564,5
74488,849,1047,570,3
74489,849,1047,627,3
74490,848,1046,86,4
74491,848,1046,102,4
74492,848,1046,183,5
74493,848,1046,312,5
74494,848,1046,383,3
74495,848,1046,510,2
74496,848,1046,564,4
74497,848,1046,652,4
74498,847,1044,605,3
74499,846,1043,412,3
74500,846,1043,547,1.5
74501,846,1043,564,2
74502,846,1043,665,3
74503,845,1042,19,3
74504,845,1042,30,4
74505,845,1042,119,3
74506,845,1042,130,3.5
74507,845,1042,156,4.5
74508,845,1042,182,5
74509,845,1042,198,1
74510,845,1042,207,0.5
74511,845,1042,211,5
74512,845,1042,212,4
74513,845,1042,219,2
74514,845,1042,229,3.5
74515,845,1042,239,4
74516,845,1042,242,4
74517,845,1042,275,4
74518,845,1042,285,3
74519,845,1042,292,4
74520,845,1042,294,4.5
74521,845,1042,300,3.5
74522,845,1042,306,4
74523,845,1042,311,3
74524,845,1042,343,5
74525,845,1042,358,4
74526,845,1042,380,2
74527,845,1042,382,2.5
74528,845,1042,390,4
74529,845,1042,434,3
74530,845,1042,452,3
74531,845,1042,461,4
74532,845,1042,462,2
74533,845,1042,466,3
74534,845,1042,468,3
74535,845,1042,518,3
74536,845,1042,530,4
74537,845,1042,537,4
74538,845,1042,547,2
74539,845,1042,559,4
74540,845,1042,561,3.5
74541,845,1042,575,3
74542,845,1042,585,4
74543,845,1042,596,3
74544,845,1042,598,3
74545,845,1042,607,3
74546,845,1042,613,4.5
74547,845,1042,623,5
74548,845,1042,640,4
74549,845,1042,641,3
74550,845,1042,653,5
74551,845,1042,654,4.5
74552,844,1041,15,5
74553,844,1041,19,5
74554,844,1041,23,4
74555,844,1041,86,5
74556,844,1041,134,4.5
74557,844,1041,198,4
74558,844,1041,211,5
74559,844,1041,242,4
74560,844,1041,306,4
74561,844,1041,311,1
74562,844,1041,318,3
74563,844,1041,434,4
74564,844,1041,452,4
74565,844,1041,472,4
74566,844,1041,497,2
74567,844,1041,509,3
74568,844,1041,510,2
74569,844,1041,514,5
74570,844,1041,529,4
74571,844,1041,547,3.5
74572,844,1041,555,5
74573,844,1041,564,3
74574,844,1041,585,4
74575,844,1041,587,4.5
74576,844,1041,608,4
74577,844,1041,647,4
74578,843,1040,510,4
74579,842,1037,41,3.5
74580,842,1037,95,3
74581,842,1037,103,1
74582,842,1037,119,3
74583,842,1037,148,3
74584,842,1037,177,3
74585,842,1037,185,3
74586,842,1037,197,2
74587,842,1037,220,3
74588,842,1037,232,5
74589,842,1037,263,4
74590,842,1037,285,3
74591,842,1037,308,2
74592,842,1037,363,1
74593,842,1037,380,4
74594,842,1037,461,1.5
74595,842,1037,463,3
74596,842,1037,514,3
74597,842,1037,516,3
74598,842,1037,518,3
74599,842,1037,534,3
74600,842,1037,552,3
74601,842,1037,555,2
74602,842,1037,564,4
74603,842,1037,602,3
74604,842,1037,624,4
74605,842,1037,654,0.5
74606,841,1036,4,5
74607,841,1036,7,3
74608,841,1036,10,3
74609,841,1036,15,4
74610,841,1036,17,2.5
74611,841,1036,19,4
74612,841,1036,21,4
74613,841,1036,23,3
74614,841,1036,26,3.5
74615,841,1036,30,4
74616,841,1036,34,4
74617,841,1036,36,3
74618,841,1036,42,5
74619,841,1036,56,5
74620,841,1036,57,4
74621,841,1036,66,5
74622,841,1036,72,3
74623,841,1036,73,4.5
74624,841,1036,77,3
74625,841,1036,84,4.5
74626,841,1036,86,1
74627,841,1036,91,5
74628,841,1036,97,1.5
74629,841,1036,101,3.5
74630,841,1036,102,4
74631,841,1036,104,4
74632,841,1036,105,4
74633,841,1036,111,4
74634,841,1036,118,4
74635,841,1036,119,4
74636,841,1036,120,4
74637,841,1036,124,4.5
74638,841,1036,125,4.5
74639,841,1036,130,4.5
74640,841,1036,134,3.5
74641,841,1036,150,4
74642,841,1036,152,3.5
74643,841,1036,157,3
74644,841,1036,165,2.5
74645,841,1036,168,5
74646,841,1036,178,3
74647,841,1036,195,1
74648,841,1036,199,4.5
74649,841,1036,205,2.5
74650,841,1036,206,3
74651,841,1036,212,3
74652,841,1036,213,3.5
74653,841,1036,214,4
74654,841,1036,217,5
74655,841,1036,219,4
74656,841,1036,228,4
74657,841,1036,232,5
74658,841,1036,236,3.5
74659,841,1036,240,4
74660,841,1036,242,5
74661,841,1036,244,4
74662,841,1036,247,5
74663,841,1036,251,4.5
74664,841,1036,268,5
74665,841,1036,271,4.5
74666,841,1036,277,5
74667,841,1036,282,4.5
74668,841,1036,294,3.5
74669,841,1036,295,4.5
74670,841,1036,298,5
74671,841,1036,303,3
74672,841,1036,306,4
74673,841,1036,311,4.5
74674,841,1036,314,4
74675,841,1036,316,3.5
74676,841,1036,339,4
74677,841,1036,340,3.5
74678,841,1036,344,3
74679,841,1036,346,3.5
74680,841,1036,353,4
74681,841,1036,355,4
74682,841,1036,360,4
74683,841,1036,367,4.5
74684,841,1036,380,4
74685,841,1036,381,3
74686,841,1036,388,5
74687,841,1036,390,5
74688,841,1036,396,3
74689,841,1036,405,4
74690,841,1036,408,1
74691,841,1036,417,3.5
74692,841,1036,428,4
74693,841,1036,430,4
74694,841,1036,431,4
74695,841,1036,433,4.5
74696,841,1036,434,4
74697,841,1036,442,4.5
74698,841,1036,443,5
74699,841,1036,452,4
74700,841,1036,457,4
74701,841,1036,458,3.5
74702,841,1036,460,4.5
74703,841,1036,461,4.5
74704,841,1036,463,4
74705,841,1036,466,4
74706,841,1036,468,2.5
74707,841,1036,472,3
74708,841,1036,473,5
74709,841,1036,475,5
74710,841,1036,480,5
74711,841,1036,483,4.5
74712,841,1036,496,5
74713,841,1036,505,3.5
74714,841,1036,509,2.5
74715,841,1036,514,4
74716,841,1036,516,3
74717,841,1036,518,3
74718,841,1036,519,4.5
74719,841,1036,522,3
74720,841,1036,523,4.5
74721,841,1036,525,5
74722,841,1036,527,3.5
74723,841,1036,531,0.5
74724,841,1036,547,5
74725,841,1036,548,4
74726,841,1036,550,4
74727,841,1036,551,4
74728,841,1036,552,2
74729,841,1036,553,3
74730,841,1036,555,3
74731,841,1036,559,4
74732,841,1036,560,4
74733,841,1036,562,4.5
74734,841,1036,563,4
74735,841,1036,564,4
74736,841,1036,570,5
74737,841,1036,574,4.5
74738,841,1036,575,4
74739,841,1036,576,3
74740,841,1036,577,5
74741,841,1036,580,3
74742,841,1036,584,2
74743,841,1036,588,4
74744,841,1036,592,5
74745,841,1036,596,4
74746,841,1036,602,4
74747,841,1036,607,4
74748,841,1036,608,4
74749,841,1036,615,4
74750,841,1036,624,5
74751,841,1036,626,4
74752,841,1036,627,3.5
74753,841,1036,654,4.5
74754,841,1036,664,4
74755,841,1036,665,3
74756,841,1036,671,3.5
74757,840,1035,5,5
74758,840,1035,15,2
74759,840,1035,19,4
74760,840,1035,21,4
74761,840,1035,23,2.5
74762,840,1035,30,4
74763,840,1035,43,4
74764,840,1035,57,5
74765,840,1035,61,4
74766,840,1035,67,3
74767,840,1035,68,4
74768,840,1035,69,4.5
74769,840,1035,86,4
74770,840,1035,99,3
74771,840,1035,102,5
74772,840,1035,119,5
74773,840,1035,125,2.5
74774,840,1035,128,5
74775,840,1035,130,5
74776,840,1035,168,3
74777,840,1035,176,3
74778,840,1035,185,4
74779,840,1035,195,3
74780,840,1035,212,5
74781,840,1035,213,2
74782,840,1035,220,2
74783,840,1035,229,5
74784,840,1035,235,5
74785,840,1035,240,4
74786,840,1035,243,5
74787,840,1035,245,3
74788,840,1035,292,4.5
74789,840,1035,294,4
74790,840,1035,295,4
74791,840,1035,303,4
74792,840,1035,306,4
74793,840,1035,311,4.5
74794,840,1035,330,5
74795,840,1035,351,5
74796,840,1035,358,4
74797,840,1035,363,5
74798,840,1035,365,4.5
74799,840,1035,381,5
74800,840,1035,382,5
74801,840,1035,387,5
74802,840,1035,396,5
74803,840,1035,402,4
74804,840,1035,417,3.5
74805,840,1035,420,5
74806,840,1035,434,4
74807,840,1035,442,4.5
74808,840,1035,461,5
74809,840,1035,468,3.5
74810,840,1035,472,4
74811,840,1035,498,2.5
74812,840,1035,500,3
74813,840,1035,505,3.5
74814,840,1035,514,4
74815,840,1035,518,5
74816,840,1035,529,2
74817,840,1035,531,3.5
74818,840,1035,537,5
74819,840,1035,547,5
74820,840,1035,548,3
74821,840,1035,551,3
74822,840,1035,561,2.5
74823,840,1035,564,3
74824,840,1035,569,5
74825,840,1035,575,2
74826,840,1035,580,3
74827,840,1035,582,2.5
74828,840,1035,585,4
74829,840,1035,587,5
74830,840,1035,595,5
74831,840,1035,598,3
74832,840,1035,602,5
74833,840,1035,603,5
74834,840,1035,607,0.5
74835,840,1035,624,4
74836,840,1035,671,5
74837,839,1034,24,3
74838,839,1034,119,3
74839,839,1034,171,5
74840,839,1034,388,2
74841,839,1034,408,4
74842,839,1034,434,4
74843,839,1034,558,4
74844,839,1034,564,5
74845,839,1034,580,4.5
74846,839,1034,647,5
74847,838,1033,4,5
74848,838,1033,73,3.5
74849,838,1033,185,3
74850,838,1033,188,3
74851,838,1033,213,1.5
74852,838,1033,289,4.5
74853,838,1033,294,3
74854,838,1033,509,4.5
74855,838,1033,514,4
74856,838,1033,518,4
74857,838,1033,530,4
74858,838,1033,551,4
74859,838,1033,560,3.5
74860,838,1033,564,4
74861,838,1033,580,3.5
74862,838,1033,592,2
74863,838,1033,595,3
74864,838,1033,602,4
74865,838,1033,603,3
74866,838,1033,605,3
74867,838,1033,665,4
74868,837,1032,4,5
74869,837,1032,12,2
74870,837,1032,21,3
74871,837,1032,73,3
74872,837,1032,99,3
74873,837,1032,128,5
74874,837,1032,165,3
74875,837,1032,185,3
74876,837,1032,187,3.5
74877,837,1032,212,3
74878,837,1032,213,1.5
74879,837,1032,216,4.5
74880,837,1032,222,3
74881,837,1032,232,5
74882,837,1032,285,4
74883,837,1032,291,5
74884,837,1032,292,3.5
74885,837,1032,294,3
74886,837,1032,306,4
74887,837,1032,311,2
74888,837,1032,328,3
74889,837,1032,330,3
74890,837,1032,363,4
74891,837,1032,418,2
74892,837,1032,420,4
74893,837,1032,471,4
74894,837,1032,477,0.5
74895,837,1032,481,4.5
74896,837,1032,505,3
74897,837,1032,514,3
74898,837,1032,518,4
74899,837,1032,530,4
74900,837,1032,537,5
74901,837,1032,547,3.5
74902,837,1032,551,3
74903,837,1032,564,4
74904,837,1032,575,4
74905,837,1032,580,4
74906,837,1032,592,2
74907,837,1032,595,4
74908,837,1032,598,5
74909,837,1032,602,3
74910,837,1032,603,5
74911,837,1032,605,5
74912,837,1032,621,4.5
74913,837,1032,624,4
74914,837,1032,641,4
74915,837,1032,656,5
74916,837,1032,665,4
74917,836,1031,4,5
74918,836,1031,21,3
74919,836,1031,128,5
74920,836,1031,285,4
74921,836,1031,294,3
74922,836,1031,306,3
74923,836,1031,311,2
74924,836,1031,358,3
74925,836,1031,363,3
74926,836,1031,420,4
74927,836,1031,514,3
74928,836,1031,551,3
74929,836,1031,561,2
74930,836,1031,564,5
74931,836,1031,575,3
74932,836,1031,582,4
74933,836,1031,595,3
74934,836,1031,602,4
74935,836,1031,603,3
74936,836,1031,605,3
74937,836,1031,624,5
74938,836,1031,665,4
74939,835,1030,4,5
74940,835,1030,128,5
74941,835,1030,188,3
74942,835,1030,235,4
74943,835,1030,294,2
74944,835,1030,358,3
74945,835,1030,460,4.5
74946,835,1030,509,3
74947,835,1030,514,3
74948,835,1030,518,3
74949,835,1030,529,2
74950,835,1030,547,0.5
74951,835,1030,557,1
74952,835,1030,564,4
74953,835,1030,582,4
74954,835,1030,603,3
74955,835,1030,624,4
74956,835,1030,665,4
74957,834,1029,1,3
74958,834,1029,19,5
74959,834,1029,35,1.5
74960,834,1029,61,2.5
74961,834,1029,73,3
74962,834,1029,99,3
74963,834,1029,102,5
74964,834,1029,128,4
74965,834,1029,175,4
74966,834,1029,185,3
74967,834,1029,188,5
74968,834,1029,213,1.5
74969,834,1029,214,3
74970,834,1029,268,4
74971,834,1029,294,3
74972,834,1029,303,3.5
74973,834,1029,311,3
74974,834,1029,363,4
74975,834,1029,387,5
74976,834,1029,420,3
74977,834,1029,442,4
74978,834,1029,452,4
74979,834,1029,466,5
74980,834,1029,468,3.5
74981,834,1029,471,3.5
74982,834,1029,472,4
74983,834,1029,514,3
74984,834,1029,518,4
74985,834,1029,529,3
74986,834,1029,530,4
74987,834,1029,547,5
74988,834,1029,551,4
74989,834,1029,564,5
74990,834,1029,575,4
74991,834,1029,577,4.5
74992,834,1029,582,4
74993,834,1029,602,3
74994,834,1029,603,4
74995,834,1029,605,4
74996,834,1029,607,3
74997,834,1029,646,4
74998,834,1029,665,4
74999,833,1028,4,5
75000,833,1028,12,1
75001,833,1028,19,3
75002,833,1028,21,3
75003,833,1028,30,4
75004,833,1028,57,4
75005,833,1028,61,3.5
75006,833,1028,69,3
75007,833,1028,88,3
75008,833,1028,99,5
75009,833,1028,102,5
75010,833,1028,119,3
75011,833,1028,128,5
75012,833,1028,130,4
75013,833,1028,133,3
75014,833,1028,148,5
75015,833,1028,168,5
75016,833,1028,176,4
75017,833,1028,177,4
75018,833,1028,178,3
75019,833,1028,185,3
75020,833,1028,187,4.5
75021,833,1028,188,4
75022,833,1028,189,1
75023,833,1028,212,3
75024,833,1028,213,3
75025,833,1028,214,5
75026,833,1028,215,4
75027,833,1028,235,5
75028,833,1028,243,4
75029,833,1028,247,3
75030,833,1028,292,4.5
75031,833,1028,294,3.5
75032,833,1028,303,4.5
75033,833,1028,306,4
75034,833,1028,311,4
75035,833,1028,330,1
75036,833,1028,358,4
75037,833,1028,363,5
75038,833,1028,382,4
75039,833,1028,387,3
75040,833,1028,396,4
75041,833,1028,402,4.5
75042,833,1028,420,5
75043,833,1028,468,3.5
75044,833,1028,470,3.5
75045,833,1028,471,3.5
75046,833,1028,472,5
75047,833,1028,480,0.5
75048,833,1028,505,3.5
75049,833,1028,508,4
75050,833,1028,514,4
75051,833,1028,518,5
75052,833,1028,523,4
75053,833,1028,529,4
75054,833,1028,531,5
75055,833,1028,537,3
75056,833,1028,547,5
75057,833,1028,551,3
75058,833,1028,552,3
75059,833,1028,559,4
75060,833,1028,561,3.5
75061,833,1028,564,4
75062,833,1028,575,2
75063,833,1028,578,4
75064,833,1028,580,3.5
75065,833,1028,582,4
75066,833,1028,585,5
75067,833,1028,595,5
75068,833,1028,598,4
75069,833,1028,599,3.5
75070,833,1028,603,3
75071,833,1028,620,4
75072,833,1028,624,5
75073,833,1028,641,4
75074,833,1028,646,5
75075,833,1028,654,4.5
75076,833,1028,665,4
75077,832,1027,11,4.5
75078,832,1027,13,3
75079,832,1027,30,3
75080,832,1027,54,4
75081,832,1027,67,4
75082,832,1027,73,3.5
75083,832,1027,105,3
75084,832,1027,119,2
75085,832,1027,129,3
75086,832,1027,150,4
75087,832,1027,165,3
75088,832,1027,187,4
75089,832,1027,212,4
75090,832,1027,213,4
75091,832,1027,220,3
75092,832,1027,294,4
75093,832,1027,306,3
75094,832,1027,311,2.5
75095,832,1027,344,5
75096,832,1027,384,3.5
75097,832,1027,388,4
75098,832,1027,393,1.5
75099,832,1027,396,3
75100,832,1027,412,3
75101,832,1027,420,3
75102,832,1027,452,3
75103,832,1027,461,1.5
75104,832,1027,468,2
75105,832,1027,473,2
75106,832,1027,477,0.5
75107,832,1027,480,4.5
75108,832,1027,510,1
75109,832,1027,514,3
75110,832,1027,537,2
75111,832,1027,551,3
75112,832,1027,570,4
75113,832,1027,575,3
75114,832,1027,580,2.5
75115,832,1027,603,5
75116,832,1027,607,4
75117,832,1027,624,3
75118,832,1027,654,4
75119,832,1027,661,1
75120,832,1027,664,3.5
75121,831,1026,311,2.5
75122,830,1025,30,4
75123,830,1025,73,3.5
75124,830,1025,99,2
75125,830,1025,185,3
75126,830,1025,188,3
75127,830,1025,212,3
75128,830,1025,213,2
75129,830,1025,253,3
75130,830,1025,285,5
75131,830,1025,294,3
75132,830,1025,363,3
75133,830,1025,374,3
75134,830,1025,388,5
75135,830,1025,420,5
75136,830,1025,468,3
75137,830,1025,500,3.5
75138,830,1025,514,3
75139,830,1025,518,4
75140,830,1025,530,4
75141,830,1025,551,4
75142,830,1025,564,4
75143,830,1025,580,3.5
75144,830,1025,602,3
75145,830,1025,603,5
75146,830,1025,646,5
75147,830,1025,665,4
75148,829,1024,188,3
75149,829,1024,294,3
75150,829,1024,363,3
75151,829,1024,564,4
75152,828,1023,19,4
75153,828,1023,130,4
75154,828,1023,188,3
75155,828,1023,294,3.5
75156,828,1023,358,5
75157,828,1023,363,4
75158,828,1023,420,5
75159,828,1023,434,4
75160,828,1023,466,5
75161,828,1023,471,4
75162,828,1023,537,5
75163,828,1023,547,3
75164,828,1023,564,4
75165,828,1023,595,5
75166,828,1023,602,4
75167,828,1023,624,3
75168,828,1023,665,4
75169,827,1022,4,5
75170,827,1022,5,4
75171,827,1022,19,4
75172,827,1022,21,3
75173,827,1022,61,3
75174,827,1022,73,3.5
75175,827,1022,95,4
75176,827,1022,99,3
75177,827,1022,111,4
75178,827,1022,128,4
75179,827,1022,130,4
75180,827,1022,148,4.5
75181,827,1022,165,3
75182,827,1022,175,4
75183,827,1022,176,2
75184,827,1022,185,3
75185,827,1022,187,4
75186,827,1022,188,4
75187,827,1022,212,3
75188,827,1022,213,2
75189,827,1022,222,3
75190,827,1022,232,4
75191,827,1022,268,4.5
75192,827,1022,287,4.5
75193,827,1022,293,1.5
75194,827,1022,294,5
75195,827,1022,303,3
75196,827,1022,306,4
75197,827,1022,311,3
75198,827,1022,325,1.5
75199,827,1022,328,4
75200,827,1022,358,4
75201,827,1022,363,4
75202,827,1022,382,3
75203,827,1022,396,3
75204,827,1022,442,4
75205,827,1022,466,4
75206,827,1022,468,3
75207,827,1022,471,4
75208,827,1022,514,4
75209,827,1022,518,5
75210,827,1022,537,3
75211,827,1022,547,3
75212,827,1022,551,3
75213,827,1022,561,1
75214,827,1022,564,4
75215,827,1022,575,4
75216,827,1022,580,3.5
75217,827,1022,582,3.5
75218,827,1022,595,4
75219,827,1022,603,4
75220,827,1022,605,4
75221,827,1022,624,4
75222,827,1022,646,4
75223,827,1022,665,4
75224,826,1021,58,4
75225,826,1021,168,3
75226,826,1021,169,3
75227,826,1021,239,3
75228,826,1021,365,5
75229,826,1021,382,3
75230,826,1021,468,2.5
75231,826,1021,518,3
75232,826,1021,557,2
75233,826,1021,564,1
75234,826,1021,603,3
75235,826,1021,605,5
75236,826,1021,624,2
75237,826,1021,646,5
75238,825,1020,15,2
75239,825,1020,69,4.5
75240,825,1020,73,3
75241,825,1020,105,3
75242,825,1020,150,3
75243,825,1020,200,4.5
75244,825,1020,213,1.5
75245,825,1020,219,5
75246,825,1020,232,5
75247,825,1020,247,3
75248,825,1020,294,4
75249,825,1020,306,3
75250,825,1020,311,2
75251,825,1020,355,3
75252,825,1020,382,4
75253,825,1020,396,3
75254,825,1020,416,3
75255,825,1020,457,2
75256,825,1020,468,3
75257,825,1020,509,2
75258,825,1020,518,4
75259,825,1020,524,5
75260,825,1020,561,3.5
75261,825,1020,564,3
75262,825,1020,605,4
75263,825,1020,624,4
75264,825,1020,641,4
75265,825,1020,661,2.5
75266,825,1020,665,3
75267,824,1019,19,4
75268,824,1019,20,3
75269,824,1019,21,3
75270,824,1019,58,4
75271,824,1019,89,3
75272,824,1019,99,2
75273,824,1019,102,4
75274,824,1019,118,4
75275,824,1019,152,3.5
75276,824,1019,188,3
75277,824,1019,195,4
75278,824,1019,197,3
75279,824,1019,202,4
75280,824,1019,222,4
75281,824,1019,232,5
75282,824,1019,286,3
75283,824,1019,294,3
75284,824,1019,306,4
75285,824,1019,311,3
75286,824,1019,336,3
75287,824,1019,387,4
75288,824,1019,405,4.5
75289,824,1019,439,2
75290,824,1019,468,2.5
75291,824,1019,472,5
75292,824,1019,514,3
75293,824,1019,525,3
75294,824,1019,551,5
75295,824,1019,558,5
75296,824,1019,564,4
75297,824,1019,597,4
75298,824,1019,624,3
75299,824,1019,638,4.5
75300,824,1019,646,5
75301,824,1019,656,4
75302,824,1019,661,4.5
75303,824,1019,665,3
75304,823,1018,30,3
75305,823,1018,285,3
75306,823,1018,287,4.5
75307,823,1018,294,4
75308,823,1018,311,2
75309,823,1018,547,2.5
75310,823,1018,551,3
75311,823,1018,564,4
75312,823,1018,597,3
75313,823,1018,646,5
75314,822,1017,30,2
75315,822,1017,49,3
75316,822,1017,99,1
75317,822,1017,137,4
75318,822,1017,188,3
75319,822,1017,232,3
75320,822,1017,286,3
75321,822,1017,294,4
75322,822,1017,350,4
75323,822,1017,420,3
75324,822,1017,518,4
75325,822,1017,547,3.5
75326,822,1017,551,3
75327,822,1017,564,4
75328,822,1017,592,4
75329,822,1017,603,4
75330,822,1017,624,3
75331,821,1016,4,4
75332,821,1016,99,2
75333,821,1016,239,3
75334,821,1016,311,2
75335,821,1016,358,3
75336,821,1016,518,2
75337,821,1016,551,4
75338,821,1016,564,4
75339,821,1016,603,3
75340,821,1016,646,4
75341,820,1015,63,1.5
75342,820,1015,73,3.5
75343,820,1015,128,5
75344,820,1015,187,3.5
75345,820,1015,213,2.5
75346,820,1015,287,4
75347,820,1015,294,3.5
75348,820,1015,304,1.5
75349,820,1015,306,4
75350,820,1015,311,3
75351,820,1015,359,2
75352,820,1015,396,4
75353,820,1015,408,2
75354,820,1015,514,3
75355,820,1015,531,2
75356,820,1015,534,4
75357,820,1015,547,1.5
75358,820,1015,551,5
75359,820,1015,564,3
75360,820,1015,605,4
75361,820,1015,632,4.5
75362,820,1015,653,4
75363,820,1015,665,4
75364,819,1014,99,2
75365,819,1014,232,4
75366,819,1014,294,3.5
75367,819,1014,311,2
75368,819,1014,518,5
75369,819,1014,547,3.5
75370,819,1014,564,3
75371,819,1014,575,2
75372,819,1014,603,3
75373,819,1014,646,5
75374,818,1013,19,3
75375,818,1013,30,4
75376,818,1013,111,4.5
75377,818,1013,188,3
75378,818,1013,212,3
75379,818,1013,232,4
75380,818,1013,311,2
75381,818,1013,500,4
75382,818,1013,514,3
75383,818,1013,518,5
75384,818,1013,529,3
75385,818,1013,531,4
75386,818,1013,537,3
75387,818,1013,547,3.5
75388,818,1013,551,2
75389,818,1013,564,3
75390,818,1013,579,2
75391,818,1013,595,4
75392,818,1013,603,3
75393,818,1013,614,4
75394,818,1013,665,4
75395,817,1012,21,3
75396,817,1012,30,3
75397,817,1012,99,4
75398,817,1012,102,5
75399,817,1012,188,4
75400,817,1012,195,3
75401,817,1012,212,2
75402,817,1012,311,2
75403,817,1012,388,3
75404,817,1012,416,5
75405,817,1012,452,4
75406,817,1012,514,4
75407,817,1012,518,4
75408,817,1012,529,3
75409,817,1012,547,3.5
75410,817,1012,551,4
75411,817,1012,564,5
75412,817,1012,603,4
75413,817,1012,665,3
75414,816,1011,4,4
75415,816,1011,139,3.5
75416,816,1011,287,4
75417,816,1011,398,4
75418,816,1011,514,3
75419,816,1011,551,3
75420,816,1011,564,4
75421,816,1011,603,3
75422,816,1011,624,4
75423,815,1010,30,3
75424,815,1010,61,3
75425,815,1010,102,4
75426,815,1010,232,1
75427,815,1010,239,3
75428,815,1010,287,4
75429,815,1010,306,3
75430,815,1010,311,2
75431,815,1010,358,3
75432,815,1010,393,1.5
75433,815,1010,460,4
75434,815,1010,518,2
75435,815,1010,551,3
75436,815,1010,564,4
75437,815,1010,603,3
75438,815,1010,624,4
75439,815,1010,646,4
75440,814,1009,57,4
75441,814,1009,102,3
75442,814,1009,119,3
75443,814,1009,137,4
75444,814,1009,185,4
75445,814,1009,188,3
75446,814,1009,197,5
75447,814,1009,234,2.5
75448,814,1009,306,3
75449,814,1009,311,2
75450,814,1009,346,3
75451,814,1009,518,3
75452,814,1009,551,3
75453,814,1009,564,3
75454,814,1009,575,3
75455,814,1009,602,4
75456,814,1009,605,3
75457,814,1009,624,3
75458,813,1008,245,4
75459,813,1008,311,3
75460,813,1008,405,3.5
75461,813,1008,551,4
75462,813,1008,603,3
75463,812,1007,57,3
75464,812,1007,58,2
75465,812,1007,239,4
75466,812,1007,286,3
75467,812,1007,311,2
75468,812,1007,358,3
75469,812,1007,509,2
75470,812,1007,514,3
75471,812,1007,551,3
75472,812,1007,564,4
75473,812,1007,575,1
75474,811,1006,30,4
75475,811,1006,187,3.5
75476,811,1006,233,3
75477,811,1006,284,3
75478,811,1006,311,1.5
75479,811,1006,343,3
75480,810,1005,150,0.5
75481,810,1005,187,5
75482,810,1005,247,1
75483,810,1005,259,4
75484,810,1005,367,3
75485,810,1005,518,3
75486,810,1005,564,1
75487,809,1004,311,1.5
75488,809,1004,318,4
75489,809,1004,564,2
75490,808,1003,173,3
75491,808,1003,177,3
75492,808,1003,306,3
75493,808,1003,434,2
75494,808,1003,564,4
75495,807,999,58,2
75496,807,999,95,4
75497,807,999,150,4
75498,807,999,173,3
75499,807,999,211,4
75500,807,999,224,4
75501,807,999,306,3
75502,807,999,380,4
75503,807,999,422,5
75504,807,999,434,3
75505,807,999,461,1.5
75506,807,999,502,3
75507,807,999,509,3
75508,807,999,547,2
75509,807,999,558,4
75510,807,999,647,4
75511,806,998,518,4
75512,806,998,564,3
75513,806,998,652,4
75514,805,997,509,3
75515,805,997,551,3
75516,805,997,564,2
75517,804,996,30,3
75518,804,996,105,3
75519,804,996,119,3
75520,804,996,318,3
75521,804,996,362,2
75522,804,996,384,3.5
75523,804,996,534,4
75524,804,996,607,4.5
75525,803,994,15,4
75526,803,994,102,4
75527,803,994,242,5
75528,803,994,306,4
75529,803,994,330,4
75530,803,994,343,5
75531,803,994,356,3.5
75532,803,994,373,5
75533,803,994,434,5
75534,803,994,451,5
75535,803,994,452,3
75536,803,994,460,3.5
75537,803,994,461,3
75538,803,994,505,3.5
75539,803,994,509,5
75540,803,994,529,5
75541,803,994,537,5
75542,803,994,547,5
75543,803,994,565,2
75544,803,994,575,5
75545,803,994,608,4
75546,803,994,614,5
75547,802,992,311,2
75548,802,992,534,3
75549,801,991,212,3
75550,801,991,220,4
75551,801,991,233,3
75552,801,991,318,3
75553,801,991,388,4
75554,801,991,390,2
75555,801,991,434,4
75556,801,991,509,4
75557,801,991,530,3
75558,801,991,559,5
75559,801,991,564,3
75560,801,991,575,4
75561,800,990,384,2.5
75562,799,988,382,2.5
75563,799,988,547,3
75564,799,988,564,5
75565,799,988,652,4.5
75566,798,987,509,3
75567,797,986,41,3.5
75568,797,986,90,4
75569,797,986,137,2
75570,797,986,182,5
75571,797,986,212,3
75572,797,986,213,2
75573,797,986,326,3
75574,797,986,434,4
75575,797,986,452,3
75576,797,986,518,4
75577,797,986,559,5
75578,797,986,605,4
75579,797,986,641,3
75580,797,986,653,4
75581,796,984,232,5
75582,796,984,652,4
75583,795,982,19,4
75584,795,982,102,4
75585,795,982,311,3
75586,795,982,348,1
75587,794,981,344,1
75588,793,980,564,1
75589,792,976,49,4
75590,792,976,311,2
75591,791,973,102,5
75592,791,973,195,4
75593,791,973,232,4
75594,791,973,311,3
75595,791,973,387,5
75596,791,973,537,4
75597,791,973,585,5
75598,790,972,311,2.5
75599,789,971,23,3.5
75600,789,971,30,4
75601,789,971,102,4
75602,789,971,119,4
75603,789,971,195,3
75604,789,971,212,4
75605,789,971,232,2
75606,789,971,278,4
75607,789,971,311,3
75608,789,971,342,5
75609,789,971,434,4
75610,789,971,439,3
75611,789,971,509,4
75612,789,971,537,5
75613,789,971,547,5
75614,789,971,564,3
75615,789,971,575,4
75616,788,970,232,5
75617,788,970,387,3
75618,788,970,468,3
75619,788,970,547,3
75620,788,970,587,3.5
75621,787,969,19,5
75622,787,969,21,5
75623,787,969,23,3.5
75624,787,969,30,4
75625,787,969,34,4
75626,787,969,49,5
75627,787,969,58,5
75628,787,969,96,5
75629,787,969,99,5
75630,787,969,102,4
75631,787,969,119,5
75632,787,969,195,4
75633,787,969,202,5
75634,787,969,211,5
75635,787,969,215,5
75636,787,969,232,5
75637,787,969,236,4
75638,787,969,242,5
75639,787,969,263,4
75640,787,969,265,5
75641,787,969,268,4.5
75642,787,969,281,4.5
75643,787,969,294,3.5
75644,787,969,310,1.5
75645,787,969,311,3
75646,787,969,326,5
75647,787,969,335,4
75648,787,969,358,4
75649,787,969,367,5
75650,787,969,372,4
75651,787,969,387,5
75652,787,969,405,4
75653,787,969,414,5
75654,787,969,452,5
75655,787,969,470,4.5
75656,787,969,472,5
75657,787,969,505,3
75658,787,969,509,2
75659,787,969,533,5
75660,787,969,537,5
75661,787,969,547,5
75662,787,969,558,5
75663,787,969,569,5
75664,787,969,575,5
75665,787,969,580,3.5
75666,787,969,587,3.5
75667,787,969,597,5
75668,787,969,605,5
75669,787,969,642,4
75670,787,969,656,5
75671,786,968,19,5
75672,786,968,53,4
75673,786,968,73,4
75674,786,968,95,5
75675,786,968,99,4
75676,786,968,102,5
75677,786,968,119,3
75678,786,968,123,3
75679,786,968,165,5
75680,786,968,189,3
75681,786,968,262,4
75682,786,968,285,5
75683,786,968,299,4
75684,786,968,355,4.5
75685,786,968,380,4
75686,786,968,423,4
75687,786,968,430,3.5
75688,786,968,439,4
75689,786,968,468,4
75690,786,968,472,5
75691,786,968,529,4
75692,786,968,547,4
75693,786,968,564,5
75694,786,968,580,3
75695,786,968,597,4
75696,786,968,626,4
75697,786,968,669,4
75698,785,966,19,4
75699,784,965,17,3.5
75700,784,965,19,4
75701,784,965,23,3.5
75702,784,965,58,5
75703,784,965,102,4
75704,784,965,118,3
75705,784,965,155,4
75706,784,965,240,4
75707,784,965,468,4.5
75708,784,965,470,3
75709,784,965,505,3
75710,784,965,514,4
75711,784,965,585,5
75712,784,965,587,4
75713,784,965,605,3
75714,784,965,614,4
75715,783,964,311,2
75716,783,964,575,3
75717,782,963,468,3
75718,782,963,575,3
75719,781,962,311,2
75720,781,962,387,4
75721,780,961,232,5
75722,779,960,195,3
75723,779,960,311,2
75724,778,957,193,4
75725,777,956,222,4
75726,777,956,311,1.5
75727,777,956,537,4
75728,776,955,19,4
75729,776,955,23,3.5
75730,776,955,75,4
75731,776,955,102,4
75732,776,955,232,4
75733,776,955,236,5
75734,776,955,240,4
75735,776,955,268,1.5
75736,776,955,287,5
75737,776,955,294,4.5
75738,776,955,311,2.5
75739,776,955,372,4
75740,776,955,405,4
75741,776,955,431,4
75742,776,955,439,4
75743,776,955,468,4
75744,776,955,472,5
75745,776,955,481,4
75746,776,955,505,3
75747,776,955,514,4
75748,776,955,529,5
75749,776,955,537,5
75750,776,955,547,5
75751,776,955,564,5
75752,776,955,585,5
75753,776,955,587,4
75754,776,955,605,4
75755,776,955,608,5
75756,776,955,614,5
75757,776,955,646,1
75758,775,954,19,4
75759,775,954,21,4
75760,775,954,23,5
75761,775,954,30,4
75762,775,954,76,4
75763,775,954,102,4
75764,775,954,118,4
75765,775,954,119,4
75766,775,954,164,5
75767,775,954,195,4
75768,775,954,232,5
75769,775,954,236,4
75770,775,954,240,3
75771,775,954,254,4
75772,775,954,268,5
75773,775,954,311,2.5
75774,775,954,336,3
75775,775,954,342,5
75776,775,954,358,5
75777,775,954,387,5
75778,775,954,460,4
75779,775,954,466,5
75780,775,954,468,4
75781,775,954,505,4
75782,775,954,537,4
75783,775,954,547,4.5
75784,775,954,575,4
75785,775,954,585,4
75786,775,954,587,4
75787,775,954,621,5
75788,775,954,642,5
75789,774,953,15,3
75790,774,953,19,5
75791,774,953,21,5
75792,774,953,23,4.5
75793,774,953,28,2
75794,774,953,30,4
75795,774,953,56,4
75796,774,953,61,3.5
75797,774,953,68,4
75798,774,953,75,4
75799,774,953,99,5
75800,774,953,102,5
75801,774,953,119,4
75802,774,953,125,5
75803,774,953,130,5
75804,774,953,136,4
75805,774,953,187,3
75806,774,953,195,4
75807,774,953,212,4.5
75808,774,953,213,2.5
75809,774,953,215,4
75810,774,953,222,3
75811,774,953,229,4.5
75812,774,953,232,4
75813,774,953,234,4
75814,774,953,242,5
75815,774,953,253,3.5
75816,774,953,254,3
75817,774,953,255,4
75818,774,953,265,3
75819,774,953,268,5
75820,774,953,303,4
75821,774,953,306,5
75822,774,953,311,3
75823,774,953,315,4
75824,774,953,333,4
75825,774,953,336,5
75826,774,953,342,5
75827,774,953,358,5
75828,774,953,370,4.5
75829,774,953,382,4
75830,774,953,387,5
75831,774,953,388,4
75832,774,953,414,3
75833,774,953,420,3
75834,774,953,423,4
75835,774,953,431,5
75836,774,953,434,3
75837,774,953,452,4
75838,774,953,461,4.5
75839,774,953,466,5
75840,774,953,468,3.5
75841,774,953,472,5
75842,774,953,499,4
75843,774,953,503,3.5
75844,774,953,505,4
75845,774,953,514,4
75846,774,953,518,5
75847,774,953,529,3
75848,774,953,533,5
75849,774,953,537,4
75850,774,953,547,5
75851,774,953,559,5
75852,774,953,564,5
75853,774,953,575,5
75854,774,953,577,5
75855,774,953,580,3.5
75856,774,953,587,4
75857,774,953,591,4.5
75858,774,953,596,4
75859,774,953,605,5
75860,774,953,631,4
75861,773,952,21,3
75862,773,952,23,3.5
75863,773,952,49,3
75864,773,952,58,2
75865,773,952,137,4
75866,773,952,195,2
75867,773,952,232,3
75868,773,952,265,4
75869,773,952,311,2
75870,773,952,358,4
75871,773,952,387,3
75872,773,952,405,5
75873,773,952,468,2.5
75874,773,952,529,2
75875,773,952,547,4
75876,773,952,575,3
75877,773,952,582,3
75878,773,952,605,4
75879,773,952,624,4.5
75880,773,952,646,4
75881,773,952,656,5
75882,772,951,19,5
75883,772,951,56,4
75884,772,951,96,5
75885,772,951,99,4
75886,772,951,178,2.5
75887,772,951,195,3
75888,772,951,232,4
75889,772,951,236,4.5
75890,772,951,240,4.5
75891,772,951,311,2
75892,772,951,351,4
75893,772,951,358,5
75894,772,951,387,5
75895,772,951,405,4.5
75896,772,951,468,4
75897,772,951,472,5
75898,772,951,474,4
75899,772,951,529,5
75900,772,951,537,4
75901,772,951,547,3
75902,772,951,585,5
75903,772,951,587,3.5
75904,772,951,597,5
75905,772,951,605,4
75906,772,951,608,5
75907,772,951,614,5
75908,771,950,19,4
75909,771,950,30,4
75910,771,950,102,5
75911,771,950,134,2.5
75912,771,950,148,3.5
75913,771,950,240,4
75914,771,950,311,2.5
75915,771,950,351,5
75916,771,950,387,5
75917,771,950,452,2.5
75918,771,950,460,5
75919,771,950,468,4
75920,771,950,547,4.5
75921,771,950,585,5
75922,771,950,597,5
75923,771,950,614,5
75924,771,950,642,5
75925,770,949,23,3.5
75926,770,949,102,4
75927,770,949,232,2
75928,770,949,242,5
75929,770,949,263,3
75930,770,949,311,3
75931,770,949,363,4
75932,770,949,387,5
75933,770,949,452,4.5
75934,770,949,505,3.5
75935,770,949,509,2
75936,770,949,537,3
75937,770,949,547,4
75938,770,949,558,4
75939,770,949,564,3
75940,770,949,647,4
75941,769,948,21,3
75942,769,948,23,3.5
75943,769,948,102,5
75944,769,948,232,2
75945,769,948,311,3.5
75946,769,948,342,4
75947,769,948,363,4
75948,769,948,387,4
75949,769,948,537,4
75950,769,948,547,3.5
75951,769,948,575,3
75952,768,947,30,4
75953,768,947,240,4
75954,768,947,311,2
75955,768,947,405,4
75956,768,947,468,4.5
75957,768,947,505,3
75958,768,947,547,3
75959,768,947,575,3
75960,768,947,585,5
75961,768,947,587,4
75962,768,947,614,4
75963,767,946,222,4
75964,767,946,232,3
75965,767,946,236,5
75966,767,946,358,4
75967,767,946,387,5
75968,767,946,452,3
75969,767,946,468,4
75970,767,946,585,5
75971,767,946,587,5
75972,767,946,597,5
75973,766,945,21,3
75974,766,945,102,4
75975,766,945,195,3
75976,766,945,232,4
75977,766,945,236,4
75978,766,945,278,4
75979,766,945,294,4
75980,766,945,311,2
75981,766,945,358,4
75982,766,945,372,4
75983,766,945,387,5
75984,766,945,420,4
75985,766,945,493,3
75986,766,945,505,4
75987,766,945,510,4
75988,766,945,537,5
75989,766,945,547,4
75990,766,945,575,5
75991,766,945,585,5
75992,766,945,597,5
75993,766,945,614,4
75994,765,944,195,3
75995,765,944,232,4
75996,765,944,311,2
75997,764,943,119,4
75998,764,943,195,3
75999,764,943,222,5
76000,764,943,232,5
76001,764,943,236,4.5
76002,764,943,311,3
76003,764,943,452,3.5
76004,764,943,537,4
76005,764,943,569,5
76006,764,943,575,3
76007,764,943,597,4
76008,764,943,605,4
76009,763,942,17,3.5
76010,763,942,23,4
76011,763,942,56,2
76012,763,942,195,5
76013,763,942,236,4.5
76014,763,942,265,4
76015,763,942,268,3.5
76016,763,942,311,2
76017,763,942,321,3
76018,763,942,322,4
76019,763,942,358,4
76020,763,942,376,3
76021,763,942,387,5
76022,763,942,468,3
76023,763,942,472,4.5
76024,763,942,505,3.5
76025,763,942,537,4
76026,763,942,547,4.5
76027,763,942,564,4
76028,763,942,569,4
76029,763,942,575,4
76030,763,942,587,4
76031,763,942,597,4
76032,763,942,605,5
76033,763,942,614,5
76034,763,942,642,4
76035,762,941,291,4.5
76036,762,941,542,3
76037,762,941,575,4
76038,762,941,624,4
76039,761,940,19,4
76040,761,940,34,5
76041,761,940,37,3
76042,761,940,58,2
76043,761,940,73,4.5
76044,761,940,212,3
76045,761,940,222,5
76046,761,940,232,5
76047,761,940,387,4
76048,761,940,466,5
76049,761,940,510,1
76050,761,940,537,4
76051,761,940,557,3
76052,761,940,575,5
76053,761,940,580,3
76054,761,940,585,5
76055,761,940,605,5
76056,761,940,656,5
76057,760,939,387,4
76058,759,938,222,5
76059,759,938,294,3
76060,759,938,306,3
76061,759,938,311,3
76062,759,938,328,2.5
76063,759,938,387,4
76064,759,938,472,4
76065,759,938,537,5
76066,759,938,547,4.5
76067,759,938,575,3
76068,759,938,605,5
76069,758,937,311,3
76070,758,937,387,5
76071,758,937,537,5
76072,758,937,575,3
76073,758,937,620,3
76074,757,936,232,4
76075,757,936,236,5
76076,757,936,240,4
76077,757,936,265,5
76078,757,936,268,3.5
76079,757,936,278,4
76080,757,936,311,2
76081,757,936,387,4
76082,757,936,468,3.5
76083,757,936,537,4
76084,757,936,585,4
76085,757,936,587,4
76086,757,936,609,1
76087,756,935,222,4
76088,756,935,294,3.5
76089,756,935,387,5
76090,756,935,529,5
76091,756,935,537,4
76092,756,935,575,3
76093,755,934,68,3.5
76094,755,934,69,5
76095,755,934,147,4
76096,755,934,148,3.5
76097,755,934,203,2.5
76098,755,934,212,3
76099,755,934,239,4
76100,755,934,285,4
76101,755,934,292,4.5
76102,755,934,306,4
76103,755,934,311,2
76104,755,934,342,5
76105,755,934,358,4
76106,755,934,377,3
76107,755,934,387,4
76108,755,934,393,2
76109,755,934,452,3
76110,755,934,461,2.5
76111,755,934,463,4
76112,755,934,493,3
76113,755,934,537,4
76114,755,934,557,3.5
76115,755,934,564,4
76116,755,934,605,4
76117,754,933,19,3
76118,754,933,23,3.5
76119,754,933,28,4
76120,754,933,68,3.5
76121,754,933,75,4
76122,754,933,125,4
76123,754,933,159,4.5
76124,754,933,236,4
76125,754,933,242,5
76126,754,933,294,4.5
76127,754,933,306,4
76128,754,933,311,3
76129,754,933,326,4
76130,754,933,336,3
76131,754,933,358,4
76132,754,933,387,4
76133,754,933,452,3.5
76134,754,933,468,3.5
76135,754,933,481,5
76136,754,933,505,3
76137,754,933,537,5
76138,754,933,547,3
76139,754,933,569,4
76140,754,933,575,4
76141,754,933,585,5
76142,754,933,587,4
76143,754,933,597,4
76144,754,933,614,5
76145,754,933,642,4
76146,753,932,111,5
76147,753,932,153,5
76148,753,932,294,3
76149,753,932,306,4
76150,753,932,311,3
76151,753,932,452,4.5
76152,753,932,468,3
76153,753,932,505,3
76154,753,932,518,4
76155,753,932,529,1
76156,753,932,537,4
76157,753,932,547,2
76158,753,932,569,3
76159,753,932,575,5
76160,753,932,605,3
76161,753,932,656,5
76162,752,931,15,1
76163,752,931,17,4.5
76164,752,931,19,3
76165,752,931,23,4.5
76166,752,931,102,4
76167,752,931,236,3.5
76168,752,931,294,3
76169,752,931,322,5
76170,752,931,387,4
76171,752,931,405,4.5
76172,752,931,547,4
76173,752,931,564,4
76174,752,931,569,4
76175,752,931,596,4
76176,752,931,597,4
76177,752,931,608,4
76178,751,930,17,3.5
76179,751,930,19,4
76180,751,930,23,4
76181,751,930,96,4.5
76182,751,930,102,5
76183,751,930,118,4
76184,751,930,195,4
76185,751,930,236,5
76186,751,930,294,3.5
76187,751,930,311,2.5
76188,751,930,321,4
76189,751,930,387,5
76190,751,930,468,4
76191,751,930,472,5
76192,751,930,505,3.5
76193,751,930,537,5
76194,751,930,547,4
76195,751,930,564,4
76196,751,930,575,4
76197,751,930,587,4
76198,751,930,647,4
76199,750,929,19,4
76200,750,929,387,4
76201,750,929,547,3
76202,750,929,585,4
76203,750,929,587,4
76204,749,928,17,4.5
76205,749,928,19,5
76206,749,928,23,4.5
76207,749,928,30,5
76208,749,928,99,4
76209,749,928,102,4
76210,749,928,236,4
76211,749,928,262,2.5
76212,749,928,311,2
76213,749,928,358,4
76214,749,928,431,4.5
76215,749,928,467,5
76216,749,928,468,3.5
76217,749,928,472,5
76218,749,928,505,3
76219,749,928,547,5
76220,749,928,564,4
76221,749,928,569,5
76222,749,928,575,4
76223,749,928,587,4.5
76224,749,928,597,4
76225,749,928,614,5
76226,749,928,626,4
76227,748,927,102,4
76228,748,927,240,3.5
76229,748,927,427,5
76230,748,927,529,5
76231,748,927,547,5
76232,747,926,15,3
76233,747,926,23,4
76234,747,926,28,5
76235,747,926,38,4.5
76236,747,926,56,4
76237,747,926,96,5
76238,747,926,97,4
76239,747,926,102,5
76240,747,926,119,5
76241,747,926,187,4
76242,747,926,232,4
76243,747,926,236,4.5
76244,747,926,242,5
76245,747,926,294,4
76246,747,926,311,2
76247,747,926,312,5
76248,747,926,336,5
76249,747,926,358,5
76250,747,926,363,5
76251,747,926,376,4
76252,747,926,387,5
76253,747,926,394,3
76254,747,926,439,5
76255,747,926,461,3.5
76256,747,926,468,3.5
76257,747,926,472,5
76258,747,926,499,4
76259,747,926,505,3.5
76260,747,926,529,5
76261,747,926,537,5
76262,747,926,547,5
76263,747,926,559,5
76264,747,926,564,5
76265,747,926,585,5
76266,747,926,587,5
76267,747,926,605,4
76268,747,926,647,5
76269,747,926,656,5
76270,746,924,7,4
76271,746,924,15,5
76272,746,924,17,4.5
76273,746,924,19,4
76274,746,924,21,4
76275,746,924,23,3.5
76276,746,924,28,4
76277,746,924,30,4
76278,746,924,34,5
76279,746,924,41,5
76280,746,924,48,4.5
76281,746,924,56,2
76282,746,924,58,5
76283,746,924,65,4
76284,746,924,72,4
76285,746,924,73,1.5
76286,746,924,77,3.5
76287,746,924,78,2
76288,746,924,79,2
76289,746,924,81,4
76290,746,924,88,4
76291,746,924,99,3
76292,746,924,102,5
76293,746,924,118,5
76294,746,924,119,4
76295,746,924,134,4
76296,746,924,138,5
76297,746,924,148,5
76298,746,924,152,4
76299,746,924,155,4
76300,746,924,157,3.5
76301,746,924,168,5
76302,746,924,183,4
76303,746,924,185,3
76304,746,924,186,5
76305,746,924,195,5
76306,746,924,197,4
76307,746,924,199,3.5
76308,746,924,208,3.5
76309,746,924,214,5
76310,746,924,215,5
76311,746,924,220,4
76312,746,924,232,1
76313,746,924,236,5
76314,746,924,240,4.5
76315,746,924,242,5
76316,746,924,243,2.5
76317,746,924,248,5
76318,746,924,254,4
76319,746,924,262,3
76320,746,924,268,4.5
76321,746,924,287,0.5
76322,746,924,293,4
76323,746,924,295,4
76324,746,924,304,5
76325,746,924,306,4
76326,746,924,311,3
76327,746,924,320,3.5
76328,746,924,322,5
76329,746,924,330,1
76330,746,924,342,5
76331,746,924,344,3
76332,746,924,345,3.5
76333,746,924,346,1
76334,746,924,353,3
76335,746,924,355,5
76336,746,924,360,4
76337,746,924,362,3
76338,746,924,370,4.5
76339,746,924,380,5
76340,746,924,387,4
76341,746,924,388,5
76342,746,924,391,3
76343,746,924,401,5
76344,746,924,406,5
76345,746,924,428,5
76346,746,924,432,3
76347,746,924,433,5
76348,746,924,435,4
76349,746,924,439,2
76350,746,924,457,5
76351,746,924,468,4.5
76352,746,924,472,4
76353,746,924,475,5
76354,746,924,481,5
76355,746,924,486,5
76356,746,924,489,4
76357,746,924,505,3
76358,746,924,509,4
76359,746,924,514,5
76360,746,924,518,3
76361,746,924,519,5
76362,746,924,525,5
76363,746,924,527,3
76364,746,924,529,4
76365,746,924,537,5
76366,746,924,544,5
76367,746,924,547,5
76368,746,924,558,5
76369,746,924,561,3.5
76370,746,924,563,5
76371,746,924,564,3
76372,746,924,567,4
76373,746,924,569,2
76374,746,924,575,2
76375,746,924,576,4
76376,746,924,580,3
76377,746,924,581,0.5
76378,746,924,584,3
76379,746,924,585,5
76380,746,924,587,4
76381,746,924,596,3.5
76382,746,924,597,4
76383,746,924,598,4
76384,746,924,605,1
76385,746,924,608,5
76386,746,924,620,4
76387,746,924,624,4
76388,746,924,628,2.5
76389,746,924,642,4
76390,746,924,654,4
76391,746,924,656,3
76392,746,924,664,4
76393,745,923,11,5
76394,745,923,15,5
76395,745,923,17,4.5
76396,745,923,19,5
76397,745,923,21,5
76398,745,923,23,5
76399,745,923,30,5
76400,745,923,34,5
76401,745,923,56,4
76402,745,923,75,4.5
76403,745,923,83,4.5
76404,745,923,93,4
76405,745,923,94,3
76406,745,923,96,5
76407,745,923,97,4
76408,745,923,99,4
76409,745,923,102,5
76410,745,923,105,4
76411,745,923,119,5
76412,745,923,159,5
76413,745,923,195,5
76414,745,923,204,4.5
76415,745,923,212,3.5
76416,745,923,220,3
76417,745,923,222,4
76418,745,923,232,5
76419,745,923,236,4.5
76420,745,923,240,4
76421,745,923,242,5
76422,745,923,253,4.5
76423,745,923,254,4
76424,745,923,255,4.5
76425,745,923,262,2
76426,745,923,265,5
76427,745,923,268,5
76428,745,923,278,4
76429,745,923,281,5
76430,745,923,283,1.5
76431,745,923,304,4.5
76432,745,923,309,4
76433,745,923,311,3
76434,745,923,312,3
76435,745,923,336,1
76436,745,923,342,5
76437,745,923,358,5
76438,745,923,387,5
76439,745,923,388,4
76440,745,923,406,3.5
76441,745,923,417,3.5
76442,745,923,420,4
76443,745,923,431,4
76444,745,923,434,5
76445,745,923,436,5
76446,745,923,438,4
76447,745,923,452,4
76448,745,923,461,4
76449,745,923,466,5
76450,745,923,468,5
76451,745,923,472,5
76452,745,923,481,5
76453,745,923,489,4
76454,745,923,497,2
76455,745,923,505,3.5
76456,745,923,509,5
76457,745,923,514,5
76458,745,923,519,4.5
76459,745,923,529,4
76460,745,923,533,4
76461,745,923,537,4
76462,745,923,541,3
76463,745,923,547,5
76464,745,923,561,4
76465,745,923,564,3
76466,745,923,580,3
76467,745,923,585,5
76468,745,923,587,5
76469,745,923,597,5
76470,745,923,598,4
76471,745,923,599,1
76472,745,923,605,4
76473,745,923,609,5
76474,745,923,614,5
76475,745,923,624,4.5
76476,745,923,647,5
76477,745,923,648,2.5
76478,744,922,15,1
76479,744,922,17,5
76480,744,922,23,4.5
76481,744,922,30,5
76482,744,922,56,4
76483,744,922,81,5
76484,744,922,96,5
76485,744,922,102,5
76486,744,922,118,5
76487,744,922,119,4
76488,744,922,164,4
76489,744,922,195,5
76490,744,922,203,4.5
76491,744,922,236,4.5
76492,744,922,254,4
76493,744,922,255,4.5
76494,744,922,265,5
76495,744,922,281,3
76496,744,922,299,5
76497,744,922,311,2
76498,744,922,312,3
76499,744,922,315,4
76500,744,922,335,3.5
76501,744,922,336,4
76502,744,922,358,5
76503,744,922,359,3.5
76504,744,922,376,5
76505,744,922,468,3.5
76506,744,922,472,5
76507,744,922,481,5
76508,744,922,505,4
76509,744,922,529,3.5
76510,744,922,537,4
76511,744,922,547,5
76512,744,922,564,5
76513,744,922,569,5
76514,744,922,585,5
76515,744,922,587,4.5
76516,744,922,647,5
76517,743,921,21,4
76518,743,921,30,5
76519,743,921,57,4
76520,743,921,102,4
76521,743,921,195,2
76522,743,921,232,4
76523,743,921,265,4
76524,743,921,311,3
76525,743,921,358,5
76526,743,921,373,4
76527,743,921,452,3
76528,743,921,505,3
76529,743,921,510,4
76530,743,921,514,3
76531,743,921,529,5
76532,743,921,537,5
76533,743,921,547,4
76534,743,921,564,5
76535,743,921,575,3
76536,743,921,585,4
76537,742,920,15,3.5
76538,742,920,19,4
76539,742,920,21,4
76540,742,920,23,3.5
76541,742,920,28,5
76542,742,920,30,5
76543,742,920,37,5
76544,742,920,49,4
76545,742,920,65,2
76546,742,920,93,4
76547,742,920,98,3.5
76548,742,920,102,5
76549,742,920,111,4
76550,742,920,119,5
76551,742,920,125,2
76552,742,920,143,5
76553,742,920,153,5
76554,742,920,178,4.5
76555,742,920,195,4
76556,742,920,212,3.5
76557,742,920,215,3
76558,742,920,229,4.5
76559,742,920,232,4
76560,742,920,235,5
76561,742,920,242,5
76562,742,920,243,4
76563,742,920,263,3.5
76564,742,920,264,4
76565,742,920,265,5
76566,742,920,278,3
76567,742,920,294,4
76568,742,920,303,4.5
76569,742,920,311,5
76570,742,920,323,5
76571,742,920,342,5
76572,742,920,358,3
76573,742,920,368,3
76574,742,920,376,5
76575,742,920,386,4
76576,742,920,387,4
76577,742,920,388,4
76578,742,920,393,3.5
76579,742,920,405,5
76580,742,920,417,3
76581,742,920,431,1
76582,742,920,439,5
76583,742,920,452,4
76584,742,920,457,2
76585,742,920,461,4
76586,742,920,463,4
76587,742,920,468,4
76588,742,920,472,4.5
76589,742,920,505,3
76590,742,920,518,4
76591,742,920,529,4
76592,742,920,537,5
76593,742,920,547,5
76594,742,920,558,5
76595,742,920,564,5
76596,742,920,569,5
76597,742,920,575,4
76598,742,920,580,2.5
76599,742,920,585,4
76600,742,920,587,5
76601,742,920,605,5
76602,742,920,621,4.5
76603,742,920,627,1
76604,742,920,665,4
76605,741,919,4,5
76606,741,919,5,4
76607,741,919,13,3.5
76608,741,919,15,3
76609,741,919,21,4
76610,741,919,30,4
76611,741,919,34,3
76612,741,919,41,4
76613,741,919,49,5
76614,741,919,56,5
76615,741,919,59,1.5
76616,741,919,61,3
76617,741,919,69,4.5
76618,741,919,73,4
76619,741,919,77,4.5
76620,741,919,78,3.5
76621,741,919,88,4
76622,741,919,93,4
76623,741,919,102,4
76624,741,919,119,5
76625,741,919,125,4.5
76626,741,919,130,3.5
76627,741,919,133,2
76628,741,919,137,3
76629,741,919,142,5
76630,741,919,148,4.5
76631,741,919,165,3.5
76632,741,919,175,4
76633,741,919,178,3
76634,741,919,185,3
76635,741,919,187,4.5
76636,741,919,195,4
76637,741,919,205,3
76638,741,919,212,3.5
76639,741,919,213,2.5
76640,741,919,214,5
76641,741,919,215,4
76642,741,919,216,4.5
76643,741,919,218,3.5
76644,741,919,232,4
76645,741,919,235,5
76646,741,919,240,5
76647,741,919,242,5
76648,741,919,243,4
76649,741,919,254,4
76650,741,919,262,2
76651,741,919,263,3
76652,741,919,265,5
76653,741,919,268,5
76654,741,919,273,5
76655,741,919,278,5
76656,741,919,281,5
76657,741,919,285,3
76658,741,919,287,4.5
76659,741,919,292,5
76660,741,919,294,4
76661,741,919,295,4
76662,741,919,303,4
76663,741,919,306,4
76664,741,919,311,2
76665,741,919,312,3
76666,741,919,326,4
76667,741,919,328,4
76668,741,919,336,5
76669,741,919,342,4
76670,741,919,355,4.5
76671,741,919,358,5
76672,741,919,363,5
76673,741,919,387,5
76674,741,919,388,4
76675,741,919,408,3
76676,741,919,427,5
76677,741,919,428,3
76678,741,919,431,4
76679,741,919,436,3
76680,741,919,439,3
76681,741,919,442,5
76682,741,919,452,3
76683,741,919,460,4
76684,741,919,461,3.5
76685,741,919,463,4
76686,741,919,466,5
76687,741,919,468,4
76688,741,919,471,3.5
76689,741,919,472,5
76690,741,919,474,4
76691,741,919,481,4
76692,741,919,500,2
76693,741,919,505,3.5
76694,741,919,509,4
76695,741,919,514,4
76696,741,919,518,4
76697,741,919,529,5
76698,741,919,531,4
76699,741,919,537,5
76700,741,919,547,5
76701,741,919,559,3
76702,741,919,561,3
76703,741,919,564,3
76704,741,919,569,5
76705,741,919,575,4
76706,741,919,577,4.5
76707,741,919,580,4
76708,741,919,585,5
76709,741,919,587,4.5
76710,741,919,592,2
76711,741,919,595,5
76712,741,919,598,4
76713,741,919,614,1
76714,741,919,617,4
76715,741,919,620,4
76716,741,919,621,4.5
76717,741,919,624,4
76718,741,919,651,3
76719,741,919,654,5
76720,741,919,665,4
76721,741,919,671,4
76722,740,918,21,4
76723,740,918,99,5
76724,740,918,102,4
76725,740,918,265,3
76726,740,918,294,2
76727,740,918,306,3
76728,740,918,311,2.5
76729,740,918,387,5
76730,740,918,505,3
76731,740,918,529,5
76732,740,918,531,1.5
76733,740,918,537,4
76734,740,918,547,4
76735,740,918,575,4
76736,739,917,19,4
76737,739,917,41,4
76738,739,917,294,3.5
76739,739,917,311,3
76740,739,917,439,3
76741,739,917,547,4
76742,739,917,595,5
76743,739,917,605,3
76744,738,916,15,1
76745,738,916,19,5
76746,738,916,56,4
76747,738,916,195,2
76748,738,916,196,3
76749,738,916,212,3.5
76750,738,916,294,4
76751,738,916,306,5
76752,738,916,311,4.5
76753,738,916,342,5
76754,738,916,372,4
76755,738,916,382,4
76756,738,916,387,4
76757,738,916,405,4.5
76758,738,916,436,3
76759,738,916,460,4
76760,738,916,461,4
76761,738,916,463,4
76762,738,916,529,4
76763,738,916,537,5
76764,738,916,569,5
76765,738,916,575,5
76766,738,916,585,5
76767,738,916,597,4
76768,738,916,620,4
76769,738,916,630,4
76770,737,915,19,4
76771,737,915,76,4
76772,737,915,195,3
76773,737,915,236,3.5
76774,737,915,239,5
76775,737,915,247,2
76776,737,915,292,4
76777,737,915,294,3
76778,737,915,306,4
76779,737,915,311,3
76780,737,915,358,3
76781,737,915,387,5
76782,737,915,405,4.5
76783,737,915,452,4
76784,737,915,463,4
76785,737,915,472,4
76786,737,915,489,5
76787,737,915,537,5
76788,737,915,547,3
76789,737,915,569,4
76790,737,915,575,4
76791,737,915,585,5
76792,737,915,620,3.5
76793,736,914,13,4
76794,736,914,15,1.5
76795,736,914,19,3
76796,736,914,21,5
76797,736,914,23,3
76798,736,914,30,4
76799,736,914,35,1.5
76800,736,914,57,5
76801,736,914,68,4
76802,736,914,88,4
76803,736,914,93,3.5
76804,736,914,99,4
76805,736,914,102,5
76806,736,914,130,3.5
76807,736,914,169,3.5
76808,736,914,185,4
76809,736,914,207,0.5
76810,736,914,212,3
76811,736,914,243,4
76812,736,914,253,4
76813,736,914,254,3
76814,736,914,264,5
76815,736,914,294,3.5
76816,736,914,304,4
76817,736,914,306,4
76818,736,914,311,4.5
76819,736,914,325,1.5
76820,736,914,358,3
76821,736,914,363,5
76822,736,914,365,5
76823,736,914,381,4
76824,736,914,387,5
76825,736,914,394,3.5
76826,736,914,408,2
76827,736,914,420,3
76828,736,914,431,3
76829,736,914,463,4
76830,736,914,468,3
76831,736,914,472,5
76832,736,914,505,3
76833,736,914,518,4
76834,736,914,529,3
76835,736,914,537,5
76836,736,914,564,3
76837,736,914,569,5
76838,736,914,575,4
76839,736,914,582,4
76840,736,914,595,4
76841,736,914,620,4.5
76842,736,914,621,3.5
76843,736,914,628,2
76844,735,913,4,5
76845,735,913,15,4
76846,735,913,17,5
76847,735,913,19,5
76848,735,913,21,4
76849,735,913,23,4
76850,735,913,28,4
76851,735,913,30,5
76852,735,913,34,5
76853,735,913,51,4
76854,735,913,88,4
76855,735,913,96,5
76856,735,913,99,4
76857,735,913,102,4
76858,735,913,118,4
76859,735,913,119,5
76860,735,913,125,4
76861,735,913,148,4
76862,735,913,159,4
76863,735,913,164,4
76864,735,913,189,3
76865,735,913,195,5
76866,735,913,203,4
76867,735,913,215,5
76868,735,913,232,4
76869,735,913,236,4
76870,735,913,240,4.5
76871,735,913,242,5
76872,735,913,265,5
76873,735,913,294,3
76874,735,913,311,3
76875,735,913,321,5
76876,735,913,358,5
76877,735,913,387,4
76878,735,913,420,3
76879,735,913,423,4.5
76880,735,913,434,5
76881,735,913,441,3.5
76882,735,913,452,5
76883,735,913,460,4
76884,735,913,468,4
76885,735,913,470,4.5
76886,735,913,472,5
76887,735,913,499,5
76888,735,913,505,3
76889,735,913,537,4
76890,735,913,547,5
76891,735,913,559,5
76892,735,913,569,3
76893,735,913,575,5
76894,735,913,580,3.5
76895,735,913,585,5
76896,735,913,587,5
76897,735,913,594,5
76898,735,913,597,5
76899,735,913,605,5
76900,735,913,608,5
76901,735,913,614,5
76902,735,913,642,5
76903,735,913,645,3.5
76904,735,913,656,5
76905,735,913,669,5
76906,734,912,15,5
76907,734,912,17,4.5
76908,734,912,19,3
76909,734,912,20,2
76910,734,912,21,5
76911,734,912,23,5
76912,734,912,30,5
76913,734,912,34,5
76914,734,912,37,5
76915,734,912,49,5
76916,734,912,59,4
76917,734,912,68,4
76918,734,912,72,3.5
76919,734,912,74,5
76920,734,912,93,4.5
76921,734,912,96,5
76922,734,912,97,1.5
76923,734,912,99,5
76924,734,912,102,5
76925,734,912,105,3.5
76926,734,912,119,5
76927,734,912,125,5
76928,734,912,133,2.5
76929,734,912,136,3
76930,734,912,153,5
76931,734,912,155,4
76932,734,912,159,5
76933,734,912,166,2
76934,734,912,168,5
76935,734,912,195,5
76936,734,912,198,5
76937,734,912,212,4.5
76938,734,912,214,3
76939,734,912,215,5
76940,734,912,220,4
76941,734,912,222,5
76942,734,912,231,3
76943,734,912,232,4
76944,734,912,236,4
76945,734,912,242,5
76946,734,912,257,5
76947,734,912,262,2.5
76948,734,912,263,3
76949,734,912,268,5
76950,734,912,278,4
76951,734,912,281,5
76952,734,912,294,4
76953,734,912,295,4
76954,734,912,304,4
76955,734,912,311,3
76956,734,912,320,5
76957,734,912,322,4
76958,734,912,323,5
76959,734,912,333,4
76960,734,912,336,3
76961,734,912,342,5
76962,734,912,351,5
76963,734,912,358,5
76964,734,912,359,3
76965,734,912,370,4
76966,734,912,372,4
76967,734,912,376,4
76968,734,912,387,5
76969,734,912,388,4
76970,734,912,394,3.5
76971,734,912,405,5
76972,734,912,406,3.5
76973,734,912,411,3
76974,734,912,412,2
76975,734,912,420,3
76976,734,912,428,3
76977,734,912,431,4
76978,734,912,434,5
76979,734,912,436,4
76980,734,912,450,4
76981,734,912,452,5
76982,734,912,457,4
76983,734,912,460,5
76984,734,912,461,4.5
76985,734,912,466,5
76986,734,912,468,3.5
76987,734,912,472,5
76988,734,912,481,4
76989,734,912,503,4
76990,734,912,505,4.5
76991,734,912,509,5
76992,734,912,510,5
76993,734,912,518,3
76994,734,912,520,5
76995,734,912,527,4
76996,734,912,529,5
76997,734,912,537,5
76998,734,912,547,5
76999,734,912,558,5
77000,734,912,564,4
77001,734,912,569,5
77002,734,912,572,4
77003,734,912,575,5
77004,734,912,577,5
77005,734,912,580,4
77006,734,912,584,3.5
77007,734,912,585,5
77008,734,912,587,5
77009,734,912,595,3
77010,734,912,596,4.5
77011,734,912,597,4
77012,734,912,605,5
77013,734,912,608,5
77014,734,912,609,1
77015,734,912,618,5
77016,734,912,620,3.5
77017,734,912,624,4.5
77018,734,912,630,5
77019,734,912,647,5
77020,734,912,648,4
77021,734,912,658,5
77022,734,912,665,5
77023,733,911,15,4
77024,733,911,19,5
77025,733,911,23,4
77026,733,911,232,4
77027,733,911,264,4
77028,733,911,287,5
77029,733,911,294,4.5
77030,733,911,306,4
77031,733,911,311,2.5
77032,733,911,342,5
77033,733,911,358,4
77034,733,911,367,3.5
77035,733,911,387,5
77036,733,911,431,4
77037,733,911,452,3
77038,733,911,460,4
77039,733,911,468,3
77040,733,911,505,4
77041,733,911,537,5
77042,733,911,547,2
77043,733,911,569,5
77044,733,911,575,4
77045,733,911,585,4
77046,733,911,587,5
77047,733,911,597,4
77048,733,911,605,5
77049,733,911,606,4.5
77050,732,910,4,4
77051,732,910,15,2.5
77052,732,910,17,3.5
77053,732,910,21,3
77054,732,910,23,4.5
77055,732,910,81,5
77056,732,910,93,3.5
77057,732,910,96,4.5
77058,732,910,102,4
77059,732,910,119,5
77060,732,910,134,3
77061,732,910,137,5
77062,732,910,185,3
77063,732,910,195,5
77064,732,910,207,0.5
77065,732,910,216,4
77066,732,910,220,5
77067,732,910,232,2
77068,732,910,236,5
77069,732,910,239,4
77070,732,910,243,4.5
77071,732,910,255,4
77072,732,910,257,0.5
77073,732,910,262,3
77074,732,910,278,5
77075,732,910,294,4
77076,732,910,297,4
77077,732,910,299,3
77078,732,910,306,4
77079,732,910,311,3
77080,732,910,313,4
77081,732,910,322,3
77082,732,910,328,4
77083,732,910,345,4
77084,732,910,358,5
77085,732,910,376,5
77086,732,910,387,4
77087,732,910,405,3
77088,732,910,408,3
77089,732,910,420,4
77090,732,910,424,3.5
77091,732,910,427,5
77092,732,910,431,5
77093,732,910,436,5
77094,732,910,452,4
77095,732,910,461,1.5
77096,732,910,468,4
77097,732,910,472,4
77098,732,910,489,5
77099,732,910,493,3
77100,732,910,494,4
77101,732,910,505,3.5
77102,732,910,509,3
77103,732,910,514,4
77104,732,910,529,4.5
77105,732,910,537,4
77106,732,910,547,5
77107,732,910,564,5
77108,732,910,569,5
77109,732,910,575,5
77110,732,910,585,5
77111,732,910,587,4
77112,732,910,596,3.5
77113,732,910,597,5
77114,732,910,608,5
77115,732,910,614,5
77116,731,909,15,4
77117,731,909,23,3.5
77118,731,909,28,4
77119,731,909,58,2
77120,731,909,65,5
77121,731,909,73,4
77122,731,909,99,3
77123,731,909,102,4
77124,731,909,142,3
77125,731,909,195,2
77126,731,909,232,1
77127,731,909,236,4.5
77128,731,909,245,4
77129,731,909,278,4
77130,731,909,311,2
77131,731,909,358,4
77132,731,909,365,5
77133,731,909,387,5
77134,731,909,436,5
77135,731,909,468,3.5
77136,731,909,474,4
77137,731,909,505,3
77138,731,909,509,4
77139,731,909,514,5
77140,731,909,529,2
77141,731,909,537,3
77142,731,909,547,5
77143,731,909,569,5
77144,731,909,575,3
77145,731,909,585,5
77146,731,909,587,4
77147,731,909,597,5
77148,731,909,656,5
77149,730,908,15,5
77150,730,908,17,5
77151,730,908,19,4
77152,730,908,21,3
77153,730,908,23,5
77154,730,908,28,5
77155,730,908,30,4
77156,730,908,33,4
77157,730,908,66,4
77158,730,908,68,4
77159,730,908,71,5
77160,730,908,75,4.5
77161,730,908,83,4.5
77162,730,908,93,4
77163,730,908,96,5
77164,730,908,97,2
77165,730,908,99,4
77166,730,908,102,5
77167,730,908,118,5
77168,730,908,119,5
77169,730,908,125,5
77170,730,908,130,3.5
77171,730,908,149,3
77172,730,908,155,4
77173,730,908,159,4
77174,730,908,164,4.5
77175,730,908,195,3
77176,730,908,215,4
77177,730,908,220,4
77178,730,908,231,4
77179,730,908,232,3
77180,730,908,236,4.5
77181,730,908,240,4
77182,730,908,242,5
77183,730,908,263,3
77184,730,908,268,3
77185,730,908,278,5
77186,730,908,281,4.5
77187,730,908,294,4.5
77188,730,908,306,4
77189,730,908,311,3
77190,730,908,320,4
77191,730,908,328,4
77192,730,908,336,4
77193,730,908,342,5
77194,730,908,351,5
77195,730,908,353,3.5
77196,730,908,358,5
77197,730,908,363,4
77198,730,908,376,3
77199,730,908,387,5
77200,730,908,402,3.5
77201,730,908,405,4.5
77202,730,908,406,3.5
77203,730,908,420,4
77204,730,908,423,4
77205,730,908,431,5
77206,730,908,450,4
77207,730,908,451,5
77208,730,908,452,4
77209,730,908,457,4
77210,730,908,460,4
77211,730,908,463,4
77212,730,908,468,4
77213,730,908,472,5
77214,730,908,481,5
77215,730,908,505,4.5
77216,730,908,509,4
77217,730,908,514,5
77218,730,908,521,4.5
77219,730,908,528,4.5
77220,730,908,529,3
77221,730,908,537,5
77222,730,908,547,5
77223,730,908,558,5
77224,730,908,561,3.5
77225,730,908,564,5
77226,730,908,569,5
77227,730,908,575,4
77228,730,908,580,4
77229,730,908,585,5
77230,730,908,587,5
77231,730,908,595,5
77232,730,908,597,5
77233,730,908,606,5
77234,730,908,608,5
77235,730,908,630,4
77236,729,907,294,4
77237,729,907,311,2
77238,729,907,358,4
77239,729,907,372,4
77240,729,907,387,5
77241,729,907,414,4
77242,729,907,420,3
77243,729,907,537,5
77244,729,907,575,4
77245,729,907,585,5
77246,729,907,597,5
77247,728,906,268,4
77248,728,906,294,4.5
77249,728,906,306,3
77250,728,906,311,2
77251,728,906,322,5
77252,728,906,342,4
77253,728,906,452,3
77254,728,906,472,4
77255,728,906,547,4
77256,728,906,587,4
77257,728,906,597,4
77258,728,906,605,3
77259,728,906,642,3
77260,727,905,20,3.5
77261,727,905,23,4
77262,727,905,96,5
77263,727,905,102,4
77264,727,905,118,5
77265,727,905,195,5
77266,727,905,232,5
77267,727,905,240,4.5
77268,727,905,268,5
77269,727,905,311,3
77270,727,905,358,5
77271,727,905,387,5
77272,727,905,468,3.5
77273,727,905,472,4
77274,727,905,493,4
77275,727,905,505,4
77276,727,905,547,4
77277,727,905,564,4
77278,727,905,569,5
77279,727,905,575,4
77280,727,905,580,4
77281,727,905,585,5
77282,727,905,587,4
77283,727,905,605,5
77284,727,905,614,5
77285,726,904,15,5
77286,726,904,17,4.5
77287,726,904,19,5
77288,726,904,20,3
77289,726,904,23,4.5
77290,726,904,28,4
77291,726,904,30,4
77292,726,904,31,4
77293,726,904,68,4
77294,726,904,73,4.5
77295,726,904,75,4
77296,726,904,81,4
77297,726,904,83,4.5
77298,726,904,93,4.5
77299,726,904,96,5
77300,726,904,97,3.5
77301,726,904,99,4
77302,726,904,102,5
77303,726,904,118,5
77304,726,904,119,5
77305,726,904,125,5
77306,726,904,142,3
77307,726,904,148,5
77308,726,904,159,5
77309,726,904,164,3.5
77310,726,904,193,4
77311,726,904,215,4
77312,726,904,217,3
77313,726,904,220,2
77314,726,904,229,4
77315,726,904,231,5
77316,726,904,232,3
77317,726,904,236,5
77318,726,904,240,3.5
77319,726,904,242,5
77320,726,904,243,4
77321,726,904,248,4
77322,726,904,254,4
77323,726,904,265,4
77324,726,904,268,4
77325,726,904,281,4.5
77326,726,904,294,4
77327,726,904,304,5
77328,726,904,306,5
77329,726,904,311,3
77330,726,904,313,4
77331,726,904,320,4.5
77332,726,904,328,4
77333,726,904,336,5
77334,726,904,342,5
77335,726,904,345,4
77336,726,904,350,2
77337,726,904,355,4.5
77338,726,904,360,4
77339,726,904,376,4
77340,726,904,405,5
77341,726,904,408,4
77342,726,904,420,5
77343,726,904,423,4
77344,726,904,431,4
77345,726,904,434,4
77346,726,904,436,5
77347,726,904,452,4
77348,726,904,457,4
77349,726,904,460,4.5
77350,726,904,463,4
77351,726,904,466,5
77352,726,904,468,4
77353,726,904,472,4
77354,726,904,480,4.5
77355,726,904,505,4.5
77356,726,904,509,4
77357,726,904,521,4.5
77358,726,904,528,4.5
77359,726,904,529,4
77360,726,904,537,5
77361,726,904,547,5
77362,726,904,550,5
77363,726,904,558,5
77364,726,904,559,5
77365,726,904,564,5
77366,726,904,569,5
77367,726,904,585,5
77368,726,904,587,4
77369,726,904,595,5
77370,726,904,596,4.5
77371,726,904,597,5
77372,726,904,605,4
77373,726,904,606,5
77374,726,904,608,5
77375,726,904,613,3.5
77376,726,904,630,5
77377,725,903,4,5
77378,725,903,5,3.5
77379,725,903,6,4
77380,725,903,15,5
77381,725,903,17,5
77382,725,903,19,4
77383,725,903,23,3.5
77384,725,903,28,3
77385,725,903,30,4
77386,725,903,45,5
77387,725,903,81,4
77388,725,903,96,5
77389,725,903,99,5
77390,725,903,102,5
77391,725,903,118,4
77392,725,903,119,5
77393,725,903,120,1.5
77394,725,903,125,4.5
77395,725,903,148,5
77396,725,903,159,4
77397,725,903,212,3
77398,725,903,215,4
77399,725,903,220,4
77400,725,903,231,4
77401,725,903,232,3
77402,725,903,236,5
77403,725,903,242,5
77404,725,903,243,4
77405,725,903,248,4
77406,725,903,254,4
77407,725,903,262,2.5
77408,725,903,281,5
77409,725,903,294,3.5
77410,725,903,306,4
77411,725,903,309,4.5
77412,725,903,311,2
77413,725,903,322,5
77414,725,903,342,4
77415,725,903,345,4.5
77416,725,903,362,3.5
77417,725,903,378,4
77418,725,903,408,4
77419,725,903,417,4
77420,725,903,420,5
77421,725,903,423,4.5
77422,725,903,452,4
77423,725,903,457,4
77424,725,903,466,4
77425,725,903,467,5
77426,725,903,468,4
77427,725,903,472,5
77428,725,903,475,4
77429,725,903,481,5
77430,725,903,499,5
77431,725,903,505,3.5
77432,725,903,525,4
77433,725,903,547,5
77434,725,903,558,4
77435,725,903,559,5
77436,725,903,564,5
77437,725,903,569,5
77438,725,903,580,3.5
77439,725,903,585,5
77440,725,903,587,5
77441,725,903,596,4.5
77442,725,903,597,5
77443,725,903,605,3
77444,725,903,608,5
77445,725,903,635,4
77446,724,902,19,3
77447,724,902,28,5
77448,724,902,37,2
77449,724,902,93,2.5
77450,724,902,98,5
77451,724,902,99,3
77452,724,902,102,4
77453,724,902,207,0.5
77454,724,902,212,3.5
77455,724,902,232,4
77456,724,902,292,4
77457,724,902,294,2
77458,724,902,306,4
77459,724,902,311,3
77460,724,902,342,4
77461,724,902,355,3.5
77462,724,902,358,5
77463,724,902,372,4
77464,724,902,378,3.5
77465,724,902,387,4
77466,724,902,406,4.5
77467,724,902,422,5
77468,724,902,431,3
77469,724,902,444,4
77470,724,902,452,3.5
77471,724,902,468,2.5
77472,724,902,472,4
77473,724,902,493,3
77474,724,902,509,3.5
77475,724,902,514,4
77476,724,902,518,3
77477,724,902,529,3
77478,724,902,537,5
77479,724,902,547,5
77480,724,902,569,3
77481,724,902,575,3
77482,724,902,577,5
77483,724,902,580,2.5
77484,724,902,587,4
77485,724,902,596,4
77486,724,902,605,3
77487,724,902,614,3
77488,724,902,620,5
77489,724,902,665,3
77490,723,901,222,5
77491,723,901,254,4
77492,723,901,294,3.5
77493,723,901,306,3
77494,723,901,311,2
77495,723,901,363,4
77496,723,901,387,5
77497,723,901,537,5
77498,723,901,564,4
77499,723,901,575,4
77500,723,901,585,4
77501,723,901,620,3.5
77502,722,900,23,2.5
77503,722,900,99,3
77504,722,900,195,3
77505,722,900,222,5
77506,722,900,242,5
77507,722,900,265,5
77508,722,900,294,5
77509,722,900,306,3
77510,722,900,311,3
77511,722,900,358,5
77512,722,900,363,4
77513,722,900,382,3
77514,722,900,387,4
77515,722,900,505,3.5
77516,722,900,518,4
77517,722,900,529,4
77518,722,900,537,4
77519,722,900,547,3
77520,722,900,575,5
77521,722,900,595,4
77522,722,900,605,4
77523,722,900,656,5
77524,721,899,15,5
77525,721,899,21,3
77526,721,899,23,4.5
77527,721,899,28,5
77528,721,899,30,4
77529,721,899,45,4
77530,721,899,75,3
77531,721,899,81,3.5
77532,721,899,97,4.5
77533,721,899,99,4
77534,721,899,102,5
77535,721,899,130,4.5
77536,721,899,137,4
77537,721,899,178,3
77538,721,899,195,3
77539,721,899,207,0.5
77540,721,899,212,3
77541,721,899,215,3
77542,721,899,216,4
77543,721,899,222,5
77544,721,899,236,4.5
77545,721,899,242,5
77546,721,899,254,4
77547,721,899,262,3
77548,721,899,265,5
77549,721,899,278,3
77550,721,899,281,4.5
77551,721,899,294,5
77552,721,899,306,5
77553,721,899,311,2.5
77554,721,899,328,4
77555,721,899,330,4
77556,721,899,342,4
77557,721,899,358,5
77558,721,899,363,5
77559,721,899,382,5
77560,721,899,387,5
77561,721,899,394,3.5
77562,721,899,431,4.5
77563,721,899,452,3
77564,721,899,460,5
77565,721,899,461,3.5
77566,721,899,466,5
77567,721,899,468,3.5
77568,721,899,472,4
77569,721,899,474,5
77570,721,899,481,4
77571,721,899,505,3.5
77572,721,899,509,3
77573,721,899,518,5
77574,721,899,528,4.5
77575,721,899,529,5
77576,721,899,533,4
77577,721,899,537,5
77578,721,899,547,5
77579,721,899,569,5
77580,721,899,575,5
77581,721,899,580,4
77582,721,899,582,4.5
77583,721,899,587,5
77584,721,899,595,5
77585,721,899,597,5
77586,721,899,614,5
77587,721,899,642,5
77588,720,898,19,5
77589,720,898,23,4.5
77590,720,898,28,5
77591,720,898,30,5
77592,720,898,93,5
77593,720,898,99,4
77594,720,898,102,5
77595,720,898,137,4
77596,720,898,195,3
77597,720,898,220,5
77598,720,898,232,5
77599,720,898,236,3
77600,720,898,240,4.5
77601,720,898,242,5
77602,720,898,265,5
77603,720,898,294,4
77604,720,898,311,2
77605,720,898,342,5
77606,720,898,358,5
77607,720,898,387,5
77608,720,898,420,5
77609,720,898,431,4.5
77610,720,898,436,4
77611,720,898,452,4
77612,720,898,460,5
77613,720,898,466,5
77614,720,898,468,3.5
77615,720,898,472,3
77616,720,898,474,5
77617,720,898,505,3.5
77618,720,898,529,2
77619,720,898,537,5
77620,720,898,547,5
77621,720,898,575,5
77622,720,898,585,5
77623,720,898,597,4
77624,720,898,638,3.5
77625,719,897,49,4
77626,719,897,311,2
77627,719,897,387,4
77628,719,897,405,4.5
77629,718,896,312,3
77630,718,896,564,4
77631,718,896,647,4
77632,717,893,434,5
77633,717,893,509,4
77634,717,893,564,5
77635,716,892,86,3
77636,716,892,239,4
77637,716,892,265,4
77638,716,892,391,5
77639,716,892,564,3
77640,716,892,585,4
77641,716,892,599,3.5
77642,715,891,19,3
77643,715,891,70,4
77644,715,891,128,2
77645,715,891,177,3
77646,715,891,337,1
77647,715,891,390,1
77648,715,891,452,1
77649,715,891,564,3
77650,715,891,626,2
77651,714,889,509,4
77652,713,888,232,4
77653,713,888,564,3
77654,713,888,646,4
77655,712,886,457,1.5
77656,711,885,518,2
77657,710,882,177,3
77658,710,882,306,3
77659,710,882,564,2
77660,709,881,119,2
77661,709,881,543,4
77662,709,881,564,2
77663,709,881,646,4
77664,708,880,18,1
77665,708,880,19,2
77666,708,880,70,4
77667,708,880,73,2.5
77668,708,880,75,1
77669,708,880,119,3
77670,708,880,177,2
77671,708,880,311,0.5
77672,708,880,349,3
77673,708,880,380,2
77674,708,880,384,1.5
77675,708,880,390,1
77676,708,880,396,4
77677,708,880,463,2
77678,708,880,468,2.5
77679,708,880,488,4.5
77680,708,880,507,3
77681,708,880,514,1
77682,708,880,543,3
77683,708,880,551,4
77684,708,880,564,4
77685,708,880,580,2.5
77686,708,880,624,1.5
77687,708,880,646,2
77688,708,880,659,2
77689,707,879,95,3
77690,707,879,294,2.5
77691,707,879,401,3
77692,707,879,564,5
77693,707,879,654,3
77694,706,876,346,5
77695,705,875,537,4
77696,705,875,564,4
77697,704,872,81,5
77698,703,870,119,3
77699,703,870,390,1
77700,703,870,624,1
77701,702,869,30,2
77702,702,869,358,3
77703,702,869,502,3
77704,702,869,509,3
77705,701,867,188,3
77706,700,866,3,3
77707,700,866,15,4
77708,700,866,17,4.5
77709,700,866,52,4
77710,700,866,90,4
77711,700,866,103,4.5
77712,700,866,105,3.5
77713,700,866,118,5
77714,700,866,165,3
77715,700,866,242,4
77716,700,866,274,3.5
77717,700,866,285,3
77718,700,866,306,1
77719,700,866,312,5
77720,700,866,342,5
77721,700,866,343,4
77722,700,866,388,4
77723,700,866,408,5
77724,700,866,434,4
77725,700,866,460,3.5
77726,700,866,461,3
77727,700,866,509,3
77728,700,866,547,4.5
77729,700,866,564,5
77730,700,866,580,2.5
77731,700,866,608,4
77732,700,866,647,5
77733,699,865,608,4
77734,698,864,509,4
77735,698,864,564,3
77736,697,861,177,4
77737,697,861,254,3
77738,697,861,285,3
77739,697,861,339,4.5
77740,697,861,346,4.5
77741,697,861,388,3
77742,697,861,390,4
77743,697,861,516,3
77744,697,861,550,3
77745,697,861,564,3
77746,697,861,575,4
77747,697,861,580,3
77748,696,858,4,5
77749,696,858,5,2.5
77750,696,858,8,5
77751,696,858,15,5
77752,696,858,17,5
77753,696,858,19,5
77754,696,858,20,2
77755,696,858,21,4
77756,696,858,22,4
77757,696,858,23,5
77758,696,858,26,4
77759,696,858,30,5
77760,696,858,31,4.5
77761,696,858,34,4
77762,696,858,38,4.5
77763,696,858,48,4
77764,696,858,57,5
77765,696,858,59,5
77766,696,858,60,5
77767,696,858,65,5
77768,696,858,66,5
77769,696,858,72,4.5
77770,696,858,73,5
77771,696,858,75,1
77772,696,858,78,4.5
77773,696,858,93,4.5
77774,696,858,94,4.5
77775,696,858,97,3
77776,696,858,102,5
77777,696,858,105,4.5
77778,696,858,119,5
77779,696,858,125,4.5
77780,696,858,130,4
77781,696,858,138,5
77782,696,858,150,3.5
77783,696,858,159,4
77784,696,858,160,3
77785,696,858,163,5
77786,696,858,178,4
77787,696,858,193,5
77788,696,858,195,5
77789,696,858,198,5
77790,696,858,199,3
77791,696,858,203,5
77792,696,858,205,4
77793,696,858,212,5
77794,696,858,214,5
77795,696,858,215,5
77796,696,858,217,5
77797,696,858,220,5
77798,696,858,229,4
77799,696,858,232,5
77800,696,858,242,5
77801,696,858,245,5
77802,696,858,250,5
77803,696,858,252,4
77804,696,858,253,4.5
77805,696,858,262,3.5
77806,696,858,265,4
77807,696,858,268,4.5
77808,696,858,275,4.5
77809,696,858,277,5
77810,696,858,281,4
77811,696,858,285,4
77812,696,858,290,5
77813,696,858,292,4.5
77814,696,858,295,5
77815,696,858,297,5
77816,696,858,303,4
77817,696,858,306,4
77818,696,858,307,4.5
77819,696,858,309,5
77820,696,858,312,4
77821,696,858,323,4.5
77822,696,858,333,4.5
77823,696,858,334,5
77824,696,858,335,5
77825,696,858,339,3
77826,696,858,340,5
77827,696,858,342,5
77828,696,858,343,5
77829,696,858,345,5
77830,696,858,347,4
77831,696,858,350,3
77832,696,858,351,5
77833,696,858,353,3.5
77834,696,858,355,5
77835,696,858,358,5
77836,696,858,359,3.5
77837,696,858,361,4
77838,696,858,362,4
77839,696,858,373,5
77840,696,858,376,4
77841,696,858,380,4.5
77842,696,858,381,5
77843,696,858,387,5
77844,696,858,388,5
77845,696,858,390,5
77846,696,858,394,3
77847,696,858,402,2.5
77848,696,858,404,5
77849,696,858,405,5
77850,696,858,406,4
77851,696,858,411,4
77852,696,858,419,3.5
77853,696,858,422,4
77854,696,858,423,4.5
77855,696,858,425,4
77856,696,858,426,4.5
77857,696,858,428,5
77858,696,858,430,4.5
77859,696,858,432,5
77860,696,858,433,5
77861,696,858,434,5
77862,696,858,439,5
77863,696,858,441,4.5
77864,696,858,442,4.5
77865,696,858,450,5
77866,696,858,452,5
77867,696,858,454,5
77868,696,858,457,4
77869,696,858,458,4
77870,696,858,461,5
77871,696,858,463,5
77872,696,858,465,5
77873,696,858,466,5
77874,696,858,467,4
77875,696,858,468,4
77876,696,858,472,5
77877,696,858,474,5
77878,696,858,475,5
77879,696,858,480,4
77880,696,858,481,5
77881,696,858,489,3
77882,696,858,493,4
77883,696,858,494,5
77884,696,858,499,5
77885,696,858,501,5
77886,696,858,502,4
77887,696,858,503,4
77888,696,858,506,4
77889,696,858,509,5
77890,696,858,518,3
77891,696,858,519,4.5
77892,696,858,520,5
77893,696,858,521,5
77894,696,858,522,4.5
77895,696,858,523,4.5
77896,696,858,525,5
77897,696,858,527,4.5
77898,696,858,528,4
77899,696,858,529,3
77900,696,858,542,5
77901,696,858,544,5
77902,696,858,547,4
77903,696,858,549,5
77904,696,858,553,3.5
77905,696,858,554,5
77906,696,858,558,5
77907,696,858,559,5
77908,696,858,560,4
77909,696,858,562,4
77910,696,858,564,2
77911,696,858,567,5
77912,696,858,569,5
77913,696,858,572,4
77914,696,858,574,5
77915,696,858,577,5
77916,696,858,578,4
77917,696,858,580,5
77918,696,858,582,3.5
77919,696,858,583,5
77920,696,858,585,5
77921,696,858,587,5
77922,696,858,594,5
77923,696,858,596,5
77924,696,858,598,4
77925,696,858,605,5
77926,696,858,606,5
77927,696,858,607,4.5
77928,696,858,608,5
77929,696,858,609,5
77930,696,858,613,5
77931,696,858,614,5
77932,696,858,615,4
77933,696,858,616,4
77934,696,858,624,5
77935,696,858,626,5
77936,696,858,627,5
77937,696,858,630,5
77938,696,858,634,5
77939,696,858,637,5
77940,696,858,640,5
77941,696,858,643,5
77942,696,858,647,5
77943,696,858,648,3.5
77944,696,858,654,4.5
77945,696,858,656,5
77946,696,858,659,5
77947,696,858,664,4
77948,695,854,492,4
77949,694,852,18,3
77950,694,852,67,3
77951,694,852,70,5
77952,694,852,87,1
77953,694,852,105,2.5
77954,694,852,111,3.5
77955,694,852,139,2.5
77956,694,852,150,3.5
77957,694,852,162,3
77958,694,852,173,5
77959,694,852,182,4
77960,694,852,210,3.5
77961,694,852,215,3
77962,694,852,239,4
77963,694,852,242,4
77964,694,852,247,3
77965,694,852,252,3
77966,694,852,253,4.5
77967,694,852,284,3
77968,694,852,306,3
77969,694,852,311,3.5
77970,694,852,318,4
77971,694,852,343,4
77972,694,852,358,1
77973,694,852,361,3
77974,694,852,365,4
77975,694,852,376,2
77976,694,852,380,2
77977,694,852,382,3
77978,694,852,388,4
77979,694,852,390,3
77980,694,852,413,4
77981,694,852,434,4
77982,694,852,452,3
77983,694,852,460,1.5
77984,694,852,461,3.5
77985,694,852,463,3
77986,694,852,493,1
77987,694,852,509,3
77988,694,852,514,3
77989,694,852,516,4
77990,694,852,521,4
77991,694,852,534,4
77992,694,852,543,5
77993,694,852,555,2
77994,694,852,559,4
77995,694,852,607,3.5
77996,694,852,616,4
77997,694,852,641,4
77998,694,852,648,3
77999,694,852,654,2.5
78000,694,852,665,3
78001,693,851,15,4
78002,693,851,33,1
78003,693,851,111,3
78004,693,851,306,3
78005,693,851,509,3
78006,693,851,514,4
78007,693,851,547,3
78008,693,851,564,3
78009,692,850,344,5
78010,692,850,388,5
78011,692,850,509,3
78012,692,850,608,5
78013,691,849,18,4
78014,691,849,21,3
78015,691,849,41,4
78016,691,849,67,3
78017,691,849,70,5
78018,691,849,73,3.5
78019,691,849,77,2.5
78020,691,849,119,1
78021,691,849,135,1
78022,691,849,170,1
78023,691,849,177,3
78024,691,849,252,4
78025,691,849,253,0.5
78026,691,849,267,2.5
78027,691,849,299,3.5
78028,691,849,311,1.5
78029,691,849,318,3
78030,691,849,353,1
78031,691,849,380,2
78032,691,849,390,3
78033,691,849,423,3
78034,691,849,507,2
78035,691,849,551,3
78036,691,849,564,5
78037,691,849,577,3.5
78038,691,849,580,1.5
78039,691,849,586,1.5
78040,691,849,637,4
78041,690,848,211,5
78042,690,848,232,2
78043,690,848,381,3
78044,690,848,422,3
78045,690,848,434,4
78046,690,848,452,3
78047,690,848,466,4
78048,690,848,543,5
78049,690,848,547,2
78050,690,848,575,4
78051,690,848,659,3
78052,689,846,254,4
78053,689,846,558,4
78054,689,846,564,4
78055,688,845,510,5
78056,687,844,86,3
78057,686,842,25,2
78058,686,842,457,2
78059,686,842,564,3
78060,685,841,23,4
78061,685,841,236,4
78062,685,841,262,3.5
78063,685,841,470,2.5
78064,685,841,472,4
78065,685,841,564,4
78066,685,841,608,4
78067,684,840,518,3
78068,684,840,564,4
78069,683,839,70,5
78070,683,839,77,3
78071,683,839,111,4
78072,683,839,177,3
78073,683,839,233,3
78074,683,839,299,3.5
78075,683,839,361,5
78076,683,839,534,2
78077,683,839,609,1
78078,683,839,627,3.5
78079,683,839,665,3
78080,682,838,35,4
78081,682,838,36,4
78082,682,838,38,4.5
78083,682,838,43,4
78084,682,838,99,4
78085,682,838,169,3.5
78086,682,838,182,4
78087,682,838,212,4
78088,682,838,232,5
78089,682,838,242,3
78090,682,838,266,5
78091,682,838,280,5
78092,682,838,292,4
78093,682,838,294,4.5
78094,682,838,311,3
78095,682,838,358,2
78096,682,838,382,3
78097,682,838,390,4
78098,682,838,391,4
78099,682,838,394,4.5
78100,682,838,407,4
78101,682,838,434,5
78102,682,838,465,5
78103,682,838,468,3
78104,682,838,469,3.5
78105,682,838,472,2
78106,682,838,491,5
78107,682,838,493,4
78108,682,838,514,3
78109,682,838,529,4
78110,682,838,530,4
78111,682,838,547,3
78112,682,838,564,3
78113,682,838,575,5
78114,682,838,585,4
78115,682,838,598,2
78116,682,838,605,3
78117,682,838,614,3
78118,682,838,617,3
78119,682,838,641,5
78120,682,838,653,4
78121,681,837,43,4
78122,681,837,90,4
78123,681,837,106,5
78124,681,837,187,2.5
78125,681,837,212,3.5
78126,681,837,213,3
78127,681,837,239,5
78128,681,837,289,4
78129,681,837,321,4
78130,681,837,390,3
78131,681,837,412,3
78132,681,837,468,3
78133,681,837,472,4
78134,681,837,493,3
78135,681,837,518,3
78136,681,837,543,4
78137,681,837,641,4
78138,681,837,646,4
78139,680,836,15,2
78140,680,836,150,3
78141,680,836,186,1.5
78142,680,836,233,3
78143,680,836,284,3
78144,680,836,311,2
78145,680,836,344,2
78146,680,836,383,2
78147,680,836,384,2
78148,680,836,516,3
78149,680,836,518,4
78150,680,836,534,4
78151,680,836,564,2
78152,679,835,182,3
78153,679,835,189,3
78154,679,835,414,2
78155,679,835,496,5
78156,679,835,551,4
78157,679,835,564,2
78158,678,834,165,3
78159,677,833,247,3
78160,677,833,294,2
78161,677,833,296,4.5
78162,677,833,412,1
78163,676,832,15,1
78164,676,832,18,3
78165,676,832,25,3
78166,676,832,30,4
78167,676,832,33,4
78168,676,832,55,5
78169,676,832,63,2.5
78170,676,832,66,4
78171,676,832,70,5
78172,676,832,73,2.5
78173,676,832,90,4
78174,676,832,105,3
78175,676,832,118,4
78176,676,832,119,4
78177,676,832,143,3.5
78178,676,832,150,3.5
78179,676,832,160,5
78180,676,832,165,2.5
78181,676,832,173,4
78182,676,832,177,4
78183,676,832,201,4
78184,676,832,211,4
78185,676,832,213,4
78186,676,832,214,4
78187,676,832,220,3
78188,676,832,221,3
78189,676,832,223,5
78190,676,832,233,3
78191,676,832,235,4.5
78192,676,832,242,3
78193,676,832,243,3
78194,676,832,252,4
78195,676,832,256,4
78196,676,832,261,3
78197,676,832,268,3
78198,676,832,284,3
78199,676,832,292,4
78200,676,832,295,4.5
78201,676,832,306,4
78202,676,832,311,3
78203,676,832,313,4
78204,676,832,318,4
78205,676,832,323,4
78206,676,832,343,2
78207,676,832,353,2
78208,676,832,361,4
78209,676,832,380,4
78210,676,832,381,4
78211,676,832,383,4
78212,676,832,388,4
78213,676,832,390,3
78214,676,832,412,3
78215,676,832,413,4
78216,676,832,417,5
78217,676,832,431,3
78218,676,832,434,4
78219,676,832,452,3
78220,676,832,457,1.5
78221,676,832,461,1.5
78222,676,832,463,3
78223,676,832,480,5
78224,676,832,507,4
78225,676,832,518,3
78226,676,832,530,5
78227,676,832,533,3
78228,676,832,534,5
78229,676,832,550,2
78230,676,832,561,2
78231,676,832,580,2.5
78232,676,832,603,3
78233,676,832,607,4
78234,676,832,616,5
78235,676,832,627,3.5
78236,676,832,641,5
78237,676,832,654,4.5
78238,676,832,659,3
78239,675,831,564,4
78240,675,831,608,3
78241,674,830,86,2
78242,674,830,90,3
78243,674,830,182,5
78244,674,830,212,2
78245,674,830,239,3
78246,674,830,252,3
78247,674,830,294,4
78248,674,830,306,4
78249,674,830,311,1.5
78250,674,830,318,3
78251,674,830,361,3
78252,674,830,381,4
78253,674,830,390,4
78254,674,830,439,3
78255,674,830,452,3
78256,674,830,468,2
78257,674,830,509,2
78258,674,830,518,4
78259,674,830,537,3
78260,674,830,559,3
78261,674,830,564,4
78262,674,830,575,3
78263,674,830,605,3
78264,674,830,640,4
78265,674,830,641,3
78266,674,830,665,3
78267,673,829,150,1
78268,673,829,358,1
78269,673,829,380,1
78270,673,829,452,1
78271,673,829,518,1
78272,673,829,584,1
78273,673,829,605,1
78274,672,828,86,3
78275,672,828,311,2.5
78276,672,828,420,4
78277,672,828,518,4
78278,671,824,220,3
78279,671,824,492,4
78280,671,824,547,2
78281,670,820,492,5
78282,669,818,18,3
78283,669,818,135,2
78284,669,818,182,2
78285,669,818,294,3
78286,669,818,306,3
78287,669,818,312,4
78288,669,818,353,1.5
78289,669,818,390,2
78290,669,818,452,1
78291,669,818,461,2
78292,669,818,482,2
78293,669,818,564,4
78294,669,818,624,3.5
78295,669,818,654,3.5
78296,668,816,434,3
78297,667,813,390,3
78298,667,813,472,1
78299,667,813,646,4
78300,666,810,70,3
78301,666,810,165,2.5
78302,666,810,213,2
78303,666,810,380,0.5
78304,666,810,390,2
78305,666,810,525,2
78306,666,810,543,3
78307,666,810,564,1
78308,665,809,150,3
78309,665,809,196,2
78310,665,809,311,3
78311,665,809,390,3
78312,664,808,528,3.5
78313,664,808,605,3
78314,663,806,30,1
78315,663,806,154,4
78316,663,806,172,5
78317,663,806,407,2
78318,663,806,434,1
78319,663,806,468,3
78320,663,806,509,3
78321,663,806,558,4
78322,663,806,564,3
78323,662,805,8,3.5
78324,662,805,18,4
78325,662,805,19,3
78326,662,805,23,3.5
78327,662,805,30,5
78328,662,805,44,4
78329,662,805,55,5
78330,662,805,70,5
78331,662,805,80,4
78332,662,805,112,5
78333,662,805,150,4
78334,662,805,162,3
78335,662,805,165,4.5
78336,662,805,173,4
78337,662,805,187,4.5
78338,662,805,211,4
78339,662,805,212,3.5
78340,662,805,213,2.5
78341,662,805,223,4
78342,662,805,233,3
78343,662,805,235,4
78344,662,805,253,4
78345,662,805,284,5
78346,662,805,292,4
78347,662,805,294,3.5
78348,662,805,306,2
78349,662,805,311,3
78350,662,805,318,4
78351,662,805,350,5
78352,662,805,361,4
78353,662,805,383,3
78354,662,805,412,3
78355,662,805,416,4
78356,662,805,418,4
78357,662,805,434,2
78358,662,805,452,4
78359,662,805,461,1.5
78360,662,805,496,4
78361,662,805,514,3
78362,662,805,518,5
78363,662,805,521,3.5
78364,662,805,547,2.5
78365,662,805,559,5
78366,662,805,602,3
78367,662,805,616,4
78368,662,805,624,3
78369,662,805,641,5
78370,662,805,654,4.5
78371,662,805,659,3
78372,661,804,15,3.5
78373,661,804,173,4
78374,661,804,214,1
78375,661,804,220,3
78376,661,804,306,3
78377,661,804,358,2
78378,661,804,412,3
78379,661,804,434,4
78380,661,804,502,3
78381,661,804,530,2
78382,661,804,547,2
78383,661,804,564,4
78384,661,804,641,3
78385,661,804,665,3
78386,660,803,15,4.5
78387,660,803,547,4
78388,659,802,15,1
78389,659,802,18,4
78390,659,802,19,3
78391,659,802,23,3.5
78392,659,802,25,5
78393,659,802,44,3
78394,659,802,55,3
78395,659,802,70,5
78396,659,802,73,3
78397,659,802,80,3
78398,659,802,87,3
78399,659,802,88,1
78400,659,802,90,4
78401,659,802,100,4
78402,659,802,102,3
78403,659,802,110,4
78404,659,802,111,2.5
78405,659,802,112,4
78406,659,802,128,4
78407,659,802,156,4.5
78408,659,802,165,2.5
78409,659,802,182,5
78410,659,802,188,4
78411,659,802,209,3
78412,659,802,213,1.5
78413,659,802,223,4
78414,659,802,233,3
78415,659,802,235,4.5
78416,659,802,252,3
78417,659,802,253,3.5
78418,659,802,263,3
78419,659,802,284,4
78420,659,802,294,2
78421,659,802,306,2
78422,659,802,308,5
78423,659,802,311,1.5
78424,659,802,329,5
78425,659,802,343,1
78426,659,802,358,4
78427,659,802,361,3
78428,659,802,380,4
78429,659,802,383,3
78430,659,802,390,4
78431,659,802,416,3
78432,659,802,452,4
78433,659,802,461,1.5
78434,659,802,463,2
78435,659,802,468,2
78436,659,802,496,4
78437,659,802,507,3
78438,659,802,508,4
78439,659,802,509,2
78440,659,802,514,2
78441,659,802,518,5
78442,659,802,530,4
78443,659,802,534,5
78444,659,802,537,4
78445,659,802,543,4
78446,659,802,548,3
78447,659,802,555,1
78448,659,802,559,4
78449,659,802,561,3
78450,659,802,564,4
78451,659,802,580,2
78452,659,802,602,3
78453,659,802,607,3.5
78454,659,802,616,4
78455,659,802,624,3
78456,659,802,641,4
78457,659,802,654,4.5
78458,659,802,658,5
78459,659,802,665,3
78460,658,801,61,2.5
78461,658,801,182,3
78462,658,801,188,3
78463,658,801,232,4
78464,658,801,390,3
78465,658,801,393,3
78466,658,801,518,3
78467,658,801,537,3
78468,658,801,543,5
78469,658,801,564,4
78470,658,801,605,2
78471,658,801,653,3
78472,657,800,15,5
78473,657,800,19,3
78474,657,800,30,4
78475,657,800,57,5
78476,657,800,75,3
78477,657,800,80,5
78478,657,800,90,5
78479,657,800,102,4
78480,657,800,111,4
78481,657,800,119,4
78482,657,800,159,4.5
78483,657,800,214,4
78484,657,800,242,5
78485,657,800,309,4
78486,657,800,311,4.5
78487,657,800,321,4
78488,657,800,342,5
78489,657,800,373,4
78490,657,800,413,4
78491,657,800,434,4
78492,657,800,452,4
78493,657,800,472,4
78494,657,800,509,4
78495,657,800,514,5
78496,657,800,537,5
78497,657,800,547,3
78498,657,800,564,5
78499,657,800,569,2
78500,657,800,587,3.5
78501,657,800,597,5
78502,657,800,605,3
78503,657,800,608,4
78504,657,800,642,4
78505,657,800,658,3
78506,657,800,659,3
78507,656,799,15,3
78508,656,799,19,3
78509,656,799,70,4
78510,656,799,73,3.5
78511,656,799,83,3.5
78512,656,799,102,3
78513,656,799,150,3
78514,656,799,159,3
78515,656,799,173,4
78516,656,799,213,3
78517,656,799,262,3
78518,656,799,318,3
78519,656,799,356,3.5
78520,656,799,396,4
78521,656,799,482,3
78522,656,799,491,3
78523,656,799,514,3
78524,656,799,518,3
78525,656,799,534,3
78526,656,799,535,3
78527,656,799,564,4
78528,656,799,602,3
78529,656,799,617,3
78530,656,799,626,3
78531,655,798,177,4
78532,655,798,233,3
78533,655,798,284,4
78534,655,798,311,3
78535,655,798,318,4
78536,655,798,383,3
78537,655,798,384,2
78538,655,798,390,3
78539,655,798,518,4
78540,655,798,534,4
78541,655,798,550,3
78542,655,798,564,4
78543,654,793,492,4
78544,653,788,5,3.5
78545,653,788,15,1.5
78546,653,788,18,3
78547,653,788,19,3
78548,653,788,23,2
78549,653,788,25,2
78550,653,788,36,2
78551,653,788,44,3
78552,653,788,55,5
78553,653,788,67,3
78554,653,788,69,2
78555,653,788,70,5
78556,653,788,73,2.5
78557,653,788,78,3.5
78558,653,788,105,2.5
78559,653,788,119,4
78560,653,788,128,4
78561,653,788,150,3
78562,653,788,162,3
78563,653,788,164,2.5
78564,653,788,177,4
78565,653,788,185,2
78566,653,788,195,1
78567,653,788,213,1.5
78568,653,788,219,4
78569,653,788,223,3
78570,653,788,232,3
78571,653,788,252,3
78572,653,788,268,2
78573,653,788,311,2
78574,653,788,312,3
78575,653,788,313,3.5
78576,653,788,318,3
78577,653,788,346,1
78578,653,788,358,4
78579,653,788,361,4
78580,653,788,380,3
78581,653,788,388,4
78582,653,788,390,3
78583,653,788,416,3
78584,653,788,439,3
78585,653,788,457,1.5
78586,653,788,459,5
78587,653,788,468,1.5
78588,653,788,471,4
78589,653,788,484,4
78590,653,788,506,3
78591,653,788,518,4
78592,653,788,525,3
78593,653,788,531,3
78594,653,788,533,3
78595,653,788,537,4
78596,653,788,543,3
78597,653,788,548,3
78598,653,788,550,3
78599,653,788,551,4
78600,653,788,559,4
78601,653,788,564,4
78602,653,788,580,3
78603,653,788,596,3
78604,653,788,607,2.5
78605,653,788,616,4
78606,653,788,624,3
78607,653,788,636,3
78608,653,788,640,3
78609,653,788,646,5
78610,653,788,659,3
78611,653,788,665,3
78612,652,787,388,5
78613,652,787,608,4
78614,651,786,7,2
78615,651,786,15,0.5
78616,651,786,18,4
78617,651,786,19,3
78618,651,786,24,4
78619,651,786,25,3
78620,651,786,44,3
78621,651,786,50,3
78622,651,786,55,4
78623,651,786,70,5
78624,651,786,73,2
78625,651,786,75,1
78626,651,786,87,3
78627,651,786,100,3
78628,651,786,110,5
78629,651,786,124,3
78630,651,786,150,2.5
78631,651,786,177,4
78632,651,786,213,4
78633,651,786,223,5
78634,651,786,242,4
78635,651,786,247,4
78636,651,786,252,3
78637,651,786,253,2
78638,651,786,256,3
78639,651,786,268,3
78640,651,786,284,4
78641,651,786,292,3
78642,651,786,306,2
78643,651,786,311,3
78644,651,786,312,2
78645,651,786,318,4
78646,651,786,329,3
78647,651,786,339,3
78648,651,786,347,4
78649,651,786,353,1
78650,651,786,361,3
78651,651,786,381,4
78652,651,786,383,3
78653,651,786,384,3
78654,651,786,390,4
78655,651,786,396,3
78656,651,786,413,4
78657,651,786,416,4
78658,651,786,434,3
78659,651,786,452,3
78660,651,786,457,1.5
78661,651,786,461,1.5
78662,651,786,463,1
78663,651,786,490,4
78664,651,786,496,5
78665,651,786,502,3
78666,651,786,507,2
78667,651,786,516,4
78668,651,786,518,3
78669,651,786,534,3
78670,651,786,543,4
78671,651,786,548,3
78672,651,786,555,3
78673,651,786,562,3.5
78674,651,786,564,4
78675,651,786,577,4
78676,651,786,588,3
78677,651,786,596,3
78678,651,786,607,3
78679,651,786,615,3.5
78680,651,786,627,1.5
78681,651,786,629,1
78682,651,786,641,4
78683,650,785,11,3.5
78684,650,785,15,3
78685,650,785,18,4
78686,650,785,19,3
78687,650,785,22,2.5
78688,650,785,70,5
78689,650,785,73,3.5
78690,650,785,87,4
78691,650,785,95,4
78692,650,785,105,4
78693,650,785,119,4
78694,650,785,123,5
78695,650,785,130,2.5
78696,650,785,139,2.5
78697,650,785,150,3.5
78698,650,785,156,4.5
78699,650,785,166,2
78700,650,785,171,5
78701,650,785,189,4
78702,650,785,190,5
78703,650,785,219,4
78704,650,785,239,4
78705,650,785,240,4
78706,650,785,259,3
78707,650,785,275,3.5
78708,650,785,276,4
78709,650,785,306,2
78710,650,785,310,3.5
78711,650,785,343,3
78712,650,785,358,3
78713,650,785,361,3
78714,650,785,380,2
78715,650,785,388,3
78716,650,785,390,3
78717,650,785,408,1
78718,650,785,434,1
78719,650,785,457,3
78720,650,785,461,4
78721,650,785,462,3.5
78722,650,785,468,2.5
78723,650,785,472,4.5
78724,650,785,476,3
78725,650,785,502,5
78726,650,785,509,2
78727,650,785,534,3
78728,650,785,541,3
78729,650,785,548,3
78730,650,785,559,2
78731,650,785,564,4
78732,650,785,580,3.5
78733,650,785,581,0.5
78734,650,785,592,5
78735,650,785,598,4
78736,650,785,607,3.5
78737,650,785,624,4
78738,650,785,626,4
78739,650,785,644,3
78740,650,785,646,1
78741,650,785,648,3.5
78742,650,785,669,4
78743,649,784,15,2.5
78744,649,784,19,3
78745,649,784,22,1.5
78746,649,784,25,3
78747,649,784,48,2.5
78748,649,784,55,3
78749,649,784,67,3
78750,649,784,70,3
78751,649,784,73,1
78752,649,784,86,2
78753,649,784,105,2.5
78754,649,784,109,4
78755,649,784,115,2.5
78756,649,784,150,3
78757,649,784,165,2
78758,649,784,212,1.5
78759,649,784,217,3.5
78760,649,784,243,3
78761,649,784,247,3
78762,649,784,253,4.5
78763,649,784,268,2
78764,649,784,284,3
78765,649,784,285,1
78766,649,784,292,0.5
78767,649,784,306,4
78768,649,784,313,2
78769,649,784,318,4
78770,649,784,323,4
78771,649,784,353,1
78772,649,784,358,1
78773,649,784,383,2
78774,649,784,384,1.5
78775,649,784,388,4
78776,649,784,412,1
78777,649,784,416,2
78778,649,784,433,2
78779,649,784,452,2
78780,649,784,457,2.5
78781,649,784,460,4
78782,649,784,461,3
78783,649,784,468,2.5
78784,649,784,480,2
78785,649,784,490,4
78786,649,784,500,1
78787,649,784,502,4
78788,649,784,506,3
78789,649,784,514,2
78790,649,784,522,2.5
78791,649,784,523,2.5
78792,649,784,548,3
78793,649,784,554,1
78794,649,784,562,3
78795,649,784,564,3
78796,649,784,596,3.5
78797,649,784,603,5
78798,649,784,607,3
78799,649,784,627,1
78800,649,784,640,3
78801,649,784,665,1
78802,648,783,80,5
78803,648,783,86,3
78804,648,783,90,3
78805,648,783,111,1.5
78806,648,783,128,5
78807,648,783,154,3
78808,648,783,175,3
78809,648,783,176,3.5
78810,648,783,185,3
78811,648,783,187,3.5
78812,648,783,212,3.5
78813,648,783,213,2.5
78814,648,783,216,4
78815,648,783,253,3.5
78816,648,783,294,3
78817,648,783,318,3
78818,648,783,358,3
78819,648,783,361,4
78820,648,783,363,4
78821,648,783,382,3
78822,648,783,418,3.5
78823,648,783,419,4
78824,648,783,434,4
78825,648,783,458,2.5
78826,648,783,461,1.5
78827,648,783,466,4
78828,648,783,468,2.5
78829,648,783,472,2
78830,648,783,500,2.5
78831,648,783,507,4
78832,648,783,518,4
78833,648,783,523,3.5
78834,648,783,530,5
78835,648,783,543,4
78836,648,783,551,5
78837,648,783,561,3
78838,648,783,564,3
78839,648,783,582,4
78840,648,783,591,4
78841,648,783,592,1
78842,648,783,596,2.5
78843,648,783,602,4
78844,648,783,603,5
78845,648,783,605,3
78846,648,783,607,4
78847,648,783,621,1
78848,648,783,640,2
78849,648,783,646,5
78850,648,783,654,4
78851,647,782,30,3
78852,647,782,128,3
78853,647,782,284,3
78854,647,782,318,3
78855,647,782,534,4
78856,647,782,564,4
78857,646,781,211,5
78858,646,781,452,3
78859,646,781,547,4
78860,646,781,636,3
78861,645,780,7,3
78862,645,780,15,2.5
78863,645,780,18,3
78864,645,780,19,3
78865,645,780,20,5
78866,645,780,21,3
78867,645,780,23,3.5
78868,645,780,24,4
78869,645,780,25,4
78870,645,780,26,3.5
78871,645,780,30,4
78872,645,780,41,4
78873,645,780,42,4.5
78874,645,780,44,5
78875,645,780,49,4
78876,645,780,50,4
78877,645,780,55,5
78878,645,780,67,4
78879,645,780,68,3.5
78880,645,780,70,4
78881,645,780,73,3.5
78882,645,780,77,3.5
78883,645,780,78,4
78884,645,780,79,2.5
78885,645,780,80,4
78886,645,780,86,2
78887,645,780,87,3
78888,645,780,88,3.5
78889,645,780,89,4
78890,645,780,90,2
78891,645,780,92,2
78892,645,780,94,2
78893,645,780,95,4
78894,645,780,100,3
78895,645,780,102,2
78896,645,780,103,2
78897,645,780,105,2.5
78898,645,780,110,5
78899,645,780,112,4
78900,645,780,118,4
78901,645,780,119,3
78902,645,780,120,3.5
78903,645,780,121,5
78904,645,780,125,3
78905,645,780,128,5
78906,645,780,130,1.5
78907,645,780,134,4.5
78908,645,780,136,4
78909,645,780,138,0.5
78910,645,780,145,5
78911,645,780,146,3.5
78912,645,780,148,3.5
78913,645,780,149,3.5
78914,645,780,150,4
78915,645,780,152,4
78916,645,780,154,5
78917,645,780,155,2
78918,645,780,157,3
78919,645,780,159,3.5
78920,645,780,162,3
78921,645,780,163,3
78922,645,780,165,4
78923,645,780,168,4
78924,645,780,169,5
78925,645,780,173,4
78926,645,780,177,5
78927,645,780,182,5
78928,645,780,185,4
78929,645,780,187,4
78930,645,780,188,3
78931,645,780,189,3
78932,645,780,194,4
78933,645,780,197,5
78934,645,780,199,3.5
78935,645,780,200,2.5
78936,645,780,201,4
78937,645,780,211,4
78938,645,780,212,3
78939,645,780,213,5
78940,645,780,214,5
78941,645,780,220,3
78942,645,780,223,3
78943,645,780,232,3
78944,645,780,233,4
78945,645,780,235,1.5
78946,645,780,236,2
78947,645,780,237,2
78948,645,780,241,3
78949,645,780,243,1.5
78950,645,780,247,4
78951,645,780,248,4
78952,645,780,252,3
78953,645,780,253,3.5
78954,645,780,261,4.5
78955,645,780,262,1.5
78956,645,780,268,3
78957,645,780,281,2
78958,645,780,282,2
78959,645,780,283,2.5
78960,645,780,284,3
78961,645,780,285,4
78962,645,780,287,5
78963,645,780,288,5
78964,645,780,292,4.5
78965,645,780,294,4.5
78966,645,780,295,4
78967,645,780,303,3
78968,645,780,306,4
78969,645,780,308,3
78970,645,780,311,4.5
78971,645,780,312,1
78972,645,780,318,5
78973,645,780,328,3.5
78974,645,780,329,4
78975,645,780,343,4
78976,645,780,344,3
78977,645,780,345,1.5
78978,645,780,346,3
78979,645,780,353,1.5
78980,645,780,355,3
78981,645,780,361,5
78982,645,780,363,2
78983,645,780,370,3
78984,645,780,380,4
78985,645,780,381,2
78986,645,780,383,4
78987,645,780,384,3
78988,645,780,388,1
78989,645,780,390,5
78990,645,780,394,3
78991,645,780,396,4
78992,645,780,402,4
78993,645,780,404,3
78994,645,780,405,4
78995,645,780,408,4
78996,645,780,413,4
78997,645,780,415,4
78998,645,780,416,3
78999,645,780,417,4
79000,645,780,418,4.5
79001,645,780,426,4
79002,645,780,430,2.5
79003,645,780,432,5
79004,645,780,434,1
79005,645,780,439,3
79006,645,780,442,3.5
79007,645,780,452,4
79008,645,780,453,4
79009,645,780,455,4.5
79010,645,780,457,1.5
79011,645,780,459,4
79012,645,780,461,1.5
79013,645,780,468,2
79014,645,780,471,3
79015,645,780,473,5
79016,645,780,480,4.5
79017,645,780,484,5
79018,645,780,486,2.5
79019,645,780,490,3
79020,645,780,496,5
79021,645,780,502,3
79022,645,780,506,3
79023,645,780,507,4
79024,645,780,508,4
79025,645,780,509,2
79026,645,780,514,3
79027,645,780,518,5
79028,645,780,520,2.5
79029,645,780,523,3
79030,645,780,529,1
79031,645,780,530,3
79032,645,780,533,4
79033,645,780,534,5
79034,645,780,537,5
79035,645,780,543,5
79036,645,780,544,3.5
79037,645,780,547,3.5
79038,645,780,548,4
79039,645,780,550,3
79040,645,780,555,3
79041,645,780,559,4
79042,645,780,560,4
79043,645,780,561,3
79044,645,780,562,4
79045,645,780,564,2
79046,645,780,570,4
79047,645,780,574,3.5
79048,645,780,577,3.5
79049,645,780,580,3
79050,645,780,584,4
79051,645,780,586,4
79052,645,780,589,4
79053,645,780,590,3
79054,645,780,592,5
79055,645,780,593,5
79056,645,780,596,3.5
79057,645,780,598,3
79058,645,780,603,4
79059,645,780,605,4
79060,645,780,607,3.5
79061,645,780,614,1
79062,645,780,615,3.5
79063,645,780,616,4
79064,645,780,618,2
79065,645,780,623,3.5
79066,645,780,624,3
79067,645,780,627,0.5
79068,645,780,632,4
79069,645,780,640,5
79070,645,780,641,5
79071,645,780,646,5
79072,645,780,648,2
79073,645,780,650,5
79074,645,780,652,5
79075,645,780,654,4
79076,645,780,657,2
79077,645,780,659,3
79078,645,780,664,3.5
79079,644,779,207,0.5
79080,644,779,564,3
79081,644,779,605,3
79082,644,779,656,4
79083,643,778,3,4
79084,643,778,11,4.5
79085,643,778,15,4
79086,643,778,17,4.5
79087,643,778,23,4.5
79088,643,778,25,4
79089,643,778,26,4.5
79090,643,778,29,5
79091,643,778,31,3.5
79092,643,778,36,5
79093,643,778,38,4
79094,643,778,48,4.5
79095,643,778,56,4
79096,643,778,68,2.5
79097,643,778,72,4
79098,643,778,73,5
79099,643,778,78,4.5
79100,643,778,79,3
79101,643,778,80,5
79102,643,778,83,4
79103,643,778,86,4
79104,643,778,87,3
79105,643,778,88,4.5
79106,643,778,90,4
79107,643,778,92,5
79108,643,778,95,5
79109,643,778,102,4
79110,643,778,103,4.5
79111,643,778,105,4
79112,643,778,111,4
79113,643,778,119,4
79114,643,778,134,4.5
79115,643,778,135,5
79116,643,778,143,4.5
79117,643,778,147,5
79118,643,778,152,2
79119,643,778,157,4
79120,643,778,173,5
79121,643,778,178,4.5
79122,643,778,185,4
79123,643,778,199,4
79124,643,778,211,4
79125,643,778,212,5
79126,643,778,220,5
79127,643,778,230,4
79128,643,778,232,5
79129,643,778,241,4
79130,643,778,253,3.5
79131,643,778,262,3.5
79132,643,778,273,4
79133,643,778,274,4
79134,643,778,283,4
79135,643,778,295,3
79136,643,778,298,5
79137,643,778,303,4
79138,643,778,304,5
79139,643,778,306,4
79140,643,778,307,5
79141,643,778,313,4
79142,643,778,318,4
79143,643,778,334,3
79144,643,778,343,5
79145,643,778,344,5
79146,643,778,347,3.5
79147,643,778,348,1
79148,643,778,355,4.5
79149,643,778,358,4
79150,643,778,361,3
79151,643,778,373,5
79152,643,778,378,4.5
79153,643,778,379,4.5
79154,643,778,384,3
79155,643,778,388,5
79156,643,778,390,2
79157,643,778,391,5
79158,643,778,407,5
79159,643,778,408,5
79160,643,778,418,0.5
79161,643,778,423,3.5
79162,643,778,430,5
79163,643,778,434,4
79164,643,778,435,3
79165,643,778,450,4.5
79166,643,778,452,4
79167,643,778,457,4
79168,643,778,460,4
79169,643,778,461,4
79170,643,778,465,5
79171,643,778,468,4
79172,643,778,478,4.5
79173,643,778,480,4
79174,643,778,481,4.5
79175,643,778,483,5
79176,643,778,486,3.5
79177,643,778,488,4.5
79178,643,778,501,5
79179,643,778,502,5
79180,643,778,507,3
79181,643,778,509,4
79182,643,778,514,5
79183,643,778,522,3.5
79184,643,778,527,3.5
79185,643,778,544,5
79186,643,778,547,4
79187,643,778,548,5
79188,643,778,560,3.5
79189,643,778,562,4
79190,643,778,563,4.5
79191,643,778,564,4
79192,643,778,580,4.5
79193,643,778,587,4
79194,643,778,594,2
79195,643,778,595,5
79196,643,778,596,4.5
79197,643,778,602,5
79198,643,778,606,5
79199,643,778,607,4
79200,643,778,608,4
79201,643,778,615,3.5
79202,643,778,616,3
79203,643,778,627,3.5
79204,643,778,636,5
79205,643,778,648,5
79206,643,778,664,4.5
79207,642,775,564,2
79208,641,769,472,3
79209,640,767,30,4
79210,639,766,86,5
79211,639,766,90,3
79212,639,766,102,4
79213,639,766,383,5
79214,639,766,514,5
79215,639,766,547,3
79216,639,766,564,5
79217,639,766,595,3
79218,639,766,636,5
79219,638,765,18,2
79220,638,765,30,3
79221,638,765,140,4.5
79222,638,765,182,5
79223,638,765,252,3
79224,638,765,260,4
79225,638,765,358,1
79226,638,765,361,2
79227,638,765,416,3
79228,638,765,442,3
79229,638,765,473,4
79230,638,765,502,1
79231,638,765,559,3
79232,638,765,564,2
79233,638,765,575,2
79234,638,765,616,4
79235,638,765,651,2
79236,638,765,659,2
79237,637,764,602,5
79238,636,762,15,2
79239,636,762,18,1
79240,636,762,30,3
79241,636,762,70,4
79242,636,762,80,2
79243,636,762,87,3
79244,636,762,101,2.5
79245,636,762,105,3.5
79246,636,762,110,5
79247,636,762,113,5
79248,636,762,135,3
79249,636,762,154,4
79250,636,762,173,3
79251,636,762,212,2.5
79252,636,762,233,3
79253,636,762,239,3
79254,636,762,252,3
79255,636,762,263,3
79256,636,762,276,0.5
79257,636,762,284,3
79258,636,762,285,3
79259,636,762,306,1
79260,636,762,311,1.5
79261,636,762,331,1.5
79262,636,762,358,1
79263,636,762,361,3
79264,636,762,452,1
79265,636,762,490,3
79266,636,762,509,1
79267,636,762,514,1
79268,636,762,518,1
79269,636,762,522,1.5
79270,636,762,543,5
79271,636,762,574,0.5
79272,636,762,580,1
79273,636,762,607,2
79274,636,762,616,3
79275,636,762,636,3
79276,636,762,640,3
79277,635,761,55,2
79278,635,761,70,3
79279,635,761,73,2.5
79280,635,761,110,4
79281,635,761,232,4
79282,635,761,252,3
79283,635,761,284,3
79284,635,761,294,3
79285,635,761,318,1
79286,635,761,361,4
79287,635,761,466,4
79288,635,761,496,3
79289,635,761,537,1
79290,635,761,543,4
79291,635,761,603,3
79292,635,761,624,3
79293,635,761,640,5
79294,635,761,654,3.5
79295,634,760,153,5
79296,634,760,318,2
79297,634,760,492,3
79298,633,759,278,5
79299,633,759,388,5
79300,632,757,608,4
79301,631,756,86,3
79302,630,755,436,2
79303,629,754,135,3
79304,629,754,412,4
79305,629,754,564,4
79306,628,753,86,3
79307,628,753,393,3.5
79308,628,753,510,3
79309,628,753,514,4
79310,628,753,564,4
79311,627,750,15,4
79312,627,750,16,4
79313,627,750,19,5
79314,627,750,20,4
79315,627,750,21,5
79316,627,750,23,4.5
79317,627,750,30,3
79318,627,750,34,4
79319,627,750,49,4
79320,627,750,56,2
79321,627,750,77,4.5
79322,627,750,81,4
79323,627,750,83,5
79324,627,750,96,5
79325,627,750,97,4
79326,627,750,99,4
79327,627,750,102,5
79328,627,750,118,5
79329,627,750,119,5
79330,627,750,125,5
79331,627,750,130,3
79332,627,750,152,3
79333,627,750,155,3
79334,627,750,168,5
79335,627,750,178,3
79336,627,750,185,4
79337,627,750,197,4
79338,627,750,203,4.5
79339,627,750,212,3.5
79340,627,750,214,5
79341,627,750,215,5
79342,627,750,218,5
79343,627,750,220,4
79344,627,750,232,4
79345,627,750,236,5
79346,627,750,242,5
79347,627,750,243,4
79348,627,750,248,5
79349,627,750,253,3.5
79350,627,750,254,5
79351,627,750,265,5
79352,627,750,268,4.5
79353,627,750,278,4
79354,627,750,293,4
79355,627,750,294,3
79356,627,750,297,4.5
79357,627,750,303,3.5
79358,627,750,309,5
79359,627,750,311,3
79360,627,750,346,2
79361,627,750,353,3
79362,627,750,355,3.5
79363,627,750,362,4
79364,627,750,363,4
79365,627,750,367,4
79366,627,750,378,4
79367,627,750,380,4.5
79368,627,750,387,5
79369,627,750,388,4
79370,627,750,394,3.5
79371,627,750,402,3
79372,627,750,406,5
79373,627,750,420,5
79374,627,750,423,4.5
79375,627,750,434,4
79376,627,750,435,5
79377,627,750,436,5
79378,627,750,450,4.5
79379,627,750,452,5
79380,627,750,454,3
79381,627,750,468,4
79382,627,750,471,3.5
79383,627,750,472,5
79384,627,750,480,2.5
79385,627,750,481,5
79386,627,750,486,5
79387,627,750,494,4
79388,627,750,499,5
79389,627,750,502,4
79390,627,750,505,3.5
79391,627,750,509,4
79392,627,750,510,5
79393,627,750,514,5
79394,627,750,519,4
79395,627,750,520,4.5
79396,627,750,529,4.5
79397,627,750,537,5
79398,627,750,544,4.5
79399,627,750,547,5
79400,627,750,549,5
79401,627,750,563,5
79402,627,750,564,5
79403,627,750,567,4
79404,627,750,575,5
79405,627,750,580,4.5
79406,627,750,581,0.5
79407,627,750,584,2
79408,627,750,585,5
79409,627,750,587,4
79410,627,750,597,5
79411,627,750,608,5
79412,627,750,613,3.5
79413,627,750,637,5
79414,627,750,648,4
79415,627,750,655,5
79416,626,748,15,2.5
79417,626,748,18,3
79418,626,748,19,3
79419,626,748,41,3.5
79420,626,748,58,4
79421,626,748,70,3
79422,626,748,73,3.5
79423,626,748,177,3
79424,626,748,213,3.5
79425,626,748,242,3
79426,626,748,247,3
79427,626,748,286,4
79428,626,748,361,3
79429,626,748,383,3
79430,626,748,439,3
79431,626,748,507,4
79432,626,748,514,2
79433,626,748,550,5
79434,626,748,564,4
79435,626,748,603,3
79436,626,748,654,4
79437,626,748,659,2
79438,625,747,91,3.5
79439,625,747,135,2
79440,624,746,547,2
79441,623,745,7,5
79442,623,745,15,3
79443,623,745,20,5
79444,623,745,23,4.5
79445,623,745,59,5
79446,623,745,60,3.5
79447,623,745,70,4
79448,623,745,73,4
79449,623,745,77,3
79450,623,745,80,5
79451,623,745,88,3
79452,623,745,100,4
79453,623,745,102,4
79454,623,745,119,5
79455,623,745,130,4
79456,623,745,133,0.5
79457,623,745,159,3.5
79458,623,745,173,5
79459,623,745,185,5
79460,623,745,205,1
79461,623,745,214,5
79462,623,745,220,5
79463,623,745,234,4
79464,623,745,275,4.5
79465,623,745,283,5
79466,623,745,294,5
79467,623,745,309,5
79468,623,745,328,4.5
79469,623,745,343,5
79470,623,745,353,2.5
79471,623,745,357,5
79472,623,745,363,5
79473,623,745,394,2
79474,623,745,407,5
79475,623,745,422,5
79476,623,745,423,4.5
79477,623,745,424,4.5
79478,623,745,430,5
79479,623,745,434,5
79480,623,745,460,5
79481,623,745,461,4
79482,623,745,472,5
79483,623,745,501,4
79484,623,745,502,5
79485,623,745,507,5
79486,623,745,509,4
79487,623,745,514,4
79488,623,745,530,5
79489,623,745,531,3.5
79490,623,745,537,5
79491,623,745,547,2
79492,623,745,564,4
79493,623,745,585,4
79494,623,745,597,5
79495,623,745,599,1.5
79496,623,745,605,4
79497,623,745,613,4.5
79498,623,745,615,4
79499,623,745,624,4
79500,623,745,647,5
79501,623,745,667,5
79502,623,745,671,4
79503,622,743,18,3
79504,622,743,39,4
79505,622,743,67,2
79506,622,743,70,3
79507,622,743,163,0.5
79508,622,743,252,3
79509,622,743,294,3
79510,622,743,308,4
79511,622,743,318,3
79512,622,743,353,1.5
79513,622,743,361,3
79514,622,743,386,1
79515,622,743,423,3.5
79516,622,743,428,2
79517,622,743,442,3
79518,622,743,457,1.5
79519,622,743,488,3.5
79520,622,743,549,2
79521,622,743,564,3
79522,622,743,603,3
79523,622,743,624,3
79524,622,743,654,3.5
79525,621,742,73,2.5
79526,621,742,284,2
79527,621,742,390,1
79528,621,742,401,3
79529,621,742,518,5
79530,621,742,534,3
79531,620,741,48,4
79532,620,741,73,4
79533,620,741,77,4
79534,620,741,103,4.5
79535,620,741,157,4
79536,620,741,165,1
79537,620,741,177,4
79538,620,741,185,5
79539,620,741,199,5
79540,620,741,201,5
79541,620,741,205,4.5
79542,620,741,213,2.5
79543,620,741,257,5
79544,620,741,293,4.5
79545,620,741,298,5
79546,620,741,346,5
79547,620,741,352,4
79548,620,741,408,4
79549,620,741,430,5
79550,620,741,443,5
79551,620,741,514,4
79552,620,741,516,4
79553,620,741,548,3
79554,620,741,563,4.5
79555,620,741,564,4
79556,620,741,580,3.5
79557,620,741,664,4
79558,619,737,7,1
79559,619,737,12,3
79560,619,737,55,3
79561,619,737,70,3
79562,619,737,73,2.5
79563,619,737,135,1
79564,619,737,189,1
79565,619,737,247,3
79566,619,737,252,3
79567,619,737,318,4
79568,619,737,361,4
79569,619,737,380,1
79570,619,737,453,3
79571,619,737,564,2
79572,619,737,607,1
79573,618,736,3,3.5
79574,618,736,7,1
79575,618,736,12,4
79576,618,736,15,1
79577,618,736,17,2.5
79578,618,736,18,2
79579,618,736,19,3
79580,618,736,20,3.5
79581,618,736,24,3
79582,618,736,30,4
79583,618,736,41,4
79584,618,736,44,4
79585,618,736,49,4
79586,618,736,55,3
79587,618,736,67,4
79588,618,736,70,4
79589,618,736,73,1.5
79590,618,736,77,2
79591,618,736,78,4.5
79592,618,736,79,3
79593,618,736,87,2
79594,618,736,88,3.5
79595,618,736,90,3
79596,618,736,92,2
79597,618,736,99,3
79598,618,736,100,3
79599,618,736,103,2.5
79600,618,736,105,2.5
79601,618,736,110,3
79602,618,736,112,1
79603,618,736,119,2
79604,618,736,120,3
79605,618,736,121,4
79606,618,736,126,3
79607,618,736,127,4
79608,618,736,128,5
79609,618,736,129,3
79610,618,736,130,3
79611,618,736,134,4.5
79612,618,736,135,1
79613,618,736,137,4
79614,618,736,146,3.5
79615,618,736,150,4
79616,618,736,152,1
79617,618,736,157,2.5
79618,618,736,162,2
79619,618,736,165,2.5
79620,618,736,173,4
79621,618,736,177,4
79622,618,736,182,5
79623,618,736,188,4
79624,618,736,189,2
79625,618,736,192,3
79626,618,736,194,4
79627,618,736,195,2
79628,618,736,201,4
79629,618,736,212,3
79630,618,736,213,4
79631,618,736,223,3
79632,618,736,224,4
79633,618,736,232,4
79634,618,736,233,3
79635,618,736,240,2.5
79636,618,736,252,5
79637,618,736,256,3
79638,618,736,262,2
79639,618,736,268,3
79640,618,736,282,3.5
79641,618,736,285,2
79642,618,736,288,5
79643,618,736,292,4.5
79644,618,736,295,3.5
79645,618,736,306,4
79646,618,736,308,5
79647,618,736,311,4.5
79648,618,736,312,4
79649,618,736,313,3
79650,618,736,318,3
79651,618,736,328,3.5
79652,618,736,329,4
79653,618,736,353,1.5
79654,618,736,355,2.5
79655,618,736,361,5
79656,618,736,383,3
79657,618,736,390,4
79658,618,736,412,4
79659,618,736,413,3
79660,618,736,415,5
79661,618,736,416,3
79662,618,736,418,4
79663,618,736,430,2
79664,618,736,442,3.5
79665,618,736,452,3
79666,618,736,453,4
79667,618,736,455,4
79668,618,736,457,2
79669,618,736,458,3
79670,618,736,459,3
79671,618,736,461,1
79672,618,736,463,4
79673,618,736,468,2
79674,618,736,471,3
79675,618,736,480,4.5
79676,618,736,484,3
79677,618,736,487,5
79678,618,736,490,3
79679,618,736,493,4
79680,618,736,500,1
79681,618,736,502,3
79682,618,736,507,5
79683,618,736,508,3
79684,618,736,509,2
79685,618,736,516,5
79686,618,736,518,4
79687,618,736,523,3
79688,618,736,527,0.5
79689,618,736,530,4
79690,618,736,534,5
79691,618,736,537,3
79692,618,736,543,5
79693,618,736,547,3
79694,618,736,550,3
79695,618,736,553,3
79696,618,736,562,3.5
79697,618,736,564,5
79698,618,736,568,4
79699,618,736,574,3
79700,618,736,577,3
79701,618,736,580,2
79702,618,736,590,3
79703,618,736,592,4
79704,618,736,596,3.5
79705,618,736,602,3
79706,618,736,603,3
79707,618,736,607,3.5
79708,618,736,615,3
79709,618,736,616,4
79710,618,736,623,4
79711,618,736,624,3
79712,618,736,627,2.5
79713,618,736,636,3
79714,618,736,639,3
79715,618,736,640,3
79716,618,736,641,5
79717,618,736,650,4
79718,618,736,654,3
79719,618,736,659,3
79720,618,736,662,1
79721,618,736,665,3
79722,618,736,667,4
79723,617,735,10,4
79724,617,735,73,4
79725,617,735,103,4
79726,617,735,119,4
79727,617,735,346,5
79728,617,735,564,4
79729,617,735,580,3
79730,617,735,609,5
79731,616,733,9,2
79732,616,733,15,3.5
79733,616,733,18,4
79734,616,733,19,3
79735,616,733,21,3
79736,616,733,26,3
79737,616,733,30,4
79738,616,733,42,3.5
79739,616,733,44,4
79740,616,733,49,3
79741,616,733,55,4
79742,616,733,67,4
79743,616,733,70,5
79744,616,733,73,3
79745,616,733,77,3
79746,616,733,85,5
79747,616,733,87,3
79748,616,733,88,3
79749,616,733,90,4
79750,616,733,93,3
79751,616,733,94,2.5
79752,616,733,95,4
79753,616,733,99,2
79754,616,733,100,3
79755,616,733,104,4.5
79756,616,733,105,3
79757,616,733,110,5
79758,616,733,111,3.5
79759,616,733,112,4
79760,616,733,116,4
79761,616,733,119,4
79762,616,733,120,3
79763,616,733,128,5
79764,616,733,146,4
79765,616,733,150,3.5
79766,616,733,152,2.5
79767,616,733,157,3
79768,616,733,159,2.5
79769,616,733,165,3
79770,616,733,173,5
79771,616,733,177,4
79772,616,733,181,4
79773,616,733,182,5
79774,616,733,188,4
79775,616,733,211,4
79776,616,733,213,4
79777,616,733,220,3
79778,616,733,223,5
79779,616,733,232,4
79780,616,733,233,3
79781,616,733,235,4.5
79782,616,733,239,4
79783,616,733,242,5
79784,616,733,243,4
79785,616,733,245,5
79786,616,733,247,4
79787,616,733,252,5
79788,616,733,253,4
79789,616,733,268,3
79790,616,733,284,5
79791,616,733,285,3
79792,616,733,287,4.5
79793,616,733,295,4
79794,616,733,300,5
79795,616,733,306,4
79796,616,733,311,2.5
79797,616,733,312,3
79798,616,733,313,4.5
79799,616,733,318,3
79800,616,733,329,4
79801,616,733,342,4
79802,616,733,343,5
79803,616,733,344,3
79804,616,733,353,2
79805,616,733,355,3.5
79806,616,733,361,1
79807,616,733,380,4
79808,616,733,383,3
79809,616,733,384,5
79810,616,733,388,4
79811,616,733,390,4
79812,616,733,394,4
79813,616,733,408,4
79814,616,733,413,5
79815,616,733,416,4
79816,616,733,418,4
79817,616,733,426,3.5
79818,616,733,430,4
79819,616,733,434,4
79820,616,733,442,4
79821,616,733,452,3
79822,616,733,458,3.5
79823,616,733,459,4
79824,616,733,461,2
79825,616,733,463,3
79826,616,733,490,5
79827,616,733,496,5
79828,616,733,502,3
79829,616,733,507,3
79830,616,733,514,3
79831,616,733,516,3
79832,616,733,518,5
79833,616,733,520,3
79834,616,733,522,3
79835,616,733,523,4.5
79836,616,733,525,4
79837,616,733,530,4
79838,616,733,532,4
79839,616,733,534,5
79840,616,733,543,5
79841,616,733,548,4
79842,616,733,550,4
79843,616,733,559,4
79844,616,733,561,4
79845,616,733,562,4
79846,616,733,564,4
79847,616,733,568,4
79848,616,733,570,4.5
79849,616,733,574,3
79850,616,733,580,2.5
79851,616,733,588,5
79852,616,733,589,4
79853,616,733,596,4
79854,616,733,603,5
79855,616,733,607,4
79856,616,733,615,3.5
79857,616,733,616,4
79858,616,733,623,4
79859,616,733,624,3
79860,616,733,627,2
79861,616,733,641,3
79862,616,733,648,2
79863,616,733,654,4
79864,616,733,659,3
79865,616,733,664,4
79866,615,731,223,3
79867,615,731,318,3
79868,615,731,534,3
79869,615,731,564,2
79870,614,728,57,5
79871,614,728,86,4
79872,614,728,87,5
79873,614,728,119,5
79874,614,728,131,5
79875,614,728,211,4
79876,614,728,307,3
79877,614,728,391,5
79878,614,728,393,3.5
79879,614,728,434,4
79880,614,728,452,4
79881,614,728,472,3
79882,614,728,507,1
79883,614,728,529,4
79884,614,728,547,3
79885,614,728,564,5
79886,613,726,452,3
79887,613,726,616,3
79888,612,725,239,3
79889,612,725,358,1
79890,612,725,388,3
79891,612,725,580,2.5
79892,611,724,7,2
79893,611,724,15,2
79894,611,724,19,3
79895,611,724,34,4
79896,611,724,35,2
79897,611,724,46,5
79898,611,724,55,4
79899,611,724,67,3
79900,611,724,70,3
79901,611,724,86,3
79902,611,724,95,3
79903,611,724,96,3
79904,611,724,98,5
79905,611,724,128,3
79906,611,724,187,4
79907,611,724,195,2
79908,611,724,213,2.5
79909,611,724,225,4
79910,611,724,325,1.5
79911,611,724,361,3
79912,611,724,366,2.5
79913,611,724,377,5
79914,611,724,396,4
79915,611,724,429,2.5
79916,611,724,461,2
79917,611,724,484,4
79918,611,724,487,4
79919,611,724,496,3
79920,611,724,506,3
79921,611,724,533,2
79922,611,724,564,5
79923,611,724,605,2
79924,611,724,616,3
79925,611,724,636,3
79926,611,724,641,3
79927,611,724,659,2
79928,610,722,195,4
79929,610,722,564,4
79930,609,721,492,4
79931,608,720,2,4
79932,608,720,7,5
79933,608,720,15,3
79934,608,720,20,5
79935,608,720,26,3
79936,608,720,36,4
79937,608,720,59,4.5
79938,608,720,60,4
79939,608,720,63,4
79940,608,720,77,3
79941,608,720,86,4
79942,608,720,99,5
79943,608,720,130,4
79944,608,720,184,5
79945,608,720,185,4
79946,608,720,205,1
79947,608,720,232,5
79948,608,720,234,3.5
79949,608,720,283,5
79950,608,720,311,3.5
79951,608,720,328,4.5
79952,608,720,357,5
79953,608,720,363,5
79954,608,720,381,5
79955,608,720,435,5
79956,608,720,461,4
79957,608,720,469,4
79958,608,720,472,5
79959,608,720,502,3
79960,608,720,511,5
79961,608,720,514,5
79962,608,720,530,5
79963,608,720,531,4
79964,608,720,537,5
79965,608,720,547,2
79966,608,720,564,4
79967,608,720,582,1
79968,608,720,585,4
79969,608,720,591,3
79970,608,720,607,4
79971,608,720,609,1
79972,608,720,624,4
79973,608,720,646,5
79974,608,720,653,5
79975,608,720,668,3
79976,607,719,18,3
79977,607,719,55,4
79978,607,719,67,1
79979,607,719,70,4
79980,607,719,73,2.5
79981,607,719,110,5
79982,607,719,162,3
79983,607,719,182,4
79984,607,719,213,2.5
79985,607,719,239,3
79986,607,719,252,3
79987,607,719,253,4
79988,607,719,284,3
79989,607,719,306,3
79990,607,719,358,1
79991,607,719,361,3
79992,607,719,390,2
79993,607,719,452,2
79994,607,719,460,2
79995,607,719,468,2.5
79996,607,719,469,0.5
79997,607,719,484,4
79998,607,719,518,2
79999,607,719,529,2
80000,607,719,537,2
80001,607,719,543,5
80002,607,719,548,3
80003,607,719,555,1
80004,607,719,559,4
80005,607,719,564,2
80006,607,719,613,1.5
80007,607,719,616,3
80008,607,719,646,4
80009,607,719,652,4
80010,606,718,552,2
80011,606,718,555,3
80012,606,718,587,4
80013,605,715,232,4
80014,605,715,492,2
80015,605,715,497,2
80016,604,714,17,4.5
80017,604,714,255,4.5
80018,604,714,262,3
80019,604,714,299,4.5
80020,604,714,430,4.5
80021,604,714,472,1
80022,604,714,502,5
80023,604,714,509,2
80024,604,714,510,1
80025,604,714,537,4
80026,604,714,544,5
80027,603,711,67,3
80028,603,711,70,4
80029,603,711,113,5
80030,603,711,154,3
80031,603,711,305,1
80032,603,711,318,2
80033,603,711,361,4
80034,603,711,518,4
80035,603,711,640,3
80036,602,710,358,1
80037,602,710,390,2
80038,601,709,67,4
80039,601,709,85,1
80040,601,709,176,2.5
80041,601,709,185,3
80042,601,709,213,2
80043,601,709,294,3
80044,601,709,363,2
80045,601,709,437,3
80046,601,709,466,3
80047,601,709,518,5
80048,601,709,564,3
80049,601,709,665,3
80050,600,708,7,3
80051,600,708,15,3
80052,600,708,18,4
80053,600,708,55,3
80054,600,708,67,3
80055,600,708,70,5
80056,600,708,73,2.5
80057,600,708,75,4
80058,600,708,86,3
80059,600,708,88,3.5
80060,600,708,100,3
80061,600,708,111,4
80062,600,708,112,5
80063,600,708,134,4
80064,600,708,154,3
80065,600,708,162,3
80066,600,708,173,3
80067,600,708,182,4
80068,600,708,211,4
80069,600,708,235,4
80070,600,708,239,5
80071,600,708,240,4
80072,600,708,256,3
80073,600,708,285,3
80074,600,708,294,4
80075,600,708,306,3
80076,600,708,311,0.5
80077,600,708,312,3
80078,600,708,329,4
80079,600,708,353,2
80080,600,708,358,3
80081,600,708,380,3
80082,600,708,381,5
80083,600,708,390,4
80084,600,708,412,3
80085,600,708,413,4
80086,600,708,425,1
80087,600,708,452,3
80088,600,708,461,1.5
80089,600,708,463,4
80090,600,708,468,2.5
80091,600,708,472,4
80092,600,708,487,4
80093,600,708,491,4
80094,600,708,500,4
80095,600,708,502,4
80096,600,708,514,2
80097,600,708,518,5
80098,600,708,537,4
80099,600,708,543,4
80100,600,708,547,2.5
80101,600,708,548,3
80102,600,708,564,4
80103,600,708,575,2
80104,600,708,580,2.5
80105,600,708,593,5
80106,600,708,640,3
80107,600,708,641,4
80108,600,708,652,4
80109,600,708,654,3
80110,600,708,665,3
80111,599,707,18,3
80112,599,707,25,3
80113,599,707,30,3
80114,599,707,55,2
80115,599,707,67,4
80116,599,707,70,5
80117,599,707,119,3
80118,599,707,162,3
80119,599,707,182,3
80120,599,707,232,5
80121,599,707,233,3
80122,599,707,253,3.5
80123,599,707,306,3
80124,599,707,311,2.5
80125,599,707,321,4
80126,599,707,330,2
80127,599,707,358,2
80128,599,707,361,3
80129,599,707,383,2
80130,599,707,434,3
80131,599,707,452,3
80132,599,707,505,3
80133,599,707,514,2
80134,599,707,534,4
80135,599,707,564,5
80136,599,707,608,3
80137,599,707,650,2
80138,598,705,187,2.5
80139,598,705,564,2
80140,598,705,641,4
80141,597,704,70,4
80142,597,704,73,3
80143,597,704,318,5
80144,597,704,383,3
80145,597,704,580,2
80146,597,704,650,1
80147,596,703,19,3
80148,595,702,481,5
80149,594,700,180,3
80150,594,700,259,3
80151,594,700,414,2
80152,594,700,500,4
80153,594,700,575,4
80154,594,700,605,3
80155,594,700,624,3
80156,593,698,224,3
80157,592,697,381,4
80158,592,697,502,4
80159,592,697,564,2
80160,591,696,510,3
80161,591,696,608,1
80162,590,695,242,4
80163,590,695,564,4
80164,589,694,67,3
80165,589,694,70,5
80166,589,694,73,3
80167,589,694,284,2
80168,589,694,311,2.5
80169,589,694,390,1
80170,589,694,413,3
80171,589,694,453,2
80172,589,694,507,3
80173,589,694,650,4
80174,588,692,247,2
80175,587,691,177,4
80176,587,691,242,3
80177,587,691,311,2.5
80178,587,691,452,3
80179,587,691,493,4
80180,587,691,518,3
80181,587,691,564,4
80182,586,690,492,4
80183,585,688,49,3
80184,585,688,85,1
80185,585,688,105,2.5
80186,585,688,119,2
80187,585,688,182,4
80188,585,688,239,2
80189,585,688,453,3
80190,585,688,534,2
80191,585,688,624,2
80192,585,688,653,3
80193,584,687,182,3
80194,584,687,659,3
80195,583,685,211,4
80196,583,685,254,3
80197,583,685,529,4
80198,583,685,547,1.5
80199,582,681,492,3
80200,581,680,15,2
80201,581,680,17,4.5
80202,581,680,255,4
80203,581,680,408,5
80204,581,680,481,4
80205,581,680,564,4
80206,580,679,434,4
80207,579,678,34,5
80208,579,678,119,4
80209,579,678,348,5
80210,579,678,423,4
80211,579,678,466,4
80212,579,678,472,4
80213,579,678,509,4
80214,579,678,558,5
80215,579,678,562,3.5
80216,579,678,564,4
80217,579,678,609,1
80218,579,678,661,2.5
80219,578,674,15,3
80220,578,674,19,4
80221,578,674,41,4
80222,578,674,49,3
80223,578,674,118,2
80224,578,674,130,1
80225,578,674,197,3
80226,578,674,232,3
80227,578,674,263,2
80228,578,674,294,3
80229,578,674,311,1
80230,578,674,346,3
80231,578,674,401,5
80232,578,674,405,3
80233,578,674,439,2
80234,578,674,466,1
80235,578,674,509,2
80236,578,674,529,1
80237,578,674,547,3
80238,578,674,564,4
80239,578,674,580,3.5
80240,577,673,12,1
80241,577,673,48,3
80242,577,673,56,2
80243,577,673,61,2
80244,577,673,70,3
80245,577,673,73,3
80246,577,673,128,4
80247,577,673,154,4
80248,577,673,165,1.5
80249,577,673,173,4
80250,577,673,189,1
80251,577,673,199,3.5
80252,577,673,207,0.5
80253,577,673,212,2.5
80254,577,673,213,2
80255,577,673,226,1.5
80256,577,673,239,4
80257,577,673,246,4
80258,577,673,247,3
80259,577,673,252,5
80260,577,673,276,2
80261,577,673,310,1.5
80262,577,673,318,4
80263,577,673,358,2
80264,577,673,361,4
80265,577,673,384,3
80266,577,673,390,1
80267,577,673,409,5
80268,577,673,418,1.5
80269,577,673,455,2.5
80270,577,673,468,1.5
80271,577,673,506,2
80272,577,673,507,5
80273,577,673,518,5
80274,577,673,522,2.5
80275,577,673,525,1
80276,577,673,530,1
80277,577,673,534,4
80278,577,673,543,4
80279,577,673,559,3
80280,577,673,564,1
80281,577,673,574,2.5
80282,577,673,580,1
80283,577,673,603,3
80284,577,673,612,3.5
80285,577,673,624,3
80286,577,673,646,2
80287,577,673,654,3.5
80288,577,673,664,2.5
80289,577,673,665,2
80290,576,671,7,4
80291,576,671,20,4
80292,576,671,70,3
80293,576,671,80,4
80294,576,671,86,4
80295,576,671,103,4
80296,576,671,154,4
80297,576,671,165,3.5
80298,576,671,188,3
80299,576,671,224,4
80300,576,671,247,2
80301,576,671,346,5
80302,576,671,361,4
80303,576,671,383,3
80304,576,671,388,4
80305,576,671,395,5
80306,576,671,401,5
80307,576,671,408,5
80308,576,671,422,4
80309,576,671,439,3
80310,576,671,460,4.5
80311,576,671,502,5
80312,576,671,507,5
80313,576,671,547,4
80314,576,671,548,4
80315,576,671,549,5
80316,576,671,559,4
80317,576,671,564,4
80318,576,671,580,4
80319,576,671,597,4
80320,576,671,624,5
80321,576,671,640,3
80322,576,671,654,4
80323,575,670,23,4.5
80324,575,670,278,4
80325,575,670,564,1
80326,574,668,23,4.5
80327,574,668,81,5
80328,574,668,122,3
80329,574,668,587,3.5
80330,573,667,70,5
80331,573,667,390,2
80332,573,667,551,4
80333,572,665,15,3
80334,572,665,86,4
80335,572,665,220,2
80336,572,665,430,3
80337,572,665,550,5
80338,571,664,67,3
80339,571,664,564,4
80340,570,663,15,2
80341,570,663,19,4
80342,570,663,25,2
80343,570,663,39,4
80344,570,663,70,3
80345,570,663,83,5
80346,570,663,87,3
80347,570,663,172,5
80348,570,663,312,5
80349,570,663,346,2
80350,570,663,358,1
80351,570,663,388,4
80352,570,663,518,5
80353,570,663,543,4
80354,570,663,564,3
80355,570,663,624,3
80356,570,663,636,3
80357,569,662,19,3
80358,569,662,39,5
80359,569,662,128,4
80360,569,662,135,3
80361,569,662,177,5
80362,569,662,223,3
80363,569,662,412,1
80364,569,662,487,3
80365,569,662,564,1
80366,568,661,2,4
80367,568,661,19,4
80368,568,661,30,2
80369,568,661,61,2.5
80370,568,661,70,5
80371,568,661,80,4
80372,568,661,86,3
80373,568,661,90,3
80374,568,661,100,3
80375,568,661,102,5
80376,568,661,119,3
80377,568,661,130,3.5
80378,568,661,154,5
80379,568,661,185,4
80380,568,661,187,2.5
80381,568,661,188,4
80382,568,661,195,4
80383,568,661,211,4
80384,568,661,212,3
80385,568,661,213,1.5
80386,568,661,225,3
80387,568,661,234,3.5
80388,568,661,285,5
80389,568,661,343,4
80390,568,661,361,4
80391,568,661,363,3
80392,568,661,420,3
80393,568,661,431,3
80394,568,661,434,4
80395,568,661,437,3
80396,568,661,465,4
80397,568,661,468,3.5
80398,568,661,470,3
80399,568,661,472,4
80400,568,661,506,4
80401,568,661,514,4
80402,568,661,518,4
80403,568,661,530,5
80404,568,661,531,3.5
80405,568,661,537,4
80406,568,661,543,5
80407,568,661,564,4
80408,568,661,580,4
80409,568,661,582,2.5
80410,568,661,595,4
80411,568,661,602,5
80412,568,661,603,3
80413,568,661,605,3
80414,568,661,606,3
80415,568,661,607,3.5
80416,568,661,654,4
80417,568,661,665,3
80418,568,661,667,4
80419,567,659,472,4
80420,567,659,587,4.5
80421,566,656,239,3
80422,566,656,390,3
80423,565,653,18,4
80424,565,653,19,3
80425,565,653,23,2.5
80426,565,653,25,2
80427,565,653,49,4
80428,565,653,55,4
80429,565,653,60,2.5
80430,565,653,67,3
80431,565,653,70,5
80432,565,653,73,2.5
80433,565,653,105,4
80434,565,653,119,3
80435,565,653,165,1
80436,565,653,166,3
80437,565,653,173,3
80438,565,653,185,4
80439,565,653,188,3
80440,565,653,197,5
80441,565,653,212,2.5
80442,565,653,213,4
80443,565,653,215,3
80444,565,653,223,2
80445,565,653,232,4
80446,565,653,243,3
80447,565,653,252,4
80448,565,653,261,1
80449,565,653,271,2.5
80450,565,653,284,3
80451,565,653,285,4
80452,565,653,287,5
80453,565,653,293,3.5
80454,565,653,294,3
80455,565,653,308,2
80456,565,653,311,3
80457,565,653,318,3
80458,565,653,326,1
80459,565,653,329,3
80460,565,653,346,2
80461,565,653,361,5
80462,565,653,380,3
80463,565,653,384,1.5
80464,565,653,390,4
80465,565,653,396,4
80466,565,653,405,1.5
80467,565,653,430,0.5
80468,565,653,459,4
80469,565,653,461,2
80470,565,653,468,1.5
80471,565,653,480,4.5
80472,565,653,490,4
80473,565,653,496,4
80474,565,653,507,3
80475,565,653,514,4
80476,565,653,518,4
80477,565,653,543,5
80478,565,653,564,4
80479,565,653,580,2
80480,565,653,582,4
80481,565,653,602,1
80482,565,653,603,3
80483,565,653,607,3
80484,565,653,654,3.5
80485,564,651,525,1
80486,563,650,67,5
80487,563,650,86,3
80488,563,650,162,3
80489,563,650,211,4
80490,563,650,212,2
80491,563,650,265,2
80492,563,650,294,3.5
80493,563,650,311,3
80494,562,648,15,4
80495,562,648,18,3
80496,562,648,19,3
80497,562,648,21,3
80498,562,648,22,5
80499,562,648,23,4.5
80500,562,648,24,4
80501,562,648,26,2.5
80502,562,648,39,4
80503,562,648,41,4
80504,562,648,42,4
80505,562,648,44,3
80506,562,648,48,3.5
80507,562,648,55,5
80508,562,648,57,3
80509,562,648,67,3
80510,562,648,70,3
80511,562,648,73,3
80512,562,648,77,2.5
80513,562,648,78,5
80514,562,648,79,2.5
80515,562,648,85,5
80516,562,648,87,3
80517,562,648,88,3.5
80518,562,648,89,4
80519,562,648,90,4
80520,562,648,92,5
80521,562,648,93,3.5
80522,562,648,100,3
80523,562,648,105,3
80524,562,648,109,4
80525,562,648,110,4
80526,562,648,111,3.5
80527,562,648,112,2
80528,562,648,119,3
80529,562,648,120,3.5
80530,562,648,125,4
80531,562,648,127,4
80532,562,648,130,2
80533,562,648,134,4.5
80534,562,648,141,3
80535,562,648,148,4
80536,562,648,150,3.5
80537,562,648,154,5
80538,562,648,157,3.5
80539,562,648,161,3
80540,562,648,162,3
80541,562,648,163,3
80542,562,648,165,3.5
80543,562,648,168,3
80544,562,648,176,2.5
80545,562,648,188,3
80546,562,648,200,3.5
80547,562,648,201,4
80548,562,648,211,4
80549,562,648,212,3
80550,562,648,213,3
80551,562,648,214,3
80552,562,648,215,3
80553,562,648,220,4
80554,562,648,223,3
80555,562,648,233,3
80556,562,648,235,5
80557,562,648,240,3.5
80558,562,648,242,4
80559,562,648,243,3
80560,562,648,247,5
80561,562,648,252,4
80562,562,648,255,3
80563,562,648,256,1
80564,562,648,261,3.5
80565,562,648,268,3.5
80566,562,648,275,4.5
80567,562,648,281,3
80568,562,648,282,4
80569,562,648,284,4
80570,562,648,287,5
80571,562,648,292,4
80572,562,648,294,4
80573,562,648,295,4.5
80574,562,648,306,3
80575,562,648,308,5
80576,562,648,311,3
80577,562,648,312,4
80578,562,648,313,4
80579,562,648,318,4
80580,562,648,328,2.5
80581,562,648,329,4
80582,562,648,338,4
80583,562,648,343,4
80584,562,648,345,2
80585,562,648,346,4
80586,562,648,353,1.5
80587,562,648,355,3.5
80588,562,648,361,3
80589,562,648,383,4
80590,562,648,384,4
80591,562,648,388,4
80592,562,648,390,2
80593,562,648,394,4.5
80594,562,648,396,5
80595,562,648,398,4
80596,562,648,405,2
80597,562,648,410,5
80598,562,648,413,4
80599,562,648,416,3
80600,562,648,418,3.5
80601,562,648,430,4.5
80602,562,648,434,4
80603,562,648,452,3
80604,562,648,455,4
80605,562,648,457,1.5
80606,562,648,458,4.5
80607,562,648,459,4
80608,562,648,461,2
80609,562,648,466,1
80610,562,648,468,3
80611,562,648,480,3.5
80612,562,648,483,4
80613,562,648,484,4
80614,562,648,487,5
80615,562,648,490,4
80616,562,648,496,5
80617,562,648,502,3
80618,562,648,506,3
80619,562,648,507,4
80620,562,648,514,3
80621,562,648,516,3
80622,562,648,518,4
80623,562,648,520,3.5
80624,562,648,523,4.5
80625,562,648,524,2.5
80626,562,648,534,4
80627,562,648,537,3
80628,562,648,543,5
80629,562,648,548,3
80630,562,648,550,3
80631,562,648,551,4
80632,562,648,555,3
80633,562,648,558,4
80634,562,648,559,4
80635,562,648,560,4
80636,562,648,561,3.5
80637,562,648,564,2
80638,562,648,570,5
80639,562,648,574,3
80640,562,648,577,3.5
80641,562,648,580,2.5
80642,562,648,584,3.5
80643,562,648,585,2
80644,562,648,588,3
80645,562,648,593,4
80646,562,648,596,3.5
80647,562,648,597,3
80648,562,648,603,3
80649,562,648,605,4
80650,562,648,607,3.5
80651,562,648,623,4
80652,562,648,624,3
80653,562,648,627,3.5
80654,562,648,636,4
80655,562,648,640,3
80656,562,648,641,3
80657,562,648,649,3
80658,562,648,654,4.5
80659,562,648,657,3
80660,562,648,659,3
80661,562,648,664,4.5
80662,561,647,15,1.5
80663,561,647,30,5
80664,561,647,99,4
80665,561,647,111,2.5
80666,561,647,113,5
80667,561,647,173,4
80668,561,647,175,3
80669,561,647,182,5
80670,561,647,211,4
80671,561,647,232,3
80672,561,647,248,4
80673,561,647,252,4
80674,561,647,311,4
80675,561,647,342,3
80676,561,647,361,4
80677,561,647,380,4
80678,561,647,390,2
80679,561,647,419,3.5
80680,561,647,452,4
80681,561,647,461,1.5
80682,561,647,463,3
80683,561,647,510,3
80684,561,647,530,4
80685,561,647,543,5
80686,561,647,548,3
80687,561,647,550,4
80688,561,647,602,3
80689,561,647,607,4
80690,561,647,616,4
80691,561,647,641,4
80692,561,647,654,4.5
80693,560,640,18,3
80694,560,640,30,3
80695,560,640,36,3
80696,560,640,70,3
80697,560,640,86,3
80698,560,640,223,3
80699,560,640,224,3
80700,560,640,284,4
80701,560,640,361,3
80702,560,640,383,3
80703,560,640,390,3
80704,560,640,484,4
80705,560,640,487,3
80706,560,640,516,4
80707,560,640,551,3
80708,560,640,564,4
80709,560,640,636,4
80710,560,640,647,4
80711,559,639,168,3
80712,559,639,312,3
80713,559,639,509,3
80714,559,639,564,4
80715,559,639,636,3
80716,558,638,641,4
80717,557,637,44,2
80718,557,637,55,4
80719,557,637,67,3
80720,557,637,70,3
80721,557,637,113,5
80722,557,637,135,3
80723,557,637,154,3
80724,557,637,162,3
80725,557,637,182,4
80726,557,637,220,2
80727,557,637,256,3
80728,557,637,285,3
80729,557,637,294,3
80730,557,637,311,2
80731,557,637,353,1
80732,557,637,361,4
80733,557,637,383,3
80734,557,637,390,2
80735,557,637,396,3
80736,557,637,397,2.5
80737,557,637,460,3
80738,557,637,468,2
80739,557,637,551,4
80740,557,637,559,3
80741,557,637,564,1
80742,557,637,616,3
80743,557,637,624,2
80744,557,637,650,3
80745,557,637,661,0.5
80746,556,635,57,5
80747,556,635,311,3
80748,556,635,343,3
80749,556,635,387,5
80750,556,635,452,3
80751,556,635,537,5
80752,556,635,616,3
80753,555,633,86,5
80754,555,633,343,3
80755,555,633,564,4
80756,554,632,344,5
80757,554,632,608,4
80758,553,631,67,3
80759,553,631,70,5
80760,553,631,73,3
80761,553,631,361,4
80762,553,631,534,4
80763,553,631,543,3
80764,553,631,557,2
80765,553,631,564,2
80766,553,631,582,1.5
80767,553,631,640,5
80768,552,630,211,4
80769,552,630,659,3
80770,551,628,8,4
80771,551,628,15,2.5
80772,551,628,18,4
80773,551,628,19,3
80774,551,628,30,5
80775,551,628,44,3
80776,551,628,67,3
80777,551,628,70,5
80778,551,628,73,4.5
80779,551,628,96,3
80780,551,628,128,5
80781,551,628,177,5
80782,551,628,187,4
80783,551,628,210,4
80784,551,628,214,4
80785,551,628,216,4
80786,551,628,223,4
80787,551,628,224,4
80788,551,628,235,5
80789,551,628,242,4
80790,551,628,256,4
80791,551,628,284,5
80792,551,628,292,3.5
80793,551,628,295,4
80794,551,628,306,4
80795,551,628,310,3
80796,551,628,311,3
80797,551,628,330,3
80798,551,628,360,4
80799,551,628,361,3
80800,551,628,380,4
80801,551,628,383,4
80802,551,628,390,2
80803,551,628,407,3
80804,551,628,431,5
80805,551,628,434,3
80806,551,628,452,4
80807,551,628,459,4
80808,551,628,461,3
80809,551,628,463,4
80810,551,628,490,4
80811,551,628,518,4
80812,551,628,523,4.5
80813,551,628,534,4
80814,551,628,547,4
80815,551,628,548,4
80816,551,628,564,5
80817,551,628,596,4
80818,551,628,641,4
80819,551,628,652,4
80820,550,627,211,4
80821,550,627,224,4
80822,550,627,466,3
80823,550,627,509,3
80824,550,627,537,2
80825,550,627,564,4
80826,550,627,608,3
80827,550,627,641,3
80828,550,627,652,4
80829,549,626,534,2
80830,548,621,564,5
80831,548,621,609,1
80832,548,621,647,4
80833,547,620,468,2.5
80834,547,620,492,4
80835,546,619,294,3.5
80836,546,619,412,3
80837,546,619,414,1
80838,546,619,624,1
80839,545,617,609,1
80840,544,616,2,3
80841,544,616,4,5
80842,544,616,58,4
80843,544,616,61,1.5
80844,544,616,67,4
80845,544,616,80,4
80846,544,616,85,4
80847,544,616,86,3
80848,544,616,102,4
80849,544,616,113,5
80850,544,616,126,3
80851,544,616,170,2
80852,544,616,182,5
80853,544,616,213,1.5
80854,544,616,254,4
80855,544,616,287,4.5
80856,544,616,290,5
80857,544,616,294,4
80858,544,616,302,3
80859,544,616,311,2
80860,544,616,362,3.5
80861,544,616,363,4
80862,544,616,420,3
80863,544,616,428,2.5
80864,544,616,437,3
80865,544,616,466,5
80866,544,616,469,2
80867,544,616,500,3
80868,544,616,514,3
80869,544,616,518,4
80870,544,616,522,2
80871,544,616,529,4
80872,544,616,551,3
80873,544,616,552,4
80874,544,616,557,2.5
80875,544,616,564,4
80876,544,616,580,3.5
80877,544,616,593,4
80878,544,616,605,4
80879,544,616,624,4
80880,544,616,665,3
80881,544,616,667,3
80882,543,615,278,3
80883,543,615,558,4
80884,542,614,564,2
80885,542,614,609,1
80886,541,613,67,4
80887,541,613,70,5
80888,541,613,86,3
80889,541,613,122,3
80890,541,613,212,3
80891,541,613,223,5
80892,541,613,311,2
80893,541,613,390,3
80894,541,613,461,2.5
80895,541,613,493,4
80896,541,613,514,4
80897,541,613,575,4
80898,541,613,659,3
80899,540,612,19,3
80900,540,612,74,1
80901,540,612,233,3
80902,540,612,414,3
80903,540,612,518,2
80904,540,612,564,4
80905,539,611,39,5
80906,539,611,119,1
80907,539,611,177,3
80908,539,611,285,4
80909,539,611,308,2
80910,539,611,401,5
80911,539,611,564,1
80912,538,610,4,4
80913,538,610,7,3
80914,538,610,15,3
80915,538,610,19,4
80916,538,610,21,2
80917,538,610,24,3
80918,538,610,34,4
80919,538,610,41,3
80920,538,610,67,4
80921,538,610,73,1.5
80922,538,610,80,3
80923,538,610,85,3
80924,538,610,92,3
80925,538,610,95,4
80926,538,610,121,3
80927,538,610,130,2
80928,538,610,149,1
80929,538,610,177,5
80930,538,610,185,4
80931,538,610,197,5
80932,538,610,232,4
80933,538,610,254,4
80934,538,610,285,3
80935,538,610,304,3.5
80936,538,610,396,3
80937,538,610,401,5
80938,538,610,437,3
80939,538,610,463,4
80940,538,610,464,4
80941,538,610,564,4
80942,538,610,580,3.5
80943,538,610,597,2
80944,538,610,629,3
80945,537,609,55,3
80946,537,609,67,3
80947,537,609,70,5
80948,537,609,164,2
80949,537,609,182,3
80950,537,609,187,3.5
80951,537,609,254,4
80952,537,609,361,3
80953,537,609,390,3
80954,537,609,530,2
80955,537,609,543,3
80956,537,609,605,3
80957,537,609,632,3
80958,537,609,640,3
80959,536,608,9,5
80960,536,608,12,2
80961,536,608,15,5
80962,536,608,17,3.5
80963,536,608,18,4
80964,536,608,19,5
80965,536,608,20,2
80966,536,608,23,4.5
80967,536,608,25,3
80968,536,608,26,3.5
80969,536,608,30,5
80970,536,608,34,4
80971,536,608,43,5
80972,536,608,55,3
80973,536,608,57,5
80974,536,608,60,4
80975,536,608,66,4
80976,536,608,70,5
80977,536,608,72,4
80978,536,608,73,4
80979,536,608,77,2
80980,536,608,80,5
80981,536,608,83,4.5
80982,536,608,86,5
80983,536,608,87,5
80984,536,608,88,3.5
80985,536,608,90,5
80986,536,608,92,5
80987,536,608,96,4
80988,536,608,97,4
80989,536,608,99,5
80990,536,608,100,4
80991,536,608,102,5
80992,536,608,105,4
80993,536,608,111,5
80994,536,608,115,5
80995,536,608,118,5
80996,536,608,119,5
80997,536,608,120,1.5
80998,536,608,125,5
80999,536,608,130,2
81000,536,608,134,4.5
81001,536,608,147,5
81002,536,608,152,4.5
81003,536,608,154,5
81004,536,608,159,4
81005,536,608,161,3
81006,536,608,162,5
81007,536,608,164,4.5
81008,536,608,165,3
81009,536,608,166,3
81010,536,608,168,5
81011,536,608,171,5
81012,536,608,177,5
81013,536,608,178,4
81014,536,608,183,5
81015,536,608,189,5
81016,536,608,193,5
81017,536,608,195,4
81018,536,608,198,3.5
81019,536,608,199,3.5
81020,536,608,201,4
81021,536,608,207,5
81022,536,608,210,2.5
81023,536,608,211,4
81024,536,608,213,2
81025,536,608,214,5
81026,536,608,215,4
81027,536,608,219,2
81028,536,608,220,5
81029,536,608,223,5
81030,536,608,224,5
81031,536,608,230,4.5
81032,536,608,231,5
81033,536,608,232,5
81034,536,608,233,5
81035,536,608,235,4
81036,536,608,237,5
81037,536,608,240,5
81038,536,608,242,5
81039,536,608,254,5
81040,536,608,256,4
81041,536,608,257,4
81042,536,608,259,4
81043,536,608,265,5
81044,536,608,268,3.5
81045,536,608,274,5
81046,536,608,275,4
81047,536,608,281,4.5
81048,536,608,283,4
81049,536,608,284,4
81050,536,608,285,5
81051,536,608,292,4.5
81052,536,608,295,4
81053,536,608,297,2
81054,536,608,298,5
81055,536,608,299,5
81056,536,608,303,4
81057,536,608,304,5
81058,536,608,305,2
81059,536,608,306,4
81060,536,608,309,4.5
81061,536,608,311,4
81062,536,608,312,5
81063,536,608,318,3
81064,536,608,321,4
81065,536,608,327,5
81066,536,608,328,3
81067,536,608,342,5
81068,536,608,343,3
81069,536,608,345,5
81070,536,608,346,1
81071,536,608,358,5
81072,536,608,360,4
81073,536,608,361,3
81074,536,608,363,5
81075,536,608,367,4.5
81076,536,608,373,5
81077,536,608,380,4
81078,536,608,381,1
81079,536,608,383,5
81080,536,608,385,5
81081,536,608,387,5
81082,536,608,388,5
81083,536,608,390,4
81084,536,608,394,5
81085,536,608,400,4
81086,536,608,407,5
81087,536,608,408,4
81088,536,608,410,1
81089,536,608,411,4
81090,536,608,417,4
81091,536,608,422,5
81092,536,608,423,4
81093,536,608,428,4.5
81094,536,608,430,4
81095,536,608,433,5
81096,536,608,434,4
81097,536,608,436,5
81098,536,608,439,4
81099,536,608,442,4
81100,536,608,447,4
81101,536,608,450,5
81102,536,608,452,5
81103,536,608,454,5
81104,536,608,457,5
81105,536,608,460,4
81106,536,608,461,4
81107,536,608,463,4
81108,536,608,466,4
81109,536,608,467,5
81110,536,608,468,4
81111,536,608,472,3
81112,536,608,480,3.5
81113,536,608,481,4.5
81114,536,608,488,4
81115,536,608,492,3
81116,536,608,493,4
81117,536,608,501,3
81118,536,608,502,5
81119,536,608,505,3
81120,536,608,507,3
81121,536,608,509,4.5
81122,536,608,510,4
81123,536,608,511,5
81124,536,608,514,5
81125,536,608,518,5
81126,536,608,519,4
81127,536,608,521,5
81128,536,608,527,3.5
81129,536,608,528,4
81130,536,608,529,5
81131,536,608,530,5
81132,536,608,533,4
81133,536,608,537,3
81134,536,608,539,4
81135,536,608,543,5
81136,536,608,544,5
81137,536,608,545,5
81138,536,608,547,5
81139,536,608,548,5
81140,536,608,550,5
81141,536,608,555,4
81142,536,608,558,4
81143,536,608,559,5
81144,536,608,562,4.5
81145,536,608,563,4
81146,536,608,564,5
81147,536,608,565,5
81148,536,608,570,4
81149,536,608,574,5
81150,536,608,575,4
81151,536,608,580,4.5
81152,536,608,586,5
81153,536,608,587,4
81154,536,608,594,5
81155,536,608,595,5
81156,536,608,596,3.5
81157,536,608,602,4
81158,536,608,603,5
81159,536,608,605,3
81160,536,608,607,3.5
81161,536,608,608,5
81162,536,608,614,5
81163,536,608,615,4
81164,536,608,616,4
81165,536,608,624,4
81166,536,608,627,3.5
81167,536,608,635,4.5
81168,536,608,636,5
81169,536,608,640,5
81170,536,608,641,4
81171,536,608,644,5
81172,536,608,647,5
81173,536,608,648,4
81174,536,608,649,5
81175,536,608,654,4
81176,536,608,657,4
81177,536,608,658,5
81178,536,608,659,5
81179,536,608,667,5
81180,536,608,668,5
81181,536,608,670,5
81182,536,608,671,4
81183,535,606,39,4
81184,535,606,92,2
81185,535,606,457,1.5
81186,535,606,514,3
81187,535,606,564,4
81188,535,606,659,2
81189,534,605,23,4
81190,534,605,128,4
81191,534,605,162,3
81192,534,605,173,5
81193,534,605,211,4
81194,534,605,294,4
81195,534,605,306,3
81196,534,605,311,2.5
81197,534,605,312,3
81198,534,605,318,3
81199,534,605,343,4
81200,534,605,358,2
81201,534,605,382,4
81202,534,605,392,4
81203,534,605,452,2
81204,534,605,502,3
81205,534,605,509,2
81206,534,605,518,4
81207,534,605,665,3
81208,533,603,311,3
81209,532,600,177,4
81210,531,599,19,4
81211,531,599,34,3
81212,531,599,102,5
81213,531,599,119,4
81214,531,599,232,2
81215,531,599,236,4.5
81216,531,599,299,4.5
81217,531,599,311,2
81218,531,599,434,4
81219,531,599,472,5
81220,531,599,529,5
81221,531,599,587,3.5
81222,531,599,608,5
81223,531,599,624,5
81224,530,597,5,5
81225,530,597,15,2.5
81226,530,597,19,3
81227,530,597,20,4
81228,530,597,21,3
81229,530,597,23,3
81230,530,597,30,4
81231,530,597,36,3
81232,530,597,50,3
81233,530,597,67,5
81234,530,597,68,3
81235,530,597,69,4.5
81236,530,597,73,3
81237,530,597,77,2.5
81238,530,597,85,4
81239,530,597,86,3
81240,530,597,92,2
81241,530,597,93,3.5
81242,530,597,97,2
81243,530,597,98,5
81244,530,597,105,3.5
81245,530,597,110,5
81246,530,597,111,3
81247,530,597,118,3
81248,530,597,119,4
81249,530,597,120,3
81250,530,597,121,3
81251,530,597,125,3
81252,530,597,127,5
81253,530,597,128,5
81254,530,597,130,3
81255,530,597,134,3
81256,530,597,145,5
81257,530,597,151,3
81258,530,597,152,2
81259,530,597,159,3
81260,530,597,160,5
81261,530,597,161,3
81262,530,597,168,3
81263,530,597,182,5
81264,530,597,184,3
81265,530,597,187,4
81266,530,597,188,4
81267,530,597,192,2
81268,530,597,194,3
81269,530,597,195,3
81270,530,597,200,4
81271,530,597,212,3.5
81272,530,597,213,3
81273,530,597,219,3
81274,530,597,220,3
81275,530,597,232,2
81276,530,597,235,3.5
81277,530,597,240,3
81278,530,597,242,5
81279,530,597,247,3
81280,530,597,249,3
81281,530,597,253,3.5
81282,530,597,254,3
81283,530,597,262,2
81284,530,597,263,3.5
81285,530,597,268,2.5
81286,530,597,279,3
81287,530,597,281,4
81288,530,597,282,1.5
81289,530,597,283,3.5
81290,530,597,288,3
81291,530,597,292,4.5
81292,530,597,294,3
81293,530,597,295,4.5
81294,530,597,302,3
81295,530,597,303,3
81296,530,597,306,4
81297,530,597,308,2
81298,530,597,311,5
81299,530,597,312,5
81300,530,597,313,3
81301,530,597,338,3
81302,530,597,344,2
81303,530,597,353,1.5
81304,530,597,354,3
81305,530,597,355,2.5
81306,530,597,358,4
81307,530,597,369,4
81308,530,597,372,5
81309,530,597,380,3
81310,530,597,381,3
81311,530,597,385,3
81312,530,597,388,3
81313,530,597,394,3.5
81314,530,597,396,3
81315,530,597,399,3
81316,530,597,400,3
81317,530,597,416,4
81318,530,597,418,5
81319,530,597,422,4
81320,530,597,430,4
81321,530,597,442,4.5
81322,530,597,452,3
81323,530,597,458,4
81324,530,597,461,4.5
81325,530,597,462,3.5
81326,530,597,463,2
81327,530,597,468,2.5
81328,530,597,471,3.5
81329,530,597,487,4
81330,530,597,493,4
81331,530,597,495,3
81332,530,597,496,4
81333,530,597,500,2.5
81334,530,597,505,3.5
81335,530,597,508,2
81336,530,597,509,2
81337,530,597,514,3
81338,530,597,516,4
81339,530,597,517,4
81340,530,597,518,4
81341,530,597,527,2
81342,530,597,534,3
81343,530,597,535,1
81344,530,597,547,3.5
81345,530,597,548,3
81346,530,597,552,2
81347,530,597,560,3.5
81348,530,597,562,4.5
81349,530,597,564,4
81350,530,597,574,3
81351,530,597,577,3
81352,530,597,580,3
81353,530,597,590,3
81354,530,597,593,4
81355,530,597,596,3.5
81356,530,597,602,3
81357,530,597,607,3
81358,530,597,624,3
81359,530,597,627,3.5
81360,530,597,629,4
81361,530,597,641,4
81362,530,597,649,4
81363,530,597,652,3.5
81364,530,597,654,4
81365,530,597,659,3
81366,530,597,662,4
81367,530,597,664,3
81368,530,597,665,5
81369,530,597,666,2
81370,530,597,667,3
81371,529,596,4,5
81372,529,596,6,4
81373,529,596,19,5
81374,529,596,30,4
81375,529,596,61,2
81376,529,596,69,3
81377,529,596,73,3.5
81378,529,596,86,4
81379,529,596,88,4
81380,529,596,99,4
81381,529,596,102,4
81382,529,596,119,4
81383,529,596,126,4
81384,529,596,130,4
81385,529,596,148,4.5
81386,529,596,165,3
81387,529,596,176,0.5
81388,529,596,185,3
81389,529,596,187,3.5
81390,529,596,188,5
81391,529,596,212,3
81392,529,596,213,2
81393,529,596,216,3.5
81394,529,596,232,5
81395,529,596,254,5
81396,529,596,262,2
81397,529,596,294,3
81398,529,596,302,4
81399,529,596,311,2
81400,529,596,354,4
81401,529,596,358,3
81402,529,596,363,5
81403,529,596,387,5
81404,529,596,396,3
81405,529,596,400,4
81406,529,596,402,3
81407,529,596,420,3
81408,529,596,461,3
81409,529,596,466,5
81410,529,596,468,4
81411,529,596,487,4
81412,529,596,500,3
81413,529,596,501,3
81414,529,596,505,3
81415,529,596,514,4
81416,529,596,518,4
81417,529,596,531,3.5
81418,529,596,547,4
81419,529,596,560,4
81420,529,596,561,1.5
81421,529,596,564,4
81422,529,596,573,4
81423,529,596,575,4
81424,529,596,577,4
81425,529,596,580,3.5
81426,529,596,582,3.5
81427,529,596,591,3
81428,529,596,592,2
81429,529,596,595,4
81430,529,596,602,3
81431,529,596,603,4
81432,529,596,624,4
81433,529,596,629,3
81434,529,596,645,2
81435,529,596,646,4
81436,529,596,665,5
81437,528,595,3,2
81438,528,595,5,4
81439,528,595,7,3
81440,528,595,19,5
81441,528,595,20,4
81442,528,595,21,3
81443,528,595,23,4.5
81444,528,595,30,5
81445,528,595,32,2
81446,528,595,34,4
81447,528,595,37,5
81448,528,595,39,3
81449,528,595,47,3
81450,528,595,48,3.5
81451,528,595,61,2.5
81452,528,595,64,3
81453,528,595,67,4
81454,528,595,69,4
81455,528,595,73,4.5
81456,528,595,77,3.5
81457,528,595,82,5
81458,528,595,85,3
81459,528,595,86,3
81460,528,595,88,3.5
81461,528,595,92,5
81462,528,595,93,4
81463,528,595,97,1.5
81464,528,595,99,5
81465,528,595,108,5
81466,528,595,110,3
81467,528,595,111,3
81468,528,595,114,5
81469,528,595,119,4
81470,528,595,121,4
81471,528,595,122,3
81472,528,595,125,4
81473,528,595,126,4
81474,528,595,128,5
81475,528,595,130,3.5
81476,528,595,132,3
81477,528,595,133,2.5
81478,528,595,134,3
81479,528,595,136,4
81480,528,595,137,5
81481,528,595,145,4
81482,528,595,151,3
81483,528,595,161,3
81484,528,595,165,3
81485,528,595,175,4
81486,528,595,176,4
81487,528,595,178,3.5
81488,528,595,182,5
81489,528,595,184,4
81490,528,595,185,5
81491,528,595,187,4.5
81492,528,595,188,4
81493,528,595,191,2
81494,528,595,192,5
81495,528,595,195,3
81496,528,595,200,1
81497,528,595,211,4
81498,528,595,212,3.5
81499,528,595,213,3
81500,528,595,214,4
81501,528,595,220,4
81502,528,595,225,5
81503,528,595,232,4
81504,528,595,234,3.5
81505,528,595,237,3.5
81506,528,595,240,3.5
81507,528,595,241,3
81508,528,595,246,3
81509,528,595,254,4
81510,528,595,262,3.5
81511,528,595,266,3
81512,528,595,268,4.5
81513,528,595,279,2
81514,528,595,287,5
81515,528,595,288,3
81516,528,595,292,4
81517,528,595,294,5
81518,528,595,295,4
81519,528,595,302,4
81520,528,595,303,2.5
81521,528,595,304,1.5
81522,528,595,306,4
81523,528,595,311,3
81524,528,595,313,4
81525,528,595,317,3
81526,528,595,328,3.5
81527,528,595,330,4
81528,528,595,338,4
81529,528,595,344,3
81530,528,595,354,4
81531,528,595,357,5
81532,528,595,358,5
81533,528,595,363,5
81534,528,595,369,4
81535,528,595,375,1
81536,528,595,377,4.5
81537,528,595,381,5
81538,528,595,382,4
81539,528,595,389,4
81540,528,595,396,4
81541,528,595,400,4
81542,528,595,402,4
81543,528,595,408,3
81544,528,595,415,3
81545,528,595,420,4
81546,528,595,421,3
81547,528,595,428,3.5
81548,528,595,430,3.5
81549,528,595,434,5
81550,528,595,437,5
81551,528,595,440,3
81552,528,595,442,4
81553,528,595,447,3
81554,528,595,449,4
81555,528,595,460,4
81556,528,595,461,4.5
81557,528,595,463,5
81558,528,595,464,5
81559,528,595,466,5
81560,528,595,468,3
81561,528,595,472,5
81562,528,595,474,5
81563,528,595,480,3.5
81564,528,595,487,4
81565,528,595,495,4
81566,528,595,496,4
81567,528,595,500,3
81568,528,595,508,3
81569,528,595,509,3
81570,528,595,513,4
81571,528,595,514,3
81572,528,595,516,4
81573,528,595,517,5
81574,528,595,518,5
81575,528,595,520,4.5
81576,528,595,523,5
81577,528,595,530,5
81578,528,595,531,3
81579,528,595,535,1
81580,528,595,536,5
81581,528,595,538,3
81582,528,595,547,3.5
81583,528,595,548,3
81584,528,595,551,3
81585,528,595,561,3.5
81586,528,595,564,4
81587,528,595,568,4
81588,528,595,573,4
81589,528,595,575,5
81590,528,595,577,4.5
81591,528,595,580,3
81592,528,595,582,4
81593,528,595,584,4
81594,528,595,590,3
81595,528,595,595,2
81596,528,595,596,3
81597,528,595,602,5
81598,528,595,603,5
81599,528,595,607,2
81600,528,595,619,3
81601,528,595,623,3.5
81602,528,595,639,3
81603,528,595,646,5
81604,528,595,649,3
81605,528,595,653,5
81606,528,595,654,5
81607,528,595,655,4
81608,528,595,657,3
81609,528,595,658,3
81610,528,595,662,4
81611,528,595,665,5
81612,528,595,666,2
81613,527,594,4,5
81614,527,594,7,4
81615,527,594,14,1
81616,527,594,15,2.5
81617,527,594,19,4
81618,527,594,21,3
81619,527,594,30,3
81620,527,594,61,3.5
81621,527,594,73,3.5
81622,527,594,85,2
81623,527,594,86,4
81624,527,594,88,4
81625,527,594,102,5
81626,527,594,126,3
81627,527,594,130,4
81628,527,594,137,3
81629,527,594,182,5
81630,527,594,185,3
81631,527,594,187,4
81632,527,594,188,5
81633,527,594,192,5
81634,527,594,212,3
81635,527,594,213,2
81636,527,594,232,5
81637,527,594,268,5
81638,527,594,288,2
81639,527,594,293,0.5
81640,527,594,294,4
81641,527,594,302,3
81642,527,594,303,3.5
81643,527,594,311,3
81644,527,594,354,3
81645,527,594,358,4
81646,527,594,363,5
81647,527,594,393,2.5
81648,527,594,396,3
81649,527,594,400,5
81650,527,594,401,5
81651,527,594,416,3
81652,527,594,420,3
81653,527,594,430,2.5
81654,527,594,434,4
81655,527,594,461,3
81656,527,594,466,5
81657,527,594,468,4
81658,527,594,471,4.5
81659,527,594,472,4
81660,527,594,487,4
81661,527,594,505,3.5
81662,527,594,508,3
81663,527,594,509,3.5
81664,527,594,514,4
81665,527,594,518,4
81666,527,594,530,5
81667,527,594,531,4
81668,527,594,547,5
81669,527,594,551,4
81670,527,594,561,2
81671,527,594,564,4
81672,527,594,575,3
81673,527,594,580,4
81674,527,594,582,4
81675,527,594,595,3
81676,527,594,598,4
81677,527,594,603,4
81678,527,594,624,4
81679,527,594,646,4
81680,527,594,654,4
81681,527,594,658,5
81682,527,594,665,3
81683,527,594,667,4
81684,526,593,2,3
81685,526,593,3,3
81686,526,593,8,4.5
81687,526,593,9,4
81688,526,593,15,5
81689,526,593,17,4.5
81690,526,593,19,3
81691,526,593,20,0.5
81692,526,593,21,4
81693,526,593,22,4.5
81694,526,593,23,4.5
81695,526,593,26,3.5
81696,526,593,27,4
81697,526,593,30,4
81698,526,593,34,4
81699,526,593,36,4
81700,526,593,38,4.5
81701,526,593,39,3
81702,526,593,47,5
81703,526,593,48,3.5
81704,526,593,56,5
81705,526,593,59,3.5
81706,526,593,61,3
81707,526,593,63,4.5
81708,526,593,64,5
81709,526,593,66,4
81710,526,593,67,5
81711,526,593,72,3.5
81712,526,593,73,4.5
81713,526,593,77,3
81714,526,593,78,4.5
81715,526,593,82,4
81716,526,593,85,4
81717,526,593,86,5
81718,526,593,88,2
81719,526,593,94,5
81720,526,593,95,5
81721,526,593,97,3.5
81722,526,593,99,4
81723,526,593,102,4
81724,526,593,103,5
81725,526,593,105,4
81726,526,593,108,5
81727,526,593,109,5
81728,526,593,110,5
81729,526,593,111,4
81730,526,593,114,3
81731,526,593,116,3
81732,526,593,118,5
81733,526,593,119,4
81734,526,593,120,4.5
81735,526,593,121,4
81736,526,593,124,3.5
81737,526,593,126,4
81738,526,593,128,5
81739,526,593,130,3
81740,526,593,131,5
81741,526,593,132,3.5
81742,526,593,133,0.5
81743,526,593,134,5
81744,526,593,140,4.5
81745,526,593,142,5
81746,526,593,143,4.5
81747,526,593,144,5
81748,526,593,145,5
81749,526,593,146,4
81750,526,593,149,3
81751,526,593,152,4.5
81752,526,593,155,5
81753,526,593,159,5
81754,526,593,160,3
81755,526,593,161,5
81756,526,593,163,4.5
81757,526,593,165,3
81758,526,593,168,5
81759,526,593,176,4
81760,526,593,177,5
81761,526,593,178,4
81762,526,593,182,3
81763,526,593,183,4
81764,526,593,184,4
81765,526,593,185,4
81766,526,593,187,4
81767,526,593,188,4
81768,526,593,191,4
81769,526,593,192,3
81770,526,593,193,4
81771,526,593,195,4
81772,526,593,199,4.5
81773,526,593,200,4
81774,526,593,201,4
81775,526,593,205,3.5
81776,526,593,212,4
81777,526,593,213,2.5
81778,526,593,214,5
81779,526,593,216,4
81780,526,593,218,4
81781,526,593,220,4
81782,526,593,225,4
81783,526,593,230,4
81784,526,593,231,3
81785,526,593,232,5
81786,526,593,235,3.5
81787,526,593,236,4
81788,526,593,237,4
81789,526,593,238,3.5
81790,526,593,240,4
81791,526,593,242,4
81792,526,593,243,5
81793,526,593,247,5
81794,526,593,249,3
81795,526,593,250,5
81796,526,593,253,3.5
81797,526,593,254,5
81798,526,593,261,4.5
81799,526,593,262,5
81800,526,593,263,4
81801,526,593,266,4
81802,526,593,267,4
81803,526,593,268,5
81804,526,593,271,5
81805,526,593,273,4
81806,526,593,279,4
81807,526,593,281,4
81808,526,593,282,4
81809,526,593,283,2
81810,526,593,285,4
81811,526,593,288,5
81812,526,593,292,4.5
81813,526,593,295,4.5
81814,526,593,297,3.5
81815,526,593,300,4.5
81816,526,593,302,5
81817,526,593,303,4
81818,526,593,306,4
81819,526,593,311,2
81820,526,593,312,5
81821,526,593,314,4.5
81822,526,593,316,2
81823,526,593,319,4
81824,526,593,321,3
81825,526,593,324,4
81826,526,593,328,3
81827,526,593,330,1
81828,526,593,338,5
81829,526,593,342,5
81830,526,593,344,5
81831,526,593,345,4.5
81832,526,593,346,2
81833,526,593,348,4
81834,526,593,349,4
81835,526,593,352,4
81836,526,593,353,3.5
81837,526,593,354,5
81838,526,593,355,4.5
81839,526,593,358,5
81840,526,593,360,5
81841,526,593,362,5
81842,526,593,368,4
81843,526,593,371,4.5
81844,526,593,375,5
81845,526,593,376,5
81846,526,593,379,4
81847,526,593,380,5
81848,526,593,381,2
81849,526,593,385,5
81850,526,593,387,4
81851,526,593,388,4
81852,526,593,396,5
81853,526,593,398,3
81854,526,593,399,4
81855,526,593,400,5
81856,526,593,403,3
81857,526,593,404,5
81858,526,593,407,4
81859,526,593,408,3
81860,526,593,416,4
81861,526,593,420,2
81862,526,593,421,3
81863,526,593,422,5
81864,526,593,425,4.5
81865,526,593,426,3.5
81866,526,593,428,4.5
81867,526,593,429,4
81868,526,593,430,4
81869,526,593,432,5
81870,526,593,433,4.5
81871,526,593,434,3
81872,526,593,435,4
81873,526,593,436,2
81874,526,593,439,5
81875,526,593,440,4
81876,526,593,441,4
81877,526,593,442,5
81878,526,593,443,4.5
81879,526,593,445,3.5
81880,526,593,447,4
81881,526,593,448,5
81882,526,593,449,5
81883,526,593,450,5
81884,526,593,452,5
81885,526,593,454,4
81886,526,593,456,3.5
81887,526,593,457,3
81888,526,593,458,4.5
81889,526,593,460,4
81890,526,593,461,5
81891,526,593,463,5
81892,526,593,468,3
81893,526,593,471,4.5
81894,526,593,472,5
81895,526,593,476,4
81896,526,593,479,5
81897,526,593,480,4.5
81898,526,593,481,4
81899,526,593,483,5
81900,526,593,487,4
81901,526,593,494,4.5
81902,526,593,496,5
81903,526,593,500,1.5
81904,526,593,501,4.5
81905,526,593,503,4
81906,526,593,505,3
81907,526,593,508,5
81908,526,593,509,4
81909,526,593,510,5
81910,526,593,513,5
81911,526,593,514,4
81912,526,593,516,5
81913,526,593,518,5
81914,526,593,519,4
81915,526,593,520,4.5
81916,526,593,521,4.5
81917,526,593,523,4.5
81918,526,593,527,3.5
81919,526,593,533,5
81920,526,593,534,4
81921,526,593,535,5
81922,526,593,537,4
81923,526,593,544,4
81924,526,593,547,5
81925,526,593,548,4
81926,526,593,550,4
81927,526,593,551,3
81928,526,593,552,4
81929,526,593,554,4
81930,526,593,555,3
81931,526,593,556,5
81932,526,593,558,5
81933,526,593,559,5
81934,526,593,560,3.5
81935,526,593,561,4.5
81936,526,593,562,5
81937,526,593,564,5
81938,526,593,567,4
81939,526,593,568,5
81940,526,593,569,4
81941,526,593,570,5
81942,526,593,572,3.5
81943,526,593,577,4
81944,526,593,578,4
81945,526,593,580,4
81946,526,593,584,5
81947,526,593,585,5
81948,526,593,586,2
81949,526,593,587,4
81950,526,593,588,5
81951,526,593,589,3
81952,526,593,593,4
81953,526,593,595,5
81954,526,593,596,4
81955,526,593,602,5
81956,526,593,606,3.5
81957,526,593,607,4
81958,526,593,608,5
81959,526,593,609,5
81960,526,593,613,5
81961,526,593,614,4
81962,526,593,615,4
81963,526,593,617,5
81964,526,593,618,5
81965,526,593,622,4
81966,526,593,624,5
81967,526,593,626,4
81968,526,593,627,4
81969,526,593,629,5
81970,526,593,630,2
81971,526,593,632,5
81972,526,593,635,5
81973,526,593,639,4
81974,526,593,641,5
81975,526,593,647,5
81976,526,593,649,5
81977,526,593,654,4.5
81978,526,593,657,5
81979,526,593,658,4
81980,526,593,659,5
81981,526,593,660,0.5
81982,526,593,663,4
81983,526,593,664,4.5
81984,526,593,665,4
81985,526,593,666,4
81986,526,593,668,5
81987,526,593,670,5
81988,525,592,2,5
81989,525,592,3,3
81990,525,592,7,3
81991,525,592,10,3
81992,525,592,15,4
81993,525,592,19,4
81994,525,592,20,4
81995,525,592,21,3
81996,525,592,22,4.5
81997,525,592,23,3.5
81998,525,592,24,3
81999,525,592,30,4
82000,525,592,32,4
82001,525,592,36,3
82002,525,592,39,3
82003,525,592,41,4
82004,525,592,47,3
82005,525,592,49,2
82006,525,592,57,3
82007,525,592,61,5
82008,525,592,63,5
82009,525,592,64,4
82010,525,592,67,3
82011,525,592,68,3.5
82012,525,592,73,4
82013,525,592,74,5
82014,525,592,75,1
82015,525,592,77,3.5
82016,525,592,79,2.5
82017,525,592,82,3
82018,525,592,85,4
82019,525,592,86,3
82020,525,592,88,3
82021,525,592,92,3
82022,525,592,93,3.5
82023,525,592,102,4
82024,525,592,103,3
82025,525,592,105,4
82026,525,592,109,4
82027,525,592,110,4
82028,525,592,111,4
82029,525,592,114,3
82030,525,592,119,4
82031,525,592,120,3.5
82032,525,592,121,4
82033,525,592,122,3
82034,525,592,126,4
82035,525,592,130,3.5
82036,525,592,134,4
82037,525,592,144,3
82038,525,592,145,5
82039,525,592,146,4
82040,525,592,150,3
82041,525,592,151,3
82042,525,592,159,3
82043,525,592,161,3
82044,525,592,163,2.5
82045,525,592,165,4
82046,525,592,168,3
82047,525,592,172,3
82048,525,592,188,3
82049,525,592,191,2
82050,525,592,192,3
82051,525,592,194,4
82052,525,592,199,4
82053,525,592,201,4
82054,525,592,206,3
82055,525,592,212,3
82056,525,592,213,3.5
82057,525,592,214,3
82058,525,592,225,3
82059,525,592,232,5
82060,525,592,235,4.5
82061,525,592,237,3
82062,525,592,240,3
82063,525,592,241,3
82064,525,592,242,5
82065,525,592,243,4
82066,525,592,247,4
82067,525,592,253,4
82068,525,592,254,3
82069,525,592,261,4
82070,525,592,266,3
82071,525,592,268,4
82072,525,592,272,4
82073,525,592,276,4
82074,525,592,279,2
82075,525,592,281,3.5
82076,525,592,282,2.5
82077,525,592,285,4
82078,525,592,288,2
82079,525,592,292,3.5
82080,525,592,294,3
82081,525,592,295,4.5
82082,525,592,299,4
82083,525,592,302,3
82084,525,592,303,2.5
82085,525,592,311,2
82086,525,592,312,3
82087,525,592,317,3
82088,525,592,319,3
82089,525,592,324,4
82090,525,592,327,3
82091,525,592,338,3
82092,525,592,344,2
82093,525,592,345,3.5
82094,525,592,353,2.5
82095,525,592,354,4
82096,525,592,355,3.5
82097,525,592,357,4
82098,525,592,358,4
82099,525,592,362,4
82100,525,592,369,4
82101,525,592,375,4
82102,525,592,380,4.5
82103,525,592,384,4
82104,525,592,388,3
82105,525,592,390,3
82106,525,592,391,3
82107,525,592,394,3.5
82108,525,592,396,4
82109,525,592,400,4
82110,525,592,409,3
82111,525,592,415,3
82112,525,592,416,3
82113,525,592,418,3
82114,525,592,423,2.5
82115,525,592,428,4
82116,525,592,430,3.5
82117,525,592,433,4
82118,525,592,437,3
82119,525,592,440,3
82120,525,592,441,2.5
82121,525,592,442,4.5
82122,525,592,447,3
82123,525,592,449,5
82124,525,592,455,4
82125,525,592,457,2.5
82126,525,592,460,3.5
82127,525,592,461,3
82128,525,592,463,4
82129,525,592,464,4
82130,525,592,466,4
82131,525,592,475,4
82132,525,592,487,4
82133,525,592,495,3
82134,525,592,496,3
82135,525,592,508,3
82136,525,592,509,2
82137,525,592,513,3
82138,525,592,514,4
82139,525,592,516,3
82140,525,592,517,3
82141,525,592,518,3
82142,525,592,525,2
82143,525,592,528,3
82144,525,592,533,3
82145,525,592,535,5
82146,525,592,536,3
82147,525,592,538,3
82148,525,592,547,1
82149,525,592,552,3
82150,525,592,555,3
82151,525,592,556,3
82152,525,592,561,4
82153,525,592,562,4.5
82154,525,592,564,4
82155,525,592,568,5
82156,525,592,574,3
82157,525,592,575,3
82158,525,592,580,3.5
82159,525,592,586,1
82160,525,592,588,4
82161,525,592,589,3
82162,525,592,590,3
82163,525,592,591,3.5
82164,525,592,592,3
82165,525,592,593,3
82166,525,592,602,3
82167,525,592,603,4
82168,525,592,605,4
82169,525,592,607,3.5
82170,525,592,608,4
82171,525,592,619,3
82172,525,592,624,3
82173,525,592,633,3
82174,525,592,639,2
82175,525,592,641,3
82176,525,592,649,4
82177,525,592,652,4
82178,525,592,654,4.5
82179,525,592,657,3
82180,525,592,659,3
82181,525,592,664,4
82182,525,592,666,2
82183,525,592,667,2
82184,524,590,2,5
82185,524,590,4,3
82186,524,590,7,4
82187,524,590,13,4
82188,524,590,15,3
82189,524,590,17,3
82190,524,590,19,3
82191,524,590,20,2
82192,524,590,21,4
82193,524,590,23,2.5
82194,524,590,24,4
82195,524,590,30,5
82196,524,590,32,5
82197,524,590,36,3
82198,524,590,38,3.5
82199,524,590,39,3
82200,524,590,49,3
82201,524,590,50,3
82202,524,590,57,5
82203,524,590,59,3.5
82204,524,590,64,5
82205,524,590,67,5
82206,524,590,68,3.5
82207,524,590,73,4.5
82208,524,590,77,3
82209,524,590,82,4
82210,524,590,85,3
82211,524,590,86,3
82212,524,590,89,5
82213,524,590,92,4
82214,524,590,93,4.5
82215,524,590,94,4
82216,524,590,102,2
82217,524,590,105,3
82218,524,590,108,3
82219,524,590,110,4
82220,524,590,114,4
82221,524,590,119,5
82222,524,590,121,4
82223,524,590,122,3
82224,524,590,126,3
82225,524,590,130,4
82226,524,590,132,3.5
82227,524,590,137,4
82228,524,590,144,4
82229,524,590,148,3.5
82230,524,590,150,3
82231,524,590,151,3
82232,524,590,152,3.5
82233,524,590,161,3
82234,524,590,166,5
82235,524,590,168,4
82236,524,590,172,3
82237,524,590,182,5
82238,524,590,188,4
82239,524,590,191,4
82240,524,590,192,5
82241,524,590,194,4
82242,524,590,195,4
82243,524,590,212,2
82244,524,590,213,1
82245,524,590,214,5
82246,524,590,220,4
82247,524,590,225,5
82248,524,590,232,5
82249,524,590,235,4.5
82250,524,590,236,3
82251,524,590,237,1
82252,524,590,242,5
82253,524,590,245,5
82254,524,590,246,4
82255,524,590,249,4
82256,524,590,253,4.5
82257,524,590,254,3
82258,524,590,260,4
82259,524,590,261,4.5
82260,524,590,263,4
82261,524,590,266,5
82262,524,590,279,4
82263,524,590,281,4
82264,524,590,282,3
82265,524,590,283,3
82266,524,590,285,4
82267,524,590,288,4
82268,524,590,291,5
82269,524,590,292,3
82270,524,590,294,3
82271,524,590,295,4
82272,524,590,302,4
82273,524,590,303,3.5
82274,524,590,305,3
82275,524,590,306,3
82276,524,590,308,3
82277,524,590,311,5
82278,524,590,313,4
82279,524,590,317,3
82280,524,590,324,3.5
82281,524,590,326,3
82282,524,590,338,3
82283,524,590,344,3
82284,524,590,346,1
82285,524,590,350,5
82286,524,590,353,3
82287,524,590,354,3
82288,524,590,355,4
82289,524,590,359,3
82290,524,590,369,5
82291,524,590,375,3
82292,524,590,380,4
82293,524,590,385,3
82294,524,590,388,5
82295,524,590,389,5
82296,524,590,391,3
82297,524,590,394,2
82298,524,590,396,5
82299,524,590,400,4
82300,524,590,405,4.5
82301,524,590,408,2
82302,524,590,409,4
82303,524,590,415,3
82304,524,590,418,3.5
82305,524,590,419,3.5
82306,524,590,421,5
82307,524,590,430,4
82308,524,590,434,1
82309,524,590,437,4
82310,524,590,440,5
82311,524,590,441,3.5
82312,524,590,442,4
82313,524,590,447,4
82314,524,590,449,5
82315,524,590,452,4
82316,524,590,458,4
82317,524,590,461,4
82318,524,590,463,5
82319,524,590,467,5
82320,524,590,468,3
82321,524,590,480,4
82322,524,590,487,5
82323,524,590,495,5
82324,524,590,496,5
82325,524,590,505,3
82326,524,590,508,3
82327,524,590,509,5
82328,524,590,511,5
82329,524,590,513,3
82330,524,590,514,4
82331,524,590,516,4
82332,524,590,517,5
82333,524,590,518,2
82334,524,590,523,4.5
82335,524,590,527,3.5
82336,524,590,531,2
82337,524,590,533,3
82338,524,590,534,5
82339,524,590,535,3
82340,524,590,536,5
82341,524,590,537,5
82342,524,590,538,4
82343,524,590,547,3
82344,524,590,548,3
82345,524,590,550,5
82346,524,590,551,3
82347,524,590,552,3
82348,524,590,555,3
82349,524,590,556,5
82350,524,590,559,5
82351,524,590,562,4
82352,524,590,564,2
82353,524,590,568,2
82354,524,590,575,3
82355,524,590,577,3.5
82356,524,590,580,4
82357,524,590,586,3
82358,524,590,588,4
82359,524,590,589,4
82360,524,590,590,3
82361,524,590,595,5
82362,524,590,596,4
82363,524,590,598,4
82364,524,590,602,4
82365,524,590,605,3
82366,524,590,607,2.5
82367,524,590,619,4
82368,524,590,624,3
82369,524,590,627,2.5
82370,524,590,629,5
82371,524,590,633,4
82372,524,590,639,4
82373,524,590,641,3
82374,524,590,647,3
82375,524,590,648,2
82376,524,590,649,3
82377,524,590,653,4
82378,524,590,654,4.5
82379,524,590,657,4
82380,524,590,659,4
82381,524,590,665,4
82382,524,590,666,5
82383,524,590,667,3
82384,524,590,670,1
82385,524,590,671,4
82386,523,589,2,5
82387,523,589,4,5
82388,523,589,7,3
82389,523,589,8,4
82390,523,589,15,4
82391,523,589,19,3
82392,523,589,21,5
82393,523,589,22,5
82394,523,589,23,3.5
82395,523,589,26,4
82396,523,589,30,4
82397,523,589,32,5
82398,523,589,34,5
82399,523,589,42,5
82400,523,589,43,3
82401,523,589,50,5
82402,523,589,66,5
82403,523,589,67,4
82404,523,589,71,3
82405,523,589,73,3
82406,523,589,75,4
82407,523,589,77,4
82408,523,589,78,5
82409,523,589,84,3
82410,523,589,85,5
82411,523,589,86,2
82412,523,589,89,4
82413,523,589,91,5
82414,523,589,92,5
82415,523,589,97,2
82416,523,589,101,4.5
82417,523,589,103,3
82418,523,589,104,5
82419,523,589,105,3.5
82420,523,589,108,3
82421,523,589,110,5
82422,523,589,111,4.5
82423,523,589,118,5
82424,523,589,119,4
82425,523,589,120,4
82426,523,589,121,5
82427,523,589,124,5
82428,523,589,126,5
82429,523,589,130,3.5
82430,523,589,134,5
82431,523,589,137,5
82432,523,589,139,3
82433,523,589,144,5
82434,523,589,145,5
82435,523,589,148,3.5
82436,523,589,150,3.5
82437,523,589,151,5
82438,523,589,155,4
82439,523,589,157,4
82440,523,589,159,3.5
82441,523,589,161,5
82442,523,589,163,2
82443,523,589,165,4.5
82444,523,589,168,4
82445,523,589,177,4
82446,523,589,180,4
82447,523,589,182,4
82448,523,589,184,5
82449,523,589,185,4
82450,523,589,188,5
82451,523,589,194,4
82452,523,589,195,3
82453,523,589,197,5
82454,523,589,199,5
82455,523,589,201,4
82456,523,589,205,2.5
82457,523,589,212,3
82458,523,589,213,4
82459,523,589,214,5
82460,523,589,217,5
82461,523,589,220,4
82462,523,589,225,5
82463,523,589,228,5
82464,523,589,232,3
82465,523,589,237,2.5
82466,523,589,241,4
82467,523,589,243,4
82468,523,589,244,4
82469,523,589,246,5
82470,523,589,247,4
82471,523,589,249,4
82472,523,589,251,4
82473,523,589,253,4
82474,523,589,254,3
82475,523,589,260,4
82476,523,589,261,4
82477,523,589,268,5
82478,523,589,271,4.5
82479,523,589,275,5
82480,523,589,277,4
82481,523,589,279,4
82482,523,589,281,4.5
82483,523,589,282,2
82484,523,589,285,3
82485,523,589,287,5
82486,523,589,288,4
82487,523,589,291,4.5
82488,523,589,292,4
82489,523,589,293,3.5
82490,523,589,294,3
82491,523,589,295,5
82492,523,589,299,4
82493,523,589,300,4.5
82494,523,589,302,3
82495,523,589,306,4
82496,523,589,311,4.5
82497,523,589,312,5
82498,523,589,313,3.5
82499,523,589,316,3.5
82500,523,589,319,3
82501,523,589,330,3
82502,523,589,333,4
82503,523,589,337,5
82504,523,589,338,5
82505,523,589,344,4
82506,523,589,346,5
82507,523,589,351,3
82508,523,589,353,3.5
82509,523,589,354,5
82510,523,589,355,4
82511,523,589,358,5
82512,523,589,363,5
82513,523,589,367,4.5
82514,523,589,369,4
82515,523,589,370,4
82516,523,589,371,4
82517,523,589,373,4
82518,523,589,375,3
82519,523,589,379,4
82520,523,589,380,4
82521,523,589,384,5
82522,523,589,385,4
82523,523,589,388,4
82524,523,589,390,3
82525,523,589,393,1
82526,523,589,394,3
82527,523,589,396,4
82528,523,589,400,3
82529,523,589,414,4
82530,523,589,416,3
82531,523,589,418,3.5
82532,523,589,421,2
82533,523,589,422,3
82534,523,589,426,3.5
82535,523,589,428,4
82536,523,589,430,4.5
82537,523,589,433,4.5
82538,523,589,434,4
82539,523,589,435,5
82540,523,589,439,4
82541,523,589,440,5
82542,523,589,442,4
82543,523,589,443,5
82544,523,589,448,5
82545,523,589,452,4
82546,523,589,453,4
82547,523,589,455,4.5
82548,523,589,457,3.5
82549,523,589,461,5
82550,523,589,463,4
82551,523,589,466,3
82552,523,589,471,4.5
82553,523,589,472,2
82554,523,589,475,4.5
82555,523,589,480,5
82556,523,589,483,4
82557,523,589,486,4
82558,523,589,495,4
82559,523,589,496,5
82560,523,589,502,5
82561,523,589,505,3
82562,523,589,509,2
82563,523,589,512,3
82564,523,589,516,4
82565,523,589,517,4
82566,523,589,518,4
82567,523,589,519,4.5
82568,523,589,523,5
82569,523,589,525,5
82570,523,589,532,4
82571,523,589,533,4
82572,523,589,534,3
82573,523,589,535,4
82574,523,589,544,4.5
82575,523,589,545,3
82576,523,589,550,4
82577,523,589,551,4
82578,523,589,552,2
82579,523,589,553,2.5
82580,523,589,555,4
82581,523,589,559,5
82582,523,589,560,4
82583,523,589,562,5
82584,523,589,564,5
82585,523,589,565,4
82586,523,589,567,5
82587,523,589,568,5
82588,523,589,570,1.5
82589,523,589,574,4
82590,523,589,577,4.5
82591,523,589,580,4.5
82592,523,589,585,3
82593,523,589,588,3
82594,523,589,589,4
82595,523,589,590,4
82596,523,589,592,5
82597,523,589,593,4
82598,523,589,596,4
82599,523,589,597,5
82600,523,589,598,4
82601,523,589,602,4
82602,523,589,603,5
82603,523,589,607,3.5
82604,523,589,608,4
82605,523,589,614,3
82606,523,589,615,4
82607,523,589,621,1.5
82608,523,589,623,3.5
82609,523,589,624,3
82610,523,589,627,4
82611,523,589,628,3
82612,523,589,629,1
82613,523,589,632,5
82614,523,589,633,3
82615,523,589,641,4
82616,523,589,647,4
82617,523,589,649,4
82618,523,589,654,5
82619,523,589,659,5
82620,523,589,664,4.5
82621,523,589,666,3
82622,523,589,671,5
82623,522,588,2,3
82624,522,588,3,3
82625,522,588,4,5
82626,522,588,5,3.5
82627,522,588,7,4
82628,522,588,15,0.5
82629,522,588,19,3
82630,522,588,20,3.5
82631,522,588,22,2
82632,522,588,23,4
82633,522,588,24,3
82634,522,588,30,5
82635,522,588,32,3
82636,522,588,36,3
82637,522,588,38,4
82638,522,588,39,3
82639,522,588,42,4
82640,522,588,43,3
82641,522,588,47,4
82642,522,588,61,3
82643,522,588,73,5
82644,522,588,77,3.5
82645,522,588,78,3.5
82646,522,588,79,2.5
82647,522,588,82,4
82648,522,588,85,3
82649,522,588,86,3
82650,522,588,88,3
82651,522,588,89,4.5
82652,522,588,91,4.5
82653,522,588,92,3
82654,522,588,93,3
82655,522,588,97,0.5
82656,522,588,99,3
82657,522,588,108,5
82658,522,588,110,4
82659,522,588,111,2.5
82660,522,588,114,5
82661,522,588,119,4
82662,522,588,121,4
82663,522,588,122,3
82664,522,588,126,5
82665,522,588,128,5
82666,522,588,130,4
82667,522,588,134,3
82668,522,588,136,4.5
82669,522,588,137,4
82670,522,588,144,3
82671,522,588,145,4
82672,522,588,146,5
82673,522,588,148,4
82674,522,588,150,3.5
82675,522,588,151,3
82676,522,588,161,3
82677,522,588,163,2.5
82678,522,588,165,4
82679,522,588,172,3
82680,522,588,175,3
82681,522,588,176,3.5
82682,522,588,177,4
82683,522,588,184,4
82684,522,588,185,4
82685,522,588,187,4.5
82686,522,588,188,4
82687,522,588,191,2
82688,522,588,192,4
82689,522,588,200,1.5
82690,522,588,211,4
82691,522,588,212,3
82692,522,588,213,3
82693,522,588,214,4
82694,522,588,219,5
82695,522,588,220,3
82696,522,588,224,5
82697,522,588,225,5
82698,522,588,232,5
82699,522,588,235,4.5
82700,522,588,236,3.5
82701,522,588,237,3.5
82702,522,588,239,5
82703,522,588,240,4
82704,522,588,243,4
82705,522,588,245,1
82706,522,588,247,3
82707,522,588,254,4
82708,522,588,262,2
82709,522,588,266,3
82710,522,588,268,4.5
82711,522,588,271,3.5
82712,522,588,279,4
82713,522,588,285,4
82714,522,588,286,3
82715,522,588,287,5
82716,522,588,288,3
82717,522,588,292,4
82718,522,588,294,5
82719,522,588,295,4.5
82720,522,588,296,5
82721,522,588,300,2
82722,522,588,302,4
82723,522,588,311,3
82724,522,588,312,3
82725,522,588,313,4.5
82726,522,588,317,3
82727,522,588,324,4
82728,522,588,328,3.5
82729,522,588,333,3.5
82730,522,588,338,3
82731,522,588,344,5
82732,522,588,345,4
82733,522,588,353,3
82734,522,588,354,2
82735,522,588,355,3
82736,522,588,357,5
82737,522,588,358,5
82738,522,588,363,4
82739,522,588,369,4
82740,522,588,375,1
82741,522,588,380,4
82742,522,588,381,5
82743,522,588,382,3
82744,522,588,389,4
82745,522,588,396,2
82746,522,588,399,3
82747,522,588,400,4
82748,522,588,402,4
82749,522,588,408,3
82750,522,588,412,4
82751,522,588,415,3
82752,522,588,417,0.5
82753,522,588,421,3
82754,522,588,423,1.5
82755,522,588,428,4
82756,522,588,430,4.5
82757,522,588,437,4
82758,522,588,439,3
82759,522,588,440,3
82760,522,588,442,4.5
82761,522,588,447,3
82762,522,588,449,5
82763,522,588,461,4
82764,522,588,463,4
82765,522,588,464,5
82766,522,588,466,4
82767,522,588,468,2.5
82768,522,588,471,3.5
82769,522,588,472,3
82770,522,588,475,3.5
82771,522,588,480,3.5
82772,522,588,483,2.5
82773,522,588,486,4
82774,522,588,487,4
82775,522,588,491,3
82776,522,588,496,4
82777,522,588,498,4.5
82778,522,588,500,3
82779,522,588,509,3.5
82780,522,588,514,4
82781,522,588,516,3
82782,522,588,517,5
82783,522,588,518,4
82784,522,588,520,4
82785,522,588,523,4
82786,522,588,529,3
82787,522,588,530,5
82788,522,588,531,4
82789,522,588,534,5
82790,522,588,535,3
82791,522,588,536,5
82792,522,588,538,4
82793,522,588,548,3
82794,522,588,550,4
82795,522,588,552,3
82796,522,588,557,2.5
82797,522,588,559,5
82798,522,588,561,3.5
82799,522,588,564,4
82800,522,588,568,4
82801,522,588,575,4
82802,522,588,577,4
82803,522,588,580,2.5
82804,522,588,582,4.5
82805,522,588,589,4
82806,522,588,590,3
82807,522,588,592,4
82808,522,588,595,3
82809,522,588,597,5
82810,522,588,598,4
82811,522,588,600,5
82812,522,588,602,5
82813,522,588,603,5
82814,522,588,605,4
82815,522,588,607,4
82816,522,588,611,5
82817,522,588,617,3
82818,522,588,619,5
82819,522,588,623,4
82820,522,588,629,3
82821,522,588,633,3
82822,522,588,639,3
82823,522,588,641,4
82824,522,588,646,5
82825,522,588,648,2
82826,522,588,649,3
82827,522,588,652,4
82828,522,588,653,5
82829,522,588,654,4.5
82830,522,588,655,4.5
82831,522,588,656,5
82832,522,588,658,5
82833,522,588,659,3
82834,522,588,662,4
82835,522,588,665,4
82836,522,588,666,3
82837,522,588,671,4
82838,521,587,2,3
82839,521,587,13,3
82840,521,587,15,1
82841,521,587,30,2
82842,521,587,36,3
82843,521,587,50,3
82844,521,587,61,5
82845,521,587,67,3
82846,521,587,68,4
82847,521,587,69,5
82848,521,587,77,2.5
82849,521,587,79,2.5
82850,521,587,85,3
82851,521,587,86,3
82852,521,587,92,3
82853,521,587,93,3.5
82854,521,587,105,3.5
82855,521,587,110,5
82856,521,587,111,1.5
82857,521,587,119,4
82858,521,587,120,3.5
82859,521,587,121,3
82860,521,587,128,5
82861,521,587,134,3.5
82862,521,587,145,5
82863,521,587,151,5
82864,521,587,152,2.5
82865,521,587,159,2.5
82866,521,587,160,5
82867,521,587,161,4
82868,521,587,165,3
82869,521,587,168,3
82870,521,587,177,4
82871,521,587,182,5
82872,521,587,188,5
82873,521,587,192,4
82874,521,587,194,3
82875,521,587,195,2
82876,521,587,212,2.5
82877,521,587,213,2.5
82878,521,587,232,4
82879,521,587,235,4.5
82880,521,587,239,4
82881,521,587,241,3
82882,521,587,254,3
82883,521,587,262,1.5
82884,521,587,266,4
82885,521,587,268,3
82886,521,587,279,5
82887,521,587,283,3.5
82888,521,587,292,4
82889,521,587,294,3
82890,521,587,302,3
82891,521,587,303,3
82892,521,587,306,4
82893,521,587,311,3
82894,521,587,312,3
82895,521,587,313,3
82896,521,587,344,3
82897,521,587,345,2
82898,521,587,354,1
82899,521,587,358,4
82900,521,587,369,5
82901,521,587,371,4
82902,521,587,380,2
82903,521,587,385,3
82904,521,587,388,4
82905,521,587,391,1
82906,521,587,396,3
82907,521,587,400,3
82908,521,587,402,4
82909,521,587,416,3
82910,521,587,426,2.5
82911,521,587,430,4
82912,521,587,431,4
82913,521,587,440,3
82914,521,587,441,1
82915,521,587,442,4
82916,521,587,452,4
82917,521,587,458,3
82918,521,587,461,3
82919,521,587,462,3.5
82920,521,587,463,4
82921,521,587,468,2.5
82922,521,587,480,3.5
82923,521,587,487,4
82924,521,587,493,5
82925,521,587,495,5
82926,521,587,496,5
82927,521,587,505,3
82928,521,587,508,3
82929,521,587,509,2
82930,521,587,514,3
82931,521,587,516,4
82932,521,587,517,5
82933,521,587,518,4
82934,521,587,523,4.5
82935,521,587,527,1
82936,521,587,529,2
82937,521,587,534,3
82938,521,587,535,3
82939,521,587,537,3
82940,521,587,547,3
82941,521,587,551,4
82942,521,587,555,1
82943,521,587,564,1
82944,521,587,575,2
82945,521,587,577,3
82946,521,587,580,2.5
82947,521,587,593,4
82948,521,587,596,3.5
82949,521,587,602,4
82950,521,587,605,3
82951,521,587,607,2.5
82952,521,587,617,3
82953,521,587,624,3
82954,521,587,627,3
82955,521,587,629,5
82956,521,587,633,3
82957,521,587,641,4
82958,521,587,646,4
82959,521,587,649,3
82960,521,587,654,5
82961,521,587,662,4
82962,521,587,665,5
82963,521,587,666,2
82964,520,586,2,3
82965,520,586,5,4
82966,520,586,15,2
82967,520,586,19,3
82968,520,586,21,3
82969,520,586,22,1
82970,520,586,23,3.5
82971,520,586,30,4
82972,520,586,36,2
82973,520,586,56,4
82974,520,586,59,0.5
82975,520,586,61,3
82976,520,586,67,4
82977,520,586,68,3.5
82978,520,586,69,4.5
82979,520,586,73,3.5
82980,520,586,77,1.5
82981,520,586,85,3
82982,520,586,86,1
82983,520,586,88,2.5
82984,520,586,93,2.5
82985,520,586,105,3
82986,520,586,110,5
82987,520,586,111,3
82988,520,586,114,5
82989,520,586,125,4
82990,520,586,127,4
82991,520,586,134,2.5
82992,520,586,136,3.5
82993,520,586,149,3
82994,520,586,150,2.5
82995,520,586,152,2.5
82996,520,586,157,3
82997,520,586,160,3
82998,520,586,161,3
82999,520,586,163,3.5
83000,520,586,165,4.5
83001,520,586,172,4
83002,520,586,184,3
83003,520,586,187,3.5
83004,520,586,188,4
83005,520,586,192,5
83006,520,586,200,3.5
83007,520,586,212,2.5
83008,520,586,213,2
83009,520,586,220,1
83010,520,586,243,3.5
83011,520,586,247,4
83012,520,586,262,4
83013,520,586,263,4
83014,520,586,266,3
83015,520,586,268,5
83016,520,586,278,2
83017,520,586,279,3
83018,520,586,283,2
83019,520,586,285,1
83020,520,586,292,3.5
83021,520,586,294,3
83022,520,586,302,4
83023,520,586,303,1
83024,520,586,306,3
83025,520,586,311,3
83026,520,586,312,1
83027,520,586,313,3
83028,520,586,344,2
83029,520,586,353,2.5
83030,520,586,358,3
83031,520,586,382,3
83032,520,586,385,3
83033,520,586,388,3
83034,520,586,396,3
83035,520,586,399,1
83036,520,586,400,4
83037,520,586,405,4
83038,520,586,416,3
83039,520,586,418,4
83040,520,586,426,3.5
83041,520,586,428,3.5
83042,520,586,440,3
83043,520,586,442,4
83044,520,586,452,3
83045,520,586,457,2.5
83046,520,586,461,2.5
83047,520,586,466,4
83048,520,586,468,2.5
83049,520,586,471,2.5
83050,520,586,479,4
83051,520,586,480,5
83052,520,586,487,4
83053,520,586,496,3
83054,520,586,500,4
83055,520,586,508,3
83056,520,586,509,3
83057,520,586,514,3
83058,520,586,516,3
83059,520,586,518,5
83060,520,586,527,1
83061,520,586,529,3
83062,520,586,531,2.5
83063,520,586,534,4
83064,520,586,535,3
83065,520,586,547,3
83066,520,586,548,3
83067,520,586,551,4
83068,520,586,552,1
83069,520,586,556,4
83070,520,586,560,4
83071,520,586,561,3
83072,520,586,562,3.5
83073,520,586,564,1
83074,520,586,574,3
83075,520,586,577,3.5
83076,520,586,584,2.5
83077,520,586,593,3
83078,520,586,595,4
83079,520,586,596,3.5
83080,520,586,603,3
83081,520,586,605,4
83082,520,586,607,2
83083,520,586,624,3
83084,520,586,627,1.5
83085,520,586,629,5
83086,520,586,646,5
83087,520,586,648,2
83088,520,586,649,3
83089,520,586,654,4.5
83090,520,586,662,4
83091,520,586,665,3
83092,520,586,666,3
83093,519,585,2,5
83094,519,585,43,2
83095,519,585,61,3.5
83096,519,585,73,2.5
83097,519,585,86,5
83098,519,585,119,3
83099,519,585,121,3
83100,519,585,148,2.5
83101,519,585,156,0.5
83102,519,585,161,3
83103,519,585,253,2
83104,519,585,254,3
83105,519,585,275,3.5
83106,519,585,294,4
83107,519,585,306,4
83108,519,585,312,5
83109,519,585,325,4
83110,519,585,345,3.5
83111,519,585,358,4
83112,519,585,370,4
83113,519,585,387,4
83114,519,585,393,2
83115,519,585,394,2
83116,519,585,416,3
83117,519,585,460,4
83118,519,585,461,2.5
83119,519,585,468,2.5
83120,519,585,487,4
83121,519,585,514,3
83122,519,585,518,3
83123,519,585,527,0.5
83124,519,585,564,4
83125,519,585,577,4
83126,519,585,580,3
83127,519,585,605,3
83128,519,585,624,4
83129,519,585,634,1
83130,519,585,641,3
83131,519,585,654,3.5
83132,519,585,665,1
83133,519,585,666,2
83134,518,582,555,4
83135,517,581,30,3
83136,517,581,34,4
83137,517,581,71,4
83138,517,581,102,4
83139,517,581,299,4.5
83140,517,581,312,5
83141,517,581,357,5
83142,517,581,407,5
83143,517,581,441,5
83144,517,581,451,5
83145,517,581,452,4
83146,517,581,472,3
83147,517,581,529,3.5
83148,517,581,537,4
83149,517,581,547,5
83150,517,581,564,5
83151,517,581,595,3
83152,516,580,19,1
83153,516,580,232,4
83154,516,580,564,4
83155,515,577,286,3
83156,515,577,564,1
83157,514,575,73,3.5
83158,514,575,167,5
83159,514,575,187,2.5
83160,514,575,188,3
83161,514,575,247,2
83162,514,575,292,4
83163,514,575,296,5
83164,514,575,396,3
83165,514,575,518,5
83166,514,575,551,4
83167,514,575,564,2
83168,514,575,584,3
83169,514,575,646,4
83170,514,575,653,4
83171,513,574,15,3
83172,513,574,102,4
83173,513,574,306,3
83174,513,574,348,5
83175,513,574,472,4
83176,513,574,509,2
83177,513,574,514,4
83178,513,574,547,2
83179,513,574,564,3
83180,512,573,492,1
83181,511,571,564,4
83182,510,569,168,3
83183,510,569,182,3
83184,510,569,311,3
83185,510,569,358,2
83186,510,569,609,1
83187,510,569,653,3
83188,509,568,86,3
83189,509,568,321,4
83190,508,567,509,3
83191,508,567,564,5
83192,507,565,564,4
83193,507,565,609,5
83194,506,564,518,3
83195,505,563,659,3
83196,504,562,15,3
83197,504,562,19,3
83198,504,562,33,4
83199,504,562,34,4
83200,504,562,48,3.5
83201,504,562,102,5
83202,504,562,187,4.5
83203,504,562,211,4
83204,504,562,299,3.5
83205,504,562,312,4
83206,504,562,321,3
83207,504,562,348,5
83208,504,562,383,4
83209,504,562,407,3
83210,504,562,420,4
83211,504,562,452,4
83212,504,562,460,4
83213,504,562,461,2.5
83214,504,562,465,3
83215,504,562,472,4
83216,504,562,509,3
83217,504,562,514,5
83218,504,562,537,5
83219,504,562,547,0.5
83220,504,562,564,3
83221,504,562,595,4
83222,504,562,602,4
83223,504,562,617,3
83224,504,562,636,4
83225,504,562,641,5
83226,503,561,564,3
83227,502,559,492,5
83228,501,558,128,3
83229,501,558,285,4
83230,501,558,346,1
83231,501,558,453,2
83232,501,558,514,1
83233,501,558,518,3
83234,501,558,530,2
83235,501,558,564,4
83236,501,558,595,4
83237,500,556,15,3.5
83238,500,556,30,4
83239,500,556,34,4
83240,500,556,102,4
83241,500,556,245,5
83242,500,556,312,4
83243,500,556,358,4
83244,500,556,451,3
83245,500,556,452,4
83246,500,556,468,3.5
83247,500,556,472,3
83248,500,556,544,4.5
83249,500,556,547,3
83250,500,556,564,4
83251,500,556,595,5
83252,499,555,15,4
83253,499,555,17,4
83254,499,555,19,3
83255,499,555,22,4
83256,499,555,26,3.5
83257,499,555,30,5
83258,499,555,34,5
83259,499,555,39,4
83260,499,555,57,4
83261,499,555,73,4
83262,499,555,85,3
83263,499,555,86,4
83264,499,555,92,5
83265,499,555,102,3
83266,499,555,105,3.5
83267,499,555,168,4
83268,499,555,171,5
83269,499,555,178,3
83270,499,555,181,5
83271,499,555,184,4
83272,499,555,186,4
83273,499,555,209,3
83274,499,555,212,3
83275,499,555,224,4
83276,499,555,230,5
83277,499,555,241,4
83278,499,555,268,1.5
83279,499,555,274,3.5
83280,499,555,285,4
83281,499,555,288,3
83282,499,555,346,4
83283,499,555,367,3.5
83284,499,555,373,4
83285,499,555,385,5
83286,499,555,391,4
83287,499,555,408,4
83288,499,555,430,4.5
83289,499,555,433,4.5
83290,499,555,447,3
83291,499,555,457,4.5
83292,499,555,461,3.5
83293,499,555,469,4.5
83294,499,555,487,3
83295,499,555,496,4
83296,499,555,502,4
83297,499,555,509,3
83298,499,555,514,4
83299,499,555,516,3
83300,499,555,518,4
83301,499,555,523,5
83302,499,555,536,5
83303,499,555,545,5
83304,499,555,547,4.5
83305,499,555,548,4
83306,499,555,553,2.5
83307,499,555,562,4
83308,499,555,564,5
83309,499,555,580,3.5
83310,499,555,593,5
83311,499,555,596,4
83312,499,555,602,4
83313,499,555,615,4.5
83314,499,555,624,4
83315,499,555,628,3.5
83316,499,555,629,3
83317,499,555,647,4
83318,499,555,648,3.5
83319,499,555,649,3
83320,499,555,654,4
83321,499,555,659,2
83322,498,554,242,3
83323,498,554,536,3
83324,497,553,21,3
83325,497,553,30,4
83326,497,553,32,5
83327,497,553,39,4
83328,497,553,50,3
83329,497,553,67,4
83330,497,553,73,4
83331,497,553,85,4
83332,497,553,88,3
83333,497,553,92,5
83334,497,553,95,4
83335,497,553,109,4.5
83336,497,553,119,3
83337,497,553,121,3
83338,497,553,144,3
83339,497,553,151,3
83340,497,553,161,4
83341,497,553,168,3
83342,497,553,182,3
83343,497,553,224,5
83344,497,553,247,5
83345,497,553,253,4.5
83346,497,553,268,3
83347,497,553,279,3
83348,497,553,282,3.5
83349,497,553,288,3
83350,497,553,294,3
83351,497,553,311,3
83352,497,553,319,3
83353,497,553,344,3
83354,497,553,385,3
83355,497,553,388,2
83356,497,553,396,4
83357,497,553,425,2.5
83358,497,553,430,4
83359,497,553,440,3
83360,497,553,442,5
83361,497,553,447,3
83362,497,553,461,4
83363,497,553,496,5
83364,497,553,509,4
83365,497,553,535,2
83366,497,553,536,5
83367,497,553,537,3
83368,497,553,548,4
83369,497,553,551,3
83370,497,553,562,4
83371,497,553,564,1
83372,497,553,580,4
83373,497,553,596,3.5
83374,497,553,607,4
83375,497,553,619,4
83376,497,553,624,3.5
83377,497,553,627,2.5
83378,497,553,639,2
83379,497,553,662,2
83380,497,553,667,3
83381,496,552,2,3
83382,496,552,22,3
83383,496,552,88,2
83384,496,552,92,1
83385,496,552,110,4
83386,496,552,111,3.5
83387,496,552,128,3
83388,496,552,134,2
83389,496,552,140,0.5
83390,496,552,174,4
83391,496,552,209,3
83392,496,552,212,2.5
83393,496,552,213,4
83394,496,552,232,3
83395,496,552,235,3.5
83396,496,552,243,3.5
83397,496,552,246,3
83398,496,552,247,4
83399,496,552,253,4
83400,496,552,288,5
83401,496,552,291,3
83402,496,552,294,4.5
83403,496,552,311,3
83404,496,552,313,3.5
83405,496,552,332,0.5
83406,496,552,354,3
83407,496,552,358,1
83408,496,552,386,2
83409,496,552,396,3
83410,496,552,420,5
83411,496,552,453,3
83412,496,552,462,2
83413,496,552,468,2.5
83414,496,552,487,3
83415,496,552,496,3
83416,496,552,516,3
83417,496,552,518,4
83418,496,552,534,4
83419,496,552,548,3
83420,496,552,561,4
83421,496,552,564,4
83422,496,552,576,3
83423,496,552,581,3
83424,496,552,589,4
83425,496,552,593,4
83426,496,552,603,3
83427,496,552,624,3
83428,496,552,646,4
83429,496,552,648,3.5
83430,496,552,654,4
83431,495,551,2,5
83432,495,551,7,4
83433,495,551,15,2
83434,495,551,19,4
83435,495,551,21,3
83436,495,551,22,5
83437,495,551,36,3
83438,495,551,61,1.5
83439,495,551,73,3.5
83440,495,551,77,4.5
83441,495,551,85,1
83442,495,551,86,4
83443,495,551,88,4.5
83444,495,551,92,3
83445,495,551,94,1
83446,495,551,102,4
83447,495,551,106,3
83448,495,551,111,1
83449,495,551,119,5
83450,495,551,121,4
83451,495,551,126,4
83452,495,551,130,3
83453,495,551,133,2.5
83454,495,551,134,5
83455,495,551,157,4
83456,495,551,176,2.5
83457,495,551,178,3.5
83458,495,551,185,4
83459,495,551,187,4
83460,495,551,188,3
83461,495,551,192,1
83462,495,551,194,3
83463,495,551,212,4
83464,495,551,216,5
83465,495,551,232,4
83466,495,551,239,4
83467,495,551,241,4
83468,495,551,243,4.5
83469,495,551,251,5
83470,495,551,254,4
83471,495,551,262,3
83472,495,551,268,4.5
83473,495,551,285,4
83474,495,551,294,3.5
83475,495,551,311,0.5
83476,495,551,312,3
83477,495,551,321,5
83478,495,551,324,4
83479,495,551,352,4
83480,495,551,354,4
83481,495,551,355,4
83482,495,551,357,5
83483,495,551,358,2
83484,495,551,362,5
83485,495,551,363,4
83486,495,551,378,4
83487,495,551,396,3
83488,495,551,407,5
83489,495,551,423,3
83490,495,551,437,4
83491,495,551,460,3.5
83492,495,551,461,4.5
83493,495,551,463,4
83494,495,551,472,5
83495,495,551,500,3
83496,495,551,509,3
83497,495,551,514,3
83498,495,551,518,2
83499,495,551,535,5
83500,495,551,537,2
83501,495,551,552,4
83502,495,551,561,4
83503,495,551,564,5
83504,495,551,580,4
83505,495,551,582,5
83506,495,551,585,3
83507,495,551,590,4
83508,495,551,598,4
83509,495,551,599,4.5
83510,495,551,602,5
83511,495,551,603,5
83512,495,551,607,4
83513,495,551,612,3
83514,495,551,617,2
83515,495,551,621,4.5
83516,495,551,649,3
83517,495,551,654,5
83518,495,551,665,2
83519,495,551,667,3
83520,495,551,671,5
83521,494,550,2,3
83522,494,550,19,3
83523,494,550,86,4
83524,494,550,110,4
83525,494,550,412,2
83526,494,550,416,3
83527,494,550,487,3
83528,494,550,518,2
83529,494,550,534,2
83530,494,550,564,5
83531,494,550,652,5
83532,493,549,15,5
83533,493,549,81,4.5
83534,493,549,102,4
83535,493,549,278,3
83536,493,549,407,5
83537,493,549,529,4.5
83538,493,549,545,5
83539,493,549,547,2.5
83540,493,549,594,5
83541,493,549,595,4
83542,493,549,608,3
83543,493,549,642,4
83544,492,548,85,4
83545,492,548,110,5
83546,492,548,150,3
83547,492,548,390,3
83548,492,548,514,1
83549,492,548,516,3
83550,492,548,551,3
83551,492,548,564,2
83552,492,548,589,3
83553,491,547,19,4
83554,491,547,177,1
83555,491,547,285,3
83556,491,547,534,4
83557,491,547,564,3
83558,490,546,85,1
83559,490,546,99,1
83560,490,546,125,4
83561,490,546,153,1
83562,490,546,165,1
83563,490,546,177,3
83564,490,546,182,3
83565,490,546,199,0.5
83566,490,546,212,1
83567,490,546,247,2
83568,490,546,285,1
83569,490,546,294,2.5
83570,490,546,305,1
83571,490,546,396,3
83572,490,546,518,1
83573,490,546,552,1
83574,490,546,571,2.5
83575,489,544,150,2.5
83576,489,544,247,3
83577,489,544,344,2
83578,489,544,388,1
83579,489,544,487,4
83580,489,544,496,4
83581,489,544,548,3
83582,489,544,564,1
83583,489,544,589,3
83584,488,543,8,5
83585,488,543,15,3
83586,488,543,21,3
83587,488,543,36,3
83588,488,543,85,4
83589,488,543,92,3
83590,488,543,109,4.5
83591,488,543,115,3.5
83592,488,543,130,2
83593,488,543,146,3
83594,488,543,165,4.5
83595,488,543,174,3
83596,488,543,185,4
83597,488,543,188,4
83598,488,543,193,5
83599,488,543,209,3
83600,488,543,239,5
83601,488,543,253,4.5
83602,488,543,254,3
83603,488,543,274,2.5
83604,488,543,285,4
83605,488,543,294,3
83606,488,543,306,3
83607,488,543,308,4
83608,488,543,344,4
83609,488,543,358,2
83610,488,543,380,4
83611,488,543,386,3
83612,488,543,388,3
83613,488,543,396,2
83614,488,543,416,4
83615,488,543,457,3
83616,488,543,460,3
83617,488,543,461,3.5
83618,488,543,462,2.5
83619,488,543,468,2.5
83620,488,543,487,4
83621,488,543,514,3
83622,488,543,516,3
83623,488,543,534,3
83624,488,543,548,3
83625,488,543,564,4
83626,488,543,575,2
83627,488,543,593,5
83628,488,543,596,1
83629,488,543,603,3
83630,488,543,607,4
83631,488,543,624,4
83632,488,543,641,3
83633,488,543,645,3
83634,488,543,654,4
83635,488,543,665,2
83636,487,542,110,4
83637,487,542,111,3.5
83638,487,542,239,1
83639,487,542,247,3
83640,487,542,254,2
83641,487,542,285,1
83642,487,542,308,4
83643,487,542,377,3.5
83644,487,542,380,3
83645,487,542,396,3
83646,487,542,457,2
83647,487,542,465,0.5
83648,487,542,487,4
83649,487,542,514,1
83650,487,542,518,3
83651,487,542,548,3
83652,487,542,564,4
83653,487,542,654,3.5
83654,487,542,665,3
83655,486,541,4,5
83656,486,541,7,4
83657,486,541,15,5
83658,486,541,17,5
83659,486,541,19,4
83660,486,541,21,3
83661,486,541,22,4.5
83662,486,541,23,3
83663,486,541,30,4
83664,486,541,31,4
83665,486,541,34,4
83666,486,541,41,5
83667,486,541,48,4
83668,486,541,56,4
83669,486,541,59,5
83670,486,541,60,5
83671,486,541,67,4
83672,486,541,68,3.5
83673,486,541,72,4
83674,486,541,73,4.5
83675,486,541,75,4
83676,486,541,77,2
83677,486,541,86,4
83678,486,541,88,4.5
83679,486,541,97,4
83680,486,541,101,4
83681,486,541,102,4
83682,486,541,103,4.5
83683,486,541,105,4
83684,486,541,111,3.5
83685,486,541,118,4
83686,486,541,119,4
83687,486,541,124,2.5
83688,486,541,130,4
83689,486,541,134,5
83690,486,541,137,4
83691,486,541,139,4
83692,486,541,149,3.5
83693,486,541,150,3.5
83694,486,541,152,4.5
83695,486,541,155,5
83696,486,541,157,3.5
83697,486,541,159,5
83698,486,541,168,4
83699,486,541,176,3
83700,486,541,177,5
83701,486,541,189,5
83702,486,541,195,3
83703,486,541,197,4
83704,486,541,199,4
83705,486,541,203,4.5
83706,486,541,213,2
83707,486,541,214,5
83708,486,541,215,3
83709,486,541,218,4.5
83710,486,541,234,4
83711,486,541,236,4.5
83712,486,541,242,5
83713,486,541,243,3.5
83714,486,541,248,5
83715,486,541,259,1
83716,486,541,263,3.5
83717,486,541,268,2
83718,486,541,278,4
83719,486,541,291,5
83720,486,541,293,3.5
83721,486,541,294,3.5
83722,486,541,295,3.5
83723,486,541,299,4
83724,486,541,305,4
83725,486,541,309,5
83726,486,541,311,2
83727,486,541,312,5
83728,486,541,316,3
83729,486,541,320,5
83730,486,541,337,4
83731,486,541,339,3
83732,486,541,344,5
83733,486,541,346,5
83734,486,541,355,4.5
83735,486,541,362,4.5
83736,486,541,363,5
83737,486,541,364,1.5
83738,486,541,367,5
83739,486,541,368,5
83740,486,541,370,3.5
83741,486,541,380,4
83742,486,541,384,4
83743,486,541,388,5
83744,486,541,390,3
83745,486,541,401,5
83746,486,541,406,4
83747,486,541,408,5
83748,486,541,420,4
83749,486,541,423,4.5
83750,486,541,439,3
83751,486,541,441,4
83752,486,541,443,5
83753,486,541,450,4.5
83754,486,541,451,4
83755,486,541,458,3.5
83756,486,541,463,4
83757,486,541,466,3
83758,486,541,468,3.5
83759,486,541,471,3.5
83760,486,541,472,5
83761,486,541,475,4
83762,486,541,481,5
83763,486,541,483,5
83764,486,541,486,5
83765,486,541,502,5
83766,486,541,509,4
83767,486,541,510,1
83768,486,541,514,5
83769,486,541,525,3
83770,486,541,527,4
83771,486,541,528,3
83772,486,541,531,2.5
83773,486,541,533,4
83774,486,541,537,5
83775,486,541,547,3.5
83776,486,541,548,5
83777,486,541,554,4
83778,486,541,559,5
83779,486,541,562,4
83780,486,541,563,4
83781,486,541,564,4
83782,486,541,574,4
83783,486,541,575,4
83784,486,541,576,4
83785,486,541,577,5
83786,486,541,580,4
83787,486,541,584,3
83788,486,541,585,5
83789,486,541,587,4
83790,486,541,594,4
83791,486,541,596,3.5
83792,486,541,597,5
83793,486,541,605,3
83794,486,541,608,4
83795,486,541,615,4
83796,486,541,618,5
83797,486,541,624,4
83798,486,541,647,5
83799,486,541,654,4
83800,486,541,664,4
83801,485,540,15,1.5
83802,485,540,30,4
83803,485,540,36,3
83804,485,540,78,4
83805,485,540,110,5
83806,485,540,168,2
83807,485,540,177,3
83808,485,540,254,2
83809,485,540,306,3
83810,485,540,416,2
83811,485,540,452,1
83812,485,540,461,0.5
83813,485,540,487,3
83814,485,540,496,3
83815,485,540,534,4
83816,485,540,564,4
83817,485,540,580,1.5
83818,485,540,614,2
83819,484,539,2,3
83820,484,539,7,3
83821,484,539,15,2
83822,484,539,23,2.5
83823,484,539,30,3
83824,484,539,36,3
83825,484,539,50,3
83826,484,539,68,3.5
83827,484,539,86,3
83828,484,539,88,3.5
83829,484,539,92,3
83830,484,539,93,4
83831,484,539,105,3
83832,484,539,110,5
83833,484,539,111,3
83834,484,539,117,5
83835,484,539,120,3
83836,484,539,121,3
83837,484,539,125,4
83838,484,539,126,4
83839,484,539,127,4
83840,484,539,128,5
83841,484,539,134,3.5
83842,484,539,150,1.5
83843,484,539,151,3
83844,484,539,159,2
83845,484,539,160,5
83846,484,539,161,3
83847,484,539,165,2
83848,484,539,172,3
83849,484,539,182,5
83850,484,539,188,3
83851,484,539,192,3
83852,484,539,210,3
83853,484,539,212,2.5
83854,484,539,213,2
83855,484,539,219,4
83856,484,539,220,2
83857,484,539,232,5
83858,484,539,235,3.5
83859,484,539,239,3
83860,484,539,246,5
83861,484,539,249,3
83862,484,539,254,3
83863,484,539,268,5
83864,484,539,279,4
83865,484,539,288,4
83866,484,539,292,3.5
83867,484,539,294,4
83868,484,539,295,4
83869,484,539,302,4
83870,484,539,303,3
83871,484,539,306,4
83872,484,539,311,4
83873,484,539,312,3
83874,484,539,313,4.5
83875,484,539,327,3
83876,484,539,338,3
83877,484,539,344,3
83878,484,539,345,2.5
83879,484,539,358,3
83880,484,539,367,3
83881,484,539,369,4
83882,484,539,372,4
83883,484,539,380,1.5
83884,484,539,381,4
83885,484,539,382,3
83886,484,539,385,3
83887,484,539,390,5
83888,484,539,396,3
83889,484,539,400,3
83890,484,539,402,4.5
83891,484,539,408,3
83892,484,539,416,4
83893,484,539,422,3
83894,484,539,430,2
83895,484,539,442,4.5
83896,484,539,452,4
83897,484,539,458,4
83898,484,539,461,3.5
83899,484,539,462,3
83900,484,539,463,3
83901,484,539,466,3
83902,484,539,468,3
83903,484,539,480,3.5
83904,484,539,487,4
83905,484,539,493,4
83906,484,539,496,5
83907,484,539,505,3.5
83908,484,539,508,4
83909,484,539,509,3
83910,484,539,514,3
83911,484,539,516,4
83912,484,539,517,4
83913,484,539,518,5
83914,484,539,520,3
83915,484,539,523,5
83916,484,539,527,2.5
83917,484,539,534,4
83918,484,539,535,3
83919,484,539,537,5
83920,484,539,547,3
83921,484,539,555,2
83922,484,539,562,4
83923,484,539,564,5
83924,484,539,574,3
83925,484,539,575,3
83926,484,539,580,1.5
83927,484,539,596,3
83928,484,539,598,2
83929,484,539,602,3
83930,484,539,624,3
83931,484,539,627,1.5
83932,484,539,629,5
83933,484,539,633,3
83934,484,539,641,5
83935,484,539,649,3
83936,484,539,652,4
83937,484,539,653,4
83938,484,539,654,4
83939,484,539,659,3
83940,484,539,662,4
83941,484,539,665,4
83942,484,539,666,1
83943,484,539,667,4
83944,483,538,12,3
83945,483,538,30,4
83946,483,538,57,5
83947,483,538,86,5
83948,483,538,102,4
83949,483,538,165,3.5
83950,483,538,168,3
83951,483,538,254,5
83952,483,538,306,4
83953,483,538,373,4
83954,483,538,388,4
83955,483,538,407,4
83956,483,538,434,4
83957,483,538,452,3
83958,483,538,472,3
83959,483,538,514,4
83960,483,538,529,3
83961,483,538,537,4
83962,483,538,547,4
83963,483,538,548,3
83964,483,538,564,5
83965,483,538,573,4
83966,483,538,580,3
83967,483,538,602,5
83968,483,538,610,4
83969,482,537,2,4
83970,482,537,19,3
83971,482,537,220,1
83972,482,537,232,5
83973,482,537,254,3
83974,482,537,391,3
83975,482,537,514,1
83976,482,537,547,3.5
83977,482,537,555,3
83978,482,537,564,4
83979,481,536,452,3
83980,481,536,547,1
83981,481,536,564,1
83982,481,536,641,4
83983,480,535,15,3
83984,480,535,19,4
83985,480,535,23,4.5
83986,480,535,30,4
83987,480,535,86,5
83988,480,535,102,4
83989,480,535,105,4
83990,480,535,119,4
83991,480,535,168,3
83992,480,535,241,5
83993,480,535,254,3
83994,480,535,306,3
83995,480,535,388,4
83996,480,535,391,5
83997,480,535,434,4
83998,480,535,452,3
83999,480,535,468,3.5
84000,480,535,509,5
84001,480,535,514,4
84002,480,535,537,1
84003,480,535,547,3
84004,480,535,555,4
84005,480,535,564,4
84006,480,535,595,5
84007,480,535,596,4
84008,480,535,602,5
84009,479,534,7,4
84010,479,534,9,5
84011,479,534,19,5
84012,479,534,30,4
84013,479,534,36,4
84014,479,534,57,5
84015,479,534,86,4
84016,479,534,122,5
84017,479,534,232,5
84018,479,534,242,4
84019,479,534,254,3
84020,479,534,306,3
84021,479,534,311,3
84022,479,534,388,4
84023,479,534,391,5
84024,479,534,407,5
84025,479,534,434,4
84026,479,534,452,4
84027,479,534,509,4
84028,479,534,529,4
84029,479,534,533,4
84030,479,534,537,4
84031,479,534,564,4
84032,479,534,602,5
84033,479,534,659,4
84034,478,533,247,3
84035,478,533,396,3
84036,478,533,564,4
84037,478,533,589,3
84038,478,533,593,4
84039,478,533,624,3
84040,477,532,23,3.5
84041,477,532,30,2
84042,477,532,33,4
84043,477,532,36,3
84044,477,532,83,3.5
84045,477,532,92,3
84046,477,532,102,4
84047,477,532,110,3
84048,477,532,119,4
84049,477,532,239,3
84050,477,532,299,3.5
84051,477,532,311,1.5
84052,477,532,312,4
84053,477,532,514,2
84054,477,532,518,3
84055,477,532,564,5
84056,477,532,596,2.5
84057,477,532,608,4
84058,476,531,13,4
84059,476,531,19,5
84060,476,531,30,3
84061,476,531,36,4
84062,476,531,67,5
84063,476,531,76,3
84064,476,531,86,3
84065,476,531,119,3
84066,476,531,126,3
84067,476,531,137,3
84068,476,531,182,4
84069,476,531,195,3
84070,476,531,226,1.5
84071,476,531,232,5
84072,476,531,294,3.5
84073,476,531,311,2
84074,476,531,391,4
84075,476,531,405,4
84076,476,531,420,3
84077,476,531,452,4
84078,476,531,465,3.5
84079,476,531,468,3
84080,476,531,510,4
84081,476,531,514,3
84082,476,531,533,3
84083,476,531,537,3
84084,476,531,593,3
84085,476,531,595,5
84086,476,531,602,4
84087,476,531,649,4
84088,476,531,654,5
84089,475,529,12,1
84090,475,529,19,3
84091,475,529,56,4
84092,475,529,92,3
84093,475,529,93,4
84094,475,529,102,4
84095,475,529,121,4
84096,475,529,122,4
84097,475,529,126,4
84098,475,529,165,3.5
84099,475,529,182,3
84100,475,529,232,4
84101,475,529,242,5
84102,475,529,253,4
84103,475,529,292,4
84104,475,529,309,3.5
84105,475,529,311,5
84106,475,529,312,3
84107,475,529,342,5
84108,475,529,344,4
84109,475,529,345,4
84110,475,529,358,5
84111,475,529,382,4
84112,475,529,388,4
84113,475,529,394,3
84114,475,529,407,5
84115,475,529,417,4.5
84116,475,529,420,5
84117,475,529,431,4
84118,475,529,452,5
84119,475,529,460,3
84120,475,529,461,3.5
84121,475,529,468,2.5
84122,475,529,472,5
84123,475,529,509,4
84124,475,529,510,4
84125,475,529,514,4
84126,475,529,516,3
84127,475,529,518,4
84128,475,529,533,4
84129,475,529,537,4
84130,475,529,547,3.5
84131,475,529,564,5
84132,475,529,659,5
84133,475,529,671,4
84134,474,528,496,3
84135,474,528,624,2
84136,473,527,2,4
84137,473,527,3,3
84138,473,527,8,5
84139,473,527,9,5
84140,473,527,13,4
84141,473,527,15,4
84142,473,527,16,4
84143,473,527,17,4
84144,473,527,19,4
84145,473,527,20,2.5
84146,473,527,21,5
84147,473,527,23,3.5
84148,473,527,27,5
84149,473,527,30,5
84150,473,527,31,5
84151,473,527,34,4
84152,473,527,36,5
84153,473,527,38,4.5
84154,473,527,42,4.5
84155,473,527,43,5
84156,473,527,48,4.5
84157,473,527,50,4
84158,473,527,56,4
84159,473,527,57,5
84160,473,527,59,4.5
84161,473,527,68,3.5
84162,473,527,69,5
84163,473,527,72,4
84164,473,527,73,5
84165,473,527,74,5
84166,473,527,75,4
84167,473,527,85,2
84168,473,527,86,5
84169,473,527,88,4
84170,473,527,91,5
84171,473,527,92,4
84172,473,527,94,5
84173,473,527,96,3.5
84174,473,527,97,1.5
84175,473,527,99,4
84176,473,527,101,4.5
84177,473,527,102,4
84178,473,527,107,5
84179,473,527,110,4
84180,473,527,111,4
84181,473,527,117,3.5
84182,473,527,118,5
84183,473,527,119,5
84184,473,527,121,5
84185,473,527,122,3
84186,473,527,124,5
84187,473,527,128,5
84188,473,527,129,5
84189,473,527,130,4
84190,473,527,138,4
84191,473,527,143,3.5
84192,473,527,144,4
84193,473,527,147,4.5
84194,473,527,151,5
84195,473,527,155,5
84196,473,527,157,3
84197,473,527,159,4.5
84198,473,527,160,3
84199,473,527,163,5
84200,473,527,165,4
84201,473,527,169,5
84202,473,527,172,4
84203,473,527,180,4
84204,473,527,183,4
84205,473,527,184,4
84206,473,527,185,5
84207,473,527,188,5
84208,473,527,192,5
84209,473,527,193,5
84210,473,527,194,5
84211,473,527,195,4
84212,473,527,199,4.5
84213,473,527,200,4.5
84214,473,527,201,4
84215,473,527,211,5
84216,473,527,212,5
84217,473,527,214,5
84218,473,527,215,4
84219,473,527,219,4
84220,473,527,220,5
84221,473,527,232,4
84222,473,527,235,2.5
84223,473,527,236,3.5
84224,473,527,238,3
84225,473,527,240,4.5
84226,473,527,242,5
84227,473,527,243,3.5
84228,473,527,244,5
84229,473,527,245,5
84230,473,527,247,5
84231,473,527,248,5
84232,473,527,250,5
84233,473,527,262,3
84234,473,527,264,5
84235,473,527,265,4
84236,473,527,266,5
84237,473,527,268,5
84238,473,527,279,5
84239,473,527,281,5
84240,473,527,282,5
84241,473,527,283,5
84242,473,527,285,5
84243,473,527,288,5
84244,473,527,292,5
84245,473,527,294,4
84246,473,527,295,4.5
84247,473,527,303,4
84248,473,527,304,0.5
84249,473,527,306,5
84250,473,527,307,4.5
84251,473,527,309,4.5
84252,473,527,311,5
84253,473,527,312,5
84254,473,527,313,5
84255,473,527,320,4
84256,473,527,323,4.5
84257,473,527,324,3
84258,473,527,330,5
84259,473,527,331,4.5
84260,473,527,333,5
84261,473,527,336,5
84262,473,527,338,5
84263,473,527,339,5
84264,473,527,342,5
84265,473,527,344,4
84266,473,527,345,4.5
84267,473,527,346,1
84268,473,527,347,4.5
84269,473,527,354,5
84270,473,527,355,4
84271,473,527,358,5
84272,473,527,359,4
84273,473,527,363,5
84274,473,527,369,5
84275,473,527,370,4
84276,473,527,373,4
84277,473,527,376,5
84278,473,527,378,4
84279,473,527,379,4.5
84280,473,527,384,3
84281,473,527,385,4
84282,473,527,386,5
84283,473,527,387,3
84284,473,527,388,5
84285,473,527,391,5
84286,473,527,394,0.5
84287,473,527,400,4
84288,473,527,407,4
84289,473,527,410,0.5
84290,473,527,411,5
84291,473,527,419,4.5
84292,473,527,425,5
84293,473,527,426,4.5
84294,473,527,431,4.5
84295,473,527,433,5
84296,473,527,434,4
84297,473,527,435,4
84298,473,527,438,4.5
84299,473,527,439,3
84300,473,527,442,4.5
84301,473,527,450,4.5
84302,473,527,452,4
84303,473,527,458,4
84304,473,527,461,4
84305,473,527,463,5
84306,473,527,466,5
84307,473,527,471,4
84308,473,527,472,3
84309,473,527,481,3.5
84310,473,527,487,5
84311,473,527,494,5
84312,473,527,495,5
84313,473,527,497,5
84314,473,527,503,4
84315,473,527,505,4
84316,473,527,508,5
84317,473,527,509,5
84318,473,527,510,2
84319,473,527,513,5
84320,473,527,516,5
84321,473,527,517,5
84322,473,527,519,2
84323,473,527,520,5
84324,473,527,521,4.5
84325,473,527,522,3
84326,473,527,529,5
84327,473,527,530,5
84328,473,527,537,5
84329,473,527,539,4
84330,473,527,544,4.5
84331,473,527,547,5
84332,473,527,550,5
84333,473,527,552,3
84334,473,527,554,5
84335,473,527,555,4
84336,473,527,559,5
84337,473,527,560,4.5
84338,473,527,561,4
84339,473,527,562,4
84340,473,527,563,3
84341,473,527,564,4
84342,473,527,570,2.5
84343,473,527,572,4
84344,473,527,573,5
84345,473,527,578,3
84346,473,527,580,4
84347,473,527,584,5
84348,473,527,585,5
84349,473,527,586,4
84350,473,527,587,5
84351,473,527,588,5
84352,473,527,590,4
84353,473,527,592,4
84354,473,527,594,5
84355,473,527,596,4.5
84356,473,527,598,4
84357,473,527,602,5
84358,473,527,603,5
84359,473,527,608,4
84360,473,527,614,3
84361,473,527,615,4.5
84362,473,527,617,5
84363,473,527,621,5
84364,473,527,623,4.5
84365,473,527,625,5
84366,473,527,627,4
84367,473,527,629,3
84368,473,527,635,2
84369,473,527,644,5
84370,473,527,647,5
84371,473,527,649,4
84372,473,527,654,5
84373,473,527,658,5
84374,473,527,659,4
84375,473,527,661,4.5
84376,473,527,662,5
84377,473,527,665,5
84378,473,527,666,3
84379,473,527,670,5
84380,472,526,564,1
84381,471,524,8,2
84382,471,524,13,3.5
84383,471,524,15,2.5
84384,471,524,36,3
84385,471,524,43,3
84386,471,524,49,3
84387,471,524,67,3
84388,471,524,117,4
84389,471,524,125,4
84390,471,524,146,3.5
84391,471,524,165,3
84392,471,524,166,4
84393,471,524,168,3
84394,471,524,170,2.5
84395,471,524,182,5
84396,471,524,187,4
84397,471,524,210,4
84398,471,524,253,4.5
84399,471,524,282,5
84400,471,524,294,3.5
84401,471,524,306,4
84402,471,524,308,4
84403,471,524,311,2.5
84404,471,524,351,5
84405,471,524,388,4
84406,471,524,414,3
84407,471,524,416,4
84408,471,524,452,2
84409,471,524,468,3
84410,471,524,487,5
84411,471,524,496,5
84412,471,524,547,1
84413,471,524,604,4.5
84414,471,524,607,3
84415,471,524,637,5
84416,471,524,665,3
84417,470,523,30,2
84418,470,523,348,5
84419,470,523,467,4
84420,470,523,537,1
84421,470,523,547,3
84422,470,523,564,5
84423,469,522,19,3
84424,469,522,73,3
84425,469,522,105,3.5
84426,469,522,143,1
84427,469,522,344,3
84428,469,522,391,5
84429,469,522,408,3
84430,469,522,472,3
84431,469,522,510,1
84432,468,521,36,4
84433,468,521,232,5
84434,468,521,254,5
84435,468,521,306,2
84436,468,521,391,4
84437,468,521,487,3
84438,468,521,516,3
84439,468,521,564,5
84440,468,521,647,3
84441,468,521,659,2
84442,467,520,8,3.5
84443,467,520,15,3.5
84444,467,520,19,3
84445,467,520,45,3.5
84446,467,520,63,3
84447,467,520,73,4
84448,467,520,75,3
84449,467,520,85,3
84450,467,520,88,1.5
84451,467,520,92,2
84452,467,520,101,2.5
84453,467,520,110,5
84454,467,520,115,4
84455,467,520,146,4
84456,467,520,150,0.5
84457,467,520,165,5
84458,467,520,212,4
84459,467,520,213,1.5
84460,467,520,232,4
84461,467,520,239,4
84462,467,520,243,3
84463,467,520,247,3
84464,467,520,254,4
84465,467,520,285,3
84466,467,520,288,5
84467,467,520,291,3
84468,467,520,294,4.5
84469,467,520,303,3
84470,467,520,308,5
84471,467,520,313,3.5
84472,467,520,346,4
84473,467,520,354,3
84474,467,520,358,2
84475,467,520,384,3
84476,467,520,396,3
84477,467,520,416,2
84478,467,520,423,3.5
84479,467,520,431,3
84480,467,520,455,3.5
84481,467,520,457,2
84482,467,520,460,2
84483,467,520,461,2
84484,467,520,468,3
84485,467,520,471,3
84486,467,520,487,3
84487,467,520,498,3
84488,467,520,500,3
84489,467,520,509,1
84490,467,520,510,1
84491,467,520,514,3
84492,467,520,518,3
84493,467,520,520,2
84494,467,520,523,4
84495,467,520,551,4
84496,467,520,577,2.5
84497,467,520,580,1.5
84498,467,520,590,3
84499,467,520,593,3
84500,467,520,607,3.5
84501,467,520,615,4
84502,467,520,624,3
84503,467,520,649,3
84504,467,520,654,4
84505,467,520,655,2
84506,467,520,665,2
84507,466,519,19,1
84508,466,519,79,2
84509,466,519,85,3
84510,466,519,95,2
84511,466,519,103,1
84512,466,519,110,3
84513,466,519,168,1
84514,466,519,177,2
84515,466,519,188,3
84516,466,519,285,2
84517,466,519,344,1
84518,466,519,384,3
84519,466,519,396,2
84520,466,519,397,3.5
84521,466,519,515,4
84522,466,519,518,2
84523,466,519,551,3
84524,466,519,560,3
84525,466,519,564,2
84526,466,519,584,2
84527,466,519,593,3
84528,466,519,624,2
84529,466,519,646,4
84530,466,519,654,3
84531,465,518,30,2
84532,465,518,232,4
84533,465,518,358,1
84534,465,518,388,3
84535,465,518,414,2
84536,465,518,452,2
84537,465,518,509,2
84538,465,518,514,3
84539,465,518,518,2
84540,465,518,547,0.5
84541,465,518,564,2
84542,464,517,19,2
84543,464,517,30,4
84544,464,517,128,2
84545,464,517,232,4
84546,464,517,247,3
84547,464,517,263,3.5
84548,464,517,311,2
84549,464,517,344,4
84550,464,517,388,3
84551,464,517,390,4
84552,464,517,460,2
84553,464,517,534,4
84554,464,517,550,3
84555,464,517,564,2
84556,464,517,574,4
84557,464,517,597,3
84558,463,516,128,5
84559,463,516,168,3
84560,463,516,239,4
84561,463,516,285,3
84562,463,516,311,2
84563,463,516,344,3
84564,463,516,358,2
84565,463,516,452,2
84566,463,516,487,3
84567,463,516,518,3
84568,463,516,533,3
84569,463,516,575,3
84570,463,516,665,2
84571,462,515,2,4
84572,462,515,9,4
84573,462,515,19,5
84574,462,515,30,5
84575,462,515,36,3
84576,462,515,63,1
84577,462,515,67,5
84578,462,515,86,5
84579,462,515,93,2.5
84580,462,515,121,5
84581,462,515,161,3
84582,462,515,168,4
84583,462,515,232,5
84584,462,515,297,5
84585,462,515,306,4
84586,462,515,311,3
84587,462,515,338,3
84588,462,515,344,5
84589,462,515,354,4
84590,462,515,373,4
84591,462,515,385,4
84592,462,515,387,5
84593,462,515,391,5
84594,462,515,394,3
84595,462,515,396,4
84596,462,515,400,4
84597,462,515,405,1
84598,462,515,434,5
84599,462,515,452,5
84600,462,515,461,3.5
84601,462,515,468,3.5
84602,462,515,496,3
84603,462,515,509,4
84604,462,515,510,4
84605,462,515,514,4
84606,462,515,529,4
84607,462,515,537,5
84608,462,515,545,5
84609,462,515,547,4.5
84610,462,515,555,4
84611,462,515,575,5
84612,462,515,587,4
84613,462,515,602,4
84614,462,515,614,5
84615,462,515,639,4
84616,462,515,659,4
84617,461,514,73,3.5
84618,461,514,83,4
84619,461,514,165,3
84620,461,514,168,3
84621,461,514,232,5
84622,461,514,239,4
84623,461,514,311,3.5
84624,461,514,358,4
84625,461,514,380,3
84626,461,514,396,3
84627,461,514,408,5
84628,461,514,472,4
84629,461,514,514,3
84630,461,514,548,3
84631,461,514,564,5
84632,461,514,588,3
84633,461,514,641,3
84634,460,513,19,1
84635,460,513,294,3
84636,460,513,472,2
84637,460,513,564,4
84638,460,513,597,3
84639,460,513,614,2
84640,459,512,177,4
84641,459,512,564,3
84642,458,511,416,3
84643,458,511,472,3
84644,458,511,534,3
84645,457,510,73,0.5
84646,457,510,168,2
84647,457,510,311,3
84648,457,510,487,4
84649,457,510,514,2
84650,456,509,2,4
84651,456,509,15,2
84652,456,509,19,4
84653,456,509,21,4
84654,456,509,23,4.5
84655,456,509,30,5
84656,456,509,36,4
84657,456,509,50,3
84658,456,509,57,5
84659,456,509,67,5
84660,456,509,75,0.5
84661,456,509,81,3
84662,456,509,86,5
84663,456,509,88,5
84664,456,509,92,1
84665,456,509,99,5
84666,456,509,105,4
84667,456,509,109,4.5
84668,456,509,121,4
84669,456,509,128,5
84670,456,509,151,3
84671,456,509,161,4
84672,456,509,168,3
84673,456,509,172,4
84674,456,509,188,3
84675,456,509,212,4
84676,456,509,214,4
84677,456,509,215,3
84678,456,509,232,4
84679,456,509,241,3
84680,456,509,263,3.5
84681,456,509,281,4.5
84682,456,509,302,5
84683,456,509,303,3.5
84684,456,509,306,4
84685,456,509,312,5
84686,456,509,338,4
84687,456,509,342,4
84688,456,509,344,3
84689,456,509,348,1
84690,456,509,358,4
84691,456,509,369,4
84692,456,509,370,4
84693,456,509,385,4
84694,456,509,391,5
84695,456,509,399,4
84696,456,509,405,5
84697,456,509,407,4
84698,456,509,422,5
84699,456,509,434,1
84700,456,509,463,3
84701,456,509,492,3
84702,456,509,493,4
84703,456,509,505,3
84704,456,509,509,3
84705,456,509,510,5
84706,456,509,514,5
84707,456,509,518,1
84708,456,509,529,3
84709,456,509,533,3
84710,456,509,537,5
84711,456,509,538,5
84712,456,509,547,1
84713,456,509,548,3
84714,456,509,555,4
84715,456,509,564,5
84716,456,509,575,3
84717,456,509,587,4
84718,456,509,593,5
84719,456,509,595,5
84720,456,509,602,4
84721,456,509,608,4
84722,456,509,625,3.5
84723,456,509,649,5
84724,456,509,659,4
84725,456,509,662,3
84726,456,509,666,3
84727,456,509,667,3
84728,455,508,2,4
84729,455,508,15,1.5
84730,455,508,19,3
84731,455,508,23,4.5
84732,455,508,30,5
84733,455,508,36,4
84734,455,508,42,3.5
84735,455,508,73,4
84736,455,508,78,4
84737,455,508,85,2
84738,455,508,86,3
84739,455,508,88,4
84740,455,508,92,3
84741,455,508,93,4
84742,455,508,102,2
84743,455,508,105,3.5
84744,455,508,110,4
84745,455,508,111,3.5
84746,455,508,125,4
84747,455,508,130,1.5
84748,455,508,150,2.5
84749,455,508,156,5
84750,455,508,161,4
84751,455,508,165,4.5
84752,455,508,168,3
84753,455,508,182,3
84754,455,508,184,3
84755,455,508,188,5
84756,455,508,192,4
84757,455,508,212,4
84758,455,508,218,3
84759,455,508,240,4
84760,455,508,242,5
84761,455,508,249,4
84762,455,508,268,3.5
84763,455,508,282,4
84764,455,508,283,4.5
84765,455,508,288,5
84766,455,508,292,3.5
84767,455,508,303,3
84768,455,508,306,4
84769,455,508,308,4
84770,455,508,311,2
84771,455,508,330,3
84772,455,508,338,4
84773,455,508,342,3
84774,455,508,344,4
84775,455,508,355,4
84776,455,508,380,4
84777,455,508,385,3
84778,455,508,386,4
84779,455,508,388,5
84780,455,508,391,2
84781,455,508,396,3
84782,455,508,416,4
84783,455,508,419,4.5
84784,455,508,428,3
84785,455,508,434,2
84786,455,508,452,5
84787,455,508,461,2.5
84788,455,508,487,5
84789,455,508,508,5
84790,455,508,509,3
84791,455,508,516,5
84792,455,508,518,5
84793,455,508,522,3.5
84794,455,508,529,3.5
84795,455,508,535,3
84796,455,508,537,5
84797,455,508,547,3
84798,455,508,552,3
84799,455,508,564,3
84800,455,508,570,5
84801,455,508,580,2
84802,455,508,590,3
84803,455,508,593,5
84804,455,508,596,3.5
84805,455,508,602,4
84806,455,508,627,3.5
84807,455,508,633,3
84808,455,508,649,4
84809,455,508,658,4
84810,455,508,662,4
84811,455,508,665,4
84812,455,508,666,4
84813,455,508,667,4
84814,454,507,19,3
84815,454,507,30,4
84816,454,507,73,3.5
84817,454,507,102,3
84818,454,507,242,5
84819,454,507,311,2
84820,454,507,344,4
84821,454,507,384,3
84822,454,507,388,4
84823,454,507,390,3
84824,454,507,452,3
84825,454,507,509,4
84826,454,507,514,4
84827,454,507,534,4
84828,454,507,537,3
84829,454,507,564,4
84830,454,507,624,3
84831,453,506,102,3
84832,453,506,311,2
84833,453,506,391,3
84834,453,506,407,5
84835,453,506,492,4
84836,453,506,509,2
84837,453,506,514,4
84838,453,506,529,2
84839,453,506,564,3
84840,452,505,168,2
84841,452,505,232,3
84842,452,505,285,4
84843,452,505,358,1
84844,452,505,396,3
84845,452,505,514,3
84846,452,505,564,3
84847,451,504,19,3
84848,451,504,177,3
84849,451,504,247,3
84850,451,504,344,3
84851,451,504,346,4
84852,450,502,73,3
84853,450,502,165,1.5
84854,450,502,169,3.5
84855,450,502,182,3
84856,450,502,232,1
84857,450,502,294,2.5
84858,450,502,311,1.5
84859,450,502,353,0.5
84860,450,502,445,4.5
84861,450,502,453,3
84862,450,502,518,3
84863,450,502,564,1
84864,450,502,580,1.5
84865,450,502,581,4
84866,450,502,599,2.5
84867,450,502,654,3
84868,449,501,19,5
84869,449,501,48,3.5
84870,449,501,86,5
84871,449,501,102,4
84872,449,501,391,4
84873,449,501,407,3
84874,449,501,423,5
84875,449,501,434,1
84876,449,501,472,4
84877,449,501,492,5
84878,449,501,509,4
84879,449,501,564,5
84880,449,501,602,3
84881,449,501,609,5
84882,449,501,667,5
84883,448,500,2,4
84884,448,500,5,4.5
84885,448,500,7,3
84886,448,500,15,3
84887,448,500,19,3
84888,448,500,20,3
84889,448,500,26,1
84890,448,500,30,4
84891,448,500,43,3
84892,448,500,61,4
84893,448,500,68,4
84894,448,500,69,3.5
84895,448,500,73,3.5
84896,448,500,77,3
84897,448,500,78,4
84898,448,500,85,4
84899,448,500,86,3
84900,448,500,88,2.5
84901,448,500,89,5
84902,448,500,92,3
84903,448,500,105,3
84904,448,500,108,5
84905,448,500,110,4
84906,448,500,120,3
84907,448,500,126,4
84908,448,500,127,5
84909,448,500,130,3.5
84910,448,500,134,4
84911,448,500,136,3.5
84912,448,500,144,3
84913,448,500,145,5
84914,448,500,150,1.5
84915,448,500,151,4
84916,448,500,152,2.5
84917,448,500,159,2
84918,448,500,161,4
84919,448,500,165,3
84920,448,500,168,3
84921,448,500,182,5
84922,448,500,184,4
84923,448,500,187,3.5
84924,448,500,188,5
84925,448,500,192,4
84926,448,500,194,3
84927,448,500,200,4
84928,448,500,212,2.5
84929,448,500,213,2
84930,448,500,219,4
84931,448,500,220,3
84932,448,500,232,4
84933,448,500,234,4
84934,448,500,235,4.5
84935,448,500,236,2.5
84936,448,500,239,4
84937,448,500,240,4
84938,448,500,241,3
84939,448,500,243,3.5
84940,448,500,247,3
84941,448,500,249,5
84942,448,500,253,3.5
84943,448,500,254,4
84944,448,500,262,3.5
84945,448,500,266,3
84946,448,500,268,3
84947,448,500,275,5
84948,448,500,279,3
84949,448,500,282,3.5
84950,448,500,285,4
84951,448,500,288,3
84952,448,500,292,3.5
84953,448,500,294,4
84954,448,500,295,4.5
84955,448,500,303,2.5
84956,448,500,306,4
84957,448,500,308,2
84958,448,500,311,2.5
84959,448,500,312,1
84960,448,500,313,3.5
84961,448,500,324,4
84962,448,500,327,3.5
84963,448,500,338,3
84964,448,500,344,4
84965,448,500,353,1
84966,448,500,355,2
84967,448,500,358,4
84968,448,500,369,4
84969,448,500,382,3
84970,448,500,384,3
84971,448,500,385,4
84972,448,500,394,3.5
84973,448,500,396,3
84974,448,500,400,3
84975,448,500,410,4
84976,448,500,412,3
84977,448,500,416,3
84978,448,500,418,3
84979,448,500,428,1
84980,448,500,430,4
84981,448,500,442,4.5
84982,448,500,452,4
84983,448,500,457,2
84984,448,500,461,1.5
84985,448,500,466,4
84986,448,500,468,2.5
84987,448,500,473,5
84988,448,500,480,4
84989,448,500,486,1.5
84990,448,500,487,5
84991,448,500,496,4
84992,448,500,500,3
84993,448,500,508,4
84994,448,500,509,3
84995,448,500,514,3
84996,448,500,517,5
84997,448,500,518,4
84998,448,500,520,3
84999,448,500,523,4
85000,448,500,527,1
85001,448,500,531,3
85002,448,500,534,3
85003,448,500,535,3
85004,448,500,537,2
85005,448,500,547,4
85006,448,500,548,3
85007,448,500,554,3
85008,448,500,556,4
85009,448,500,561,3
85010,448,500,562,3.5
85011,448,500,564,5
85012,448,500,574,3
85013,448,500,575,4
85014,448,500,577,3.5
85015,448,500,580,3.5
85016,448,500,590,3
85017,448,500,593,4
85018,448,500,596,3.5
85019,448,500,602,4
85020,448,500,603,4
85021,448,500,607,2.5
85022,448,500,614,4
85023,448,500,617,4
85024,448,500,624,4
85025,448,500,629,5
85026,448,500,633,3
85027,448,500,641,5
85028,448,500,646,5
85029,448,500,648,4
85030,448,500,649,3
85031,448,500,653,4
85032,448,500,654,4.5
85033,448,500,659,5
85034,448,500,662,4
85035,448,500,665,2
85036,447,499,264,3
85037,446,498,306,2
85038,446,498,452,3
85039,446,498,518,3
85040,445,497,2,3
85041,445,497,9,4
85042,445,497,20,5
85043,445,497,23,4.5
85044,445,497,57,5
85045,445,497,73,3.5
85046,445,497,86,4
85047,445,497,88,4
85048,445,497,92,4
85049,445,497,99,3
85050,445,497,105,2.5
85051,445,497,111,4
85052,445,497,121,5
85053,445,497,122,4
85054,445,497,126,4
85055,445,497,130,4
85056,445,497,159,3.5
85057,445,497,177,5
85058,445,497,212,3
85059,445,497,239,5
85060,445,497,254,3
85061,445,497,288,3
85062,445,497,293,4
85063,445,497,294,5
85064,445,497,315,4
85065,445,497,330,4
85066,445,497,344,5
85067,445,497,354,5
85068,445,497,391,4
85069,445,497,393,4
85070,445,497,396,5
85071,445,497,420,4
85072,445,497,430,1.5
85073,445,497,431,5
85074,445,497,434,4
85075,445,497,460,5
85076,445,497,461,3
85077,445,497,466,5
85078,445,497,468,3
85079,445,497,472,2
85080,445,497,487,5
85081,445,497,493,2
85082,445,497,500,3.5
85083,445,497,509,3
85084,445,497,514,3
85085,445,497,529,4
85086,445,497,537,5
85087,445,497,545,4
85088,445,497,548,3
85089,445,497,555,3
85090,445,497,559,5
85091,445,497,564,3
85092,445,497,575,5
85093,445,497,577,5
85094,445,497,593,5
85095,445,497,597,4
85096,445,497,602,5
85097,445,497,649,4
85098,445,497,658,5
85099,445,497,659,4
85100,444,496,497,2
85101,444,496,509,3
85102,444,496,547,3
85103,443,495,81,3.5
85104,443,495,262,2.5
85105,443,495,481,4.5
85106,443,495,492,5
85107,443,495,547,4
85108,443,495,554,4
85109,443,495,564,4
85110,443,495,587,3
85111,442,494,15,4
85112,442,494,18,3
85113,442,494,19,3
85114,442,494,25,3
85115,442,494,44,3
85116,442,494,55,3
85117,442,494,70,3
85118,442,494,87,4
85119,442,494,110,5
85120,442,494,113,5
85121,442,494,134,3
85122,442,494,146,3.5
85123,442,494,162,3
85124,442,494,173,4
85125,442,494,177,3
85126,442,494,182,5
85127,442,494,201,3
85128,442,494,209,4
85129,442,494,213,4
85130,442,494,223,5
85131,442,494,224,4
85132,442,494,233,3
85133,442,494,252,4
85134,442,494,254,4
85135,442,494,256,3
85136,442,494,284,3
85137,442,494,287,4
85138,442,494,306,3
85139,442,494,311,3
85140,442,494,318,3
85141,442,494,323,3
85142,442,494,329,3
85143,442,494,361,3
85144,442,494,383,4
85145,442,494,390,4
85146,442,494,396,4
85147,442,494,413,3
85148,442,494,430,1
85149,442,494,434,3
85150,442,494,452,3
85151,442,494,461,2
85152,442,494,484,4
85153,442,494,490,4
85154,442,494,496,5
85155,442,494,507,2
85156,442,494,514,1
85157,442,494,516,4
85158,442,494,518,4
85159,442,494,534,4
85160,442,494,543,5
85161,442,494,548,3
85162,442,494,550,3
85163,442,494,559,4
85164,442,494,575,4
85165,442,494,608,3
85166,442,494,616,3
85167,442,494,624,3
85168,442,494,640,4
85169,442,494,641,3
85170,442,494,650,4
85171,442,494,652,4.5
85172,441,493,19,4
85173,441,493,67,4
85174,441,493,73,4
85175,441,493,168,4
85176,441,493,344,3
85177,441,493,358,4
85178,441,493,388,4
85179,441,493,391,3
85180,441,493,452,3
85181,441,493,461,2
85182,441,493,472,4
85183,441,493,509,3
85184,441,493,514,4
85185,441,493,525,3
85186,441,493,545,3
85187,441,493,548,3
85188,441,493,564,1
85189,441,493,581,4.5
85190,441,493,596,3.5
85191,441,493,601,4
85192,441,493,602,2
85193,441,493,659,3
85194,441,493,665,3
85195,440,492,17,5
85196,440,492,23,4.5
85197,440,492,30,4
85198,440,492,102,4
85199,440,492,119,4
85200,440,492,148,3.5
85201,440,492,306,4
85202,440,492,312,3
85203,440,492,358,4
85204,440,492,452,2
85205,440,492,457,3.5
85206,440,492,472,2
85207,440,492,505,3
85208,440,492,509,4
85209,440,492,529,5
85210,440,492,537,4
85211,440,492,547,2
85212,440,492,564,5
85213,440,492,585,3
85214,440,492,597,5
85215,440,492,624,4
85216,439,491,19,3
85217,439,491,36,3
85218,439,491,67,4
85219,439,491,159,1.5
85220,439,491,212,3
85221,439,491,306,3
85222,439,491,308,5
85223,439,491,311,1
85224,439,491,440,5
85225,439,491,442,3.5
85226,439,491,452,3
85227,439,491,468,2
85228,439,491,487,3
85229,439,491,514,3
85230,439,491,533,3
85231,439,491,564,3
85232,439,491,575,4
85233,439,491,629,5
85234,439,491,649,4
85235,439,491,658,4
85236,439,491,665,3
85237,438,490,160,4
85238,438,490,306,3
85239,438,490,344,4
85240,438,490,367,4
85241,438,490,452,3
85242,438,490,463,4
85243,438,490,487,4
85244,438,490,514,3
85245,438,490,534,4
85246,438,490,547,2
85247,438,490,564,3
85248,438,490,575,4
85249,438,490,585,3
85250,438,490,608,3
85251,437,489,110,4
85252,437,489,153,3
85253,437,489,168,2
85254,437,489,182,3
85255,437,489,239,2
85256,437,489,254,3
85257,437,489,311,2.5
85258,437,489,344,3
85259,437,489,396,1
85260,437,489,416,1
85261,437,489,487,4
85262,437,489,564,3
85263,436,488,299,3.5
85264,436,488,311,2
85265,436,488,510,4
85266,436,488,564,3
85267,435,487,247,4
85268,435,487,518,3
85269,434,486,239,3
85270,434,486,452,2
85271,433,485,2,3
85272,433,485,15,0.5
85273,433,485,19,1
85274,433,485,21,3
85275,433,485,22,2.5
85276,433,485,23,3
85277,433,485,30,4
85278,433,485,73,3
85279,433,485,85,3
85280,433,485,92,3
85281,433,485,110,4
85282,433,485,134,2
85283,433,485,156,3.5
85284,433,485,157,2.5
85285,433,485,161,3
85286,433,485,165,3.5
85287,433,485,168,2
85288,433,485,182,3
85289,433,485,184,2
85290,433,485,188,4
85291,433,485,195,2
85292,433,485,239,3
85293,433,485,243,3
85294,433,485,254,3
85295,433,485,285,2
85296,433,485,288,4
85297,433,485,302,3
85298,433,485,311,2
85299,433,485,312,2
85300,433,485,344,2
85301,433,485,346,5
85302,433,485,353,2
85303,433,485,358,2
85304,433,485,384,4
85305,433,485,396,3
85306,433,485,440,4
85307,433,485,457,1.5
85308,433,485,461,2
85309,433,485,468,2.5
85310,433,485,480,4
85311,433,485,496,3
85312,433,485,516,3
85313,433,485,518,3
85314,433,485,522,2.5
85315,433,485,562,3
85316,433,485,564,4
85317,433,485,589,3
85318,433,485,590,4
85319,433,485,593,3
85320,433,485,596,3.5
85321,433,485,607,3.5
85322,433,485,624,4
85323,433,485,654,2
85324,432,484,53,1
85325,432,484,287,3.5
85326,432,484,493,3
85327,432,484,514,3
85328,432,484,551,3
85329,432,484,605,3
85330,431,483,15,1
85331,431,483,330,4
85332,431,483,510,5
85333,431,483,609,1
85334,430,482,17,0.5
85335,430,482,19,2
85336,430,482,34,5
85337,430,482,73,4
85338,430,482,86,4
85339,430,482,119,3
85340,430,482,177,4
85341,430,482,388,4
85342,430,482,510,1
85343,430,482,647,1
85344,429,481,15,3
85345,429,481,19,1
85346,429,481,36,4
85347,429,481,73,3.5
85348,429,481,86,3
85349,429,481,105,3.5
85350,429,481,119,4
85351,429,481,158,3.5
85352,429,481,177,4
85353,429,481,189,4
85354,429,481,220,4
85355,429,481,242,2
85356,429,481,254,4
85357,429,481,285,4
85358,429,481,344,4
85359,429,481,384,3
85360,429,481,391,4
85361,429,481,399,1
85362,429,481,416,3
85363,429,481,442,4
85364,429,481,480,3
85365,429,481,514,3
85366,429,481,518,4
85367,429,481,524,3
85368,429,481,534,3
85369,429,481,548,4
85370,429,481,564,4
85371,429,481,596,4
85372,429,481,602,3
85373,429,481,647,3
85374,429,481,659,3
85375,429,481,661,3.5
85376,428,480,2,4
85377,428,480,4,5
85378,428,480,7,4
85379,428,480,13,3
85380,428,480,15,3
85381,428,480,17,0.5
85382,428,480,19,4
85383,428,480,20,3
85384,428,480,21,3
85385,428,480,22,4.5
85386,428,480,23,3.5
85387,428,480,26,2.5
85388,428,480,30,4
85389,428,480,32,5
85390,428,480,36,3
85391,428,480,42,5
85392,428,480,43,4
85393,428,480,48,3.5
85394,428,480,50,4
85395,428,480,56,4
85396,428,480,59,4.5
85397,428,480,63,4.5
85398,428,480,66,5
85399,428,480,67,5
85400,428,480,68,4
85401,428,480,72,3
85402,428,480,73,4
85403,428,480,75,3
85404,428,480,77,3
85405,428,480,78,3.5
85406,428,480,79,3
85407,428,480,83,3.5
85408,428,480,85,5
85409,428,480,86,3
85410,428,480,88,3
85411,428,480,89,5
85412,428,480,92,4
85413,428,480,94,2.5
85414,428,480,95,4
85415,428,480,97,2.5
85416,428,480,99,4
85417,428,480,105,3
85418,428,480,108,4
85419,428,480,110,5
85420,428,480,111,3.5
85421,428,480,115,5
85422,428,480,116,2
85423,428,480,118,4
85424,428,480,119,4
85425,428,480,120,3
85426,428,480,121,4
85427,428,480,125,5
85428,428,480,126,5
85429,428,480,127,3
85430,428,480,128,5
85431,428,480,130,3
85432,428,480,134,5
85433,428,480,138,2.5
85434,428,480,139,4.5
85435,428,480,141,4
85436,428,480,143,3
85437,428,480,144,4
85438,428,480,145,5
85439,428,480,146,4
85440,428,480,148,4.5
85441,428,480,149,2
85442,428,480,150,3.5
85443,428,480,151,5
85444,428,480,152,3
85445,428,480,155,2
85446,428,480,157,3
85447,428,480,159,4
85448,428,480,161,4
85449,428,480,163,3.5
85450,428,480,164,3
85451,428,480,165,3
85452,428,480,166,3.5
85453,428,480,167,5
85454,428,480,172,3
85455,428,480,175,4
85456,428,480,176,2.5
85457,428,480,177,5
85458,428,480,182,5
85459,428,480,184,3
85460,428,480,187,3.5
85461,428,480,188,4
85462,428,480,191,3
85463,428,480,192,4
85464,428,480,194,3
85465,428,480,195,4
85466,428,480,199,3.5
85467,428,480,200,3.5
85468,428,480,201,5
85469,428,480,205,4.5
85470,428,480,212,3
85471,428,480,213,5
85472,428,480,214,4
85473,428,480,215,3
85474,428,480,220,2
85475,428,480,225,5
85476,428,480,228,5
85477,428,480,232,5
85478,428,480,234,3.5
85479,428,480,236,3
85480,428,480,238,3.5
85481,428,480,240,3
85482,428,480,241,3
85483,428,480,242,5
85484,428,480,243,2.5
85485,428,480,245,5
85486,428,480,246,4
85487,428,480,247,4
85488,428,480,249,3
85489,428,480,253,4
85490,428,480,261,3
85491,428,480,262,3
85492,428,480,266,4
85493,428,480,268,4.5
85494,428,480,272,3.5
85495,428,480,275,5
85496,428,480,279,5
85497,428,480,281,4
85498,428,480,282,3
85499,428,480,283,3
85500,428,480,285,3
85501,428,480,287,5
85502,428,480,288,4
85503,428,480,292,3.5
85504,428,480,294,4
85505,428,480,295,4.5
85506,428,480,300,5
85507,428,480,302,4
85508,428,480,305,2
85509,428,480,306,3
85510,428,480,311,4.5
85511,428,480,312,1
85512,428,480,313,4
85513,428,480,314,4.5
85514,428,480,317,4
85515,428,480,319,4
85516,428,480,328,3.5
85517,428,480,330,3
85518,428,480,338,3
85519,428,480,344,2
85520,428,480,345,2
85521,428,480,346,1
85522,428,480,349,4
85523,428,480,352,4.5
85524,428,480,353,3
85525,428,480,354,3
85526,428,480,355,3.5
85527,428,480,363,4
85528,428,480,365,4.5
85529,428,480,369,4
85530,428,480,375,4
85531,428,480,380,4
85532,428,480,381,3
85533,428,480,384,3.5
85534,428,480,385,4
85535,428,480,388,4
85536,428,480,390,5
85537,428,480,396,5
85538,428,480,399,3
85539,428,480,400,5
85540,428,480,410,5
85541,428,480,415,5
85542,428,480,416,3
85543,428,480,418,5
85544,428,480,420,2
85545,428,480,421,1
85546,428,480,422,3
85547,428,480,428,3
85548,428,480,430,4
85549,428,480,439,3
85550,428,480,440,5
85551,428,480,442,4.5
85552,428,480,445,3.5
85553,428,480,448,5
85554,428,480,449,4
85555,428,480,452,5
85556,428,480,453,3
85557,428,480,455,5
85558,428,480,456,4.5
85559,428,480,457,2.5
85560,428,480,458,2.5
85561,428,480,461,5
85562,428,480,463,4
85563,428,480,466,4
85564,428,480,468,2.5
85565,428,480,471,3.5
85566,428,480,472,4
85567,428,480,474,4
85568,428,480,475,4.5
85569,428,480,480,5
85570,428,480,486,3.5
85571,428,480,487,4
85572,428,480,489,2
85573,428,480,495,4
85574,428,480,496,5
85575,428,480,500,1.5
85576,428,480,503,4
85577,428,480,505,3
85578,428,480,506,3
85579,428,480,508,3
85580,428,480,509,3
85581,428,480,513,4
85582,428,480,514,4
85583,428,480,516,3
85584,428,480,517,4
85585,428,480,518,5
85586,428,480,520,4
85587,428,480,523,4
85588,428,480,525,3
85589,428,480,527,2
85590,428,480,530,5
85591,428,480,531,3
85592,428,480,532,4
85593,428,480,533,4
85594,428,480,534,3
85595,428,480,535,4
85596,428,480,537,3
85597,428,480,544,4
85598,428,480,547,3
85599,428,480,548,4
85600,428,480,550,4
85601,428,480,551,3
85602,428,480,552,2
85603,428,480,555,3
85604,428,480,556,5
85605,428,480,560,4
85606,428,480,561,4
85607,428,480,562,5
85608,428,480,564,5
85609,428,480,565,4
85610,428,480,568,5
85611,428,480,573,3
85612,428,480,574,3.5
85613,428,480,576,4
85614,428,480,577,4
85615,428,480,580,3
85616,428,480,585,3
85617,428,480,586,5
85618,428,480,588,3
85619,428,480,589,5
85620,428,480,590,4
85621,428,480,592,4
85622,428,480,593,3
85623,428,480,596,4
85624,428,480,597,4
85625,428,480,602,4
85626,428,480,603,5
85627,428,480,605,3
85628,428,480,607,3
85629,428,480,615,4
85630,428,480,617,3
85631,428,480,623,4
85632,428,480,624,3
85633,428,480,627,2.5
85634,428,480,629,2
85635,428,480,632,4.5
85636,428,480,633,3
85637,428,480,641,4
85638,428,480,646,4
85639,428,480,648,2
85640,428,480,649,4
85641,428,480,654,4.5
85642,428,480,659,4
85643,428,480,660,3
85644,428,480,662,3
85645,428,480,663,3.5
85646,428,480,664,3.5
85647,428,480,666,4
85648,428,480,667,4
85649,428,480,669,3
85650,427,479,19,2
85651,427,479,285,3
85652,427,479,388,4
85653,427,479,534,4
85654,426,477,30,4
85655,426,477,86,3
85656,426,477,306,3
85657,426,477,308,5
85658,426,477,311,2
85659,426,477,354,5
85660,426,477,409,4
85661,426,477,447,2
85662,426,477,452,2
85663,426,477,461,3
85664,426,477,509,3
85665,426,477,547,4.5
85666,426,477,564,4
85667,426,477,602,4
85668,426,477,649,5
85669,426,477,652,4
85670,425,476,239,4
85671,424,475,19,3
85672,424,475,36,4
85673,424,475,67,5
85674,424,475,86,4
85675,424,475,121,4
85676,424,475,130,3.5
85677,424,475,188,4
85678,424,475,232,5
85679,424,475,283,4.5
85680,424,475,295,4
85681,424,475,306,4
85682,424,475,311,4
85683,424,475,354,5
85684,424,475,388,4
85685,424,475,391,4
85686,424,475,396,4
85687,424,475,424,4.5
85688,424,475,434,5
85689,424,475,441,4.5
85690,424,475,452,5
85691,424,475,487,5
85692,424,475,509,4
85693,424,475,520,3.5
85694,424,475,529,5
85695,424,475,537,5
85696,424,475,547,4
85697,424,475,564,2
85698,424,475,587,4
85699,424,475,588,4
85700,424,475,602,5
85701,424,475,641,4
85702,423,474,2,2
85703,423,474,15,3
85704,423,474,19,3
85705,423,474,30,5
85706,423,474,67,3
85707,423,474,73,3.5
85708,423,474,92,4
85709,423,474,102,3
85710,423,474,105,3.5
85711,423,474,110,5
85712,423,474,118,4
85713,423,474,125,5
85714,423,474,126,5
85715,423,474,151,4
85716,423,474,161,4
85717,423,474,168,4
85718,423,474,177,5
85719,423,474,184,5
85720,423,474,192,3
85721,423,474,212,2.5
85722,423,474,213,3.5
85723,423,474,232,4
85724,423,474,241,3
85725,423,474,242,4
85726,423,474,247,5
85727,423,474,268,2.5
85728,423,474,282,3.5
85729,423,474,288,2
85730,423,474,306,3
85731,423,474,311,3
85732,423,474,312,3
85733,423,474,339,3
85734,423,474,342,5
85735,423,474,344,4
85736,423,474,353,3
85737,423,474,358,5
85738,423,474,360,4
85739,423,474,369,4
85740,423,474,380,4
85741,423,474,385,4
85742,423,474,388,4
85743,423,474,405,4
85744,423,474,408,5
85745,423,474,416,5
85746,423,474,440,4
85747,423,474,442,4
85748,423,474,452,4
85749,423,474,461,2.5
85750,423,474,463,3
85751,423,474,480,4
85752,423,474,487,5
85753,423,474,496,4
85754,423,474,509,4
85755,423,474,516,3
85756,423,474,525,5
85757,423,474,534,4
85758,423,474,535,3
85759,423,474,537,3
85760,423,474,547,4
85761,423,474,548,4
85762,423,474,550,4
85763,423,474,551,4
85764,423,474,556,5
85765,423,474,559,5
85766,423,474,568,5
85767,423,474,569,5
85768,423,474,570,4
85769,423,474,589,4
85770,423,474,590,3
85771,423,474,594,3
85772,423,474,596,3.5
85773,423,474,602,5
85774,423,474,605,3
85775,423,474,608,3
85776,423,474,624,4
85777,423,474,641,5
85778,423,474,647,4
85779,423,474,649,5
85780,423,474,654,4
85781,423,474,662,3
85782,422,473,232,1
85783,422,473,285,1
85784,422,473,564,1
85785,421,472,30,4
85786,421,472,564,3
85787,420,471,15,3
85788,420,471,19,3
85789,420,471,23,3.5
85790,420,471,30,4
85791,420,471,73,4
85792,420,471,85,3
85793,420,471,86,4
85794,420,471,92,4
85795,420,471,102,5
85796,420,471,105,4
85797,420,471,126,5
85798,420,471,184,5
85799,420,471,195,3
85800,420,471,241,4
85801,420,471,242,5
85802,420,471,274,5
85803,420,471,285,5
85804,420,471,292,3.5
85805,420,471,299,4.5
85806,420,471,306,3
85807,420,471,309,4
85808,420,471,311,0.5
85809,420,471,350,3
85810,420,471,354,5
85811,420,471,358,5
85812,420,471,380,4
85813,420,471,399,5
85814,420,471,440,3
85815,420,471,452,3
85816,420,471,460,5
85817,420,471,468,4
85818,420,471,487,4
85819,420,471,491,3
85820,420,471,502,4
85821,420,471,508,4
85822,420,471,509,4
85823,420,471,514,4
85824,420,471,521,3.5
85825,420,471,529,4
85826,420,471,537,5
85827,420,471,548,4
85828,420,471,574,3.5
85829,420,471,585,4
85830,420,471,588,3
85831,420,471,602,3
85832,420,471,607,4
85833,420,471,624,4
85834,420,471,649,3
85835,420,471,659,4
85836,419,470,165,3
85837,419,470,358,1
85838,419,470,514,2
85839,418,469,36,4
85840,418,469,86,3
85841,418,469,254,3
85842,418,469,434,2
85843,418,469,493,4
85844,418,469,514,3
85845,418,469,564,3
85846,418,469,659,3
85847,417,468,2,4
85848,417,468,19,4
85849,417,468,35,4
85850,417,468,57,4
85851,417,468,68,3
85852,417,468,79,0.5
85853,417,468,86,3
85854,417,468,99,3
85855,417,468,105,3
85856,417,468,121,4
85857,417,468,122,3
85858,417,468,126,3
85859,417,468,220,4
85860,417,468,224,4
85861,417,468,229,3.5
85862,417,468,232,4
85863,417,468,294,4
85864,417,468,385,4
85865,417,468,396,4
85866,417,468,405,3
85867,417,468,452,3
85868,417,468,468,3
85869,417,468,469,3
85870,417,468,516,3
85871,417,468,536,2
85872,417,468,548,3
85873,417,468,564,2
85874,417,468,575,4
85875,417,468,590,3
85876,417,468,605,4
85877,417,468,649,3
85878,417,468,658,4
85879,417,468,667,3
85880,416,467,388,2
85881,416,467,472,4
85882,416,467,585,4
85883,415,466,15,2.5
85884,415,466,21,3
85885,415,466,49,4
85886,415,466,60,4
85887,415,466,73,2.5
85888,415,466,85,3
85889,415,466,91,5
85890,415,466,92,2
85891,415,466,110,5
85892,415,466,115,3
85893,415,466,126,4
85894,415,466,157,2.5
85895,415,466,165,4
85896,415,466,209,3
85897,415,466,217,3.5
85898,415,466,221,2
85899,415,466,232,3
85900,415,466,247,2
85901,415,466,254,3
85902,415,466,268,5
85903,415,466,285,2
85904,415,466,288,5
85905,415,466,292,2.5
85906,415,466,294,3.5
85907,415,466,295,4
85908,415,466,302,3
85909,415,466,308,4
85910,415,466,354,4
85911,415,466,358,1
85912,415,466,370,3
85913,415,466,384,4
85914,415,466,388,3
85915,415,466,396,2
85916,415,466,401,4
85917,415,466,416,3
85918,415,466,440,4
85919,415,466,457,2
85920,415,466,461,0.5
85921,415,466,487,3
85922,415,466,516,3
85923,415,466,518,1
85924,415,466,520,1.5
85925,415,466,522,3.5
85926,415,466,532,4
85927,415,466,548,3
85928,415,466,552,3
85929,415,466,561,4
85930,415,466,574,2.5
85931,415,466,580,3
85932,415,466,590,3
85933,415,466,593,3
85934,415,466,596,3
85935,415,466,603,4
85936,415,466,607,3.5
85937,415,466,615,4
85938,415,466,624,3
85939,415,466,641,3
85940,415,466,646,4
85941,415,466,654,4.5
85942,414,465,19,5
85943,414,465,23,3.5
85944,414,465,388,3
85945,414,465,439,3
85946,414,465,564,3
85947,413,464,4,4
85948,413,464,19,4
85949,413,464,110,4
85950,413,464,311,2
85951,413,464,312,3
85952,413,464,516,3
85953,413,464,518,2
85954,413,464,534,3
85955,413,464,589,3
85956,412,463,30,4
85957,412,463,232,4
85958,412,463,242,4
85959,412,463,311,3
85960,412,463,380,3
85961,412,463,452,2
85962,412,463,534,4
85963,411,461,52,3.5
85964,411,461,86,4
85965,411,461,547,1
85966,411,461,564,4
85967,411,461,602,4
85968,410,460,452,2
85969,410,460,516,3
85970,409,459,30,4
85971,409,459,105,3
85972,408,458,105,3
85973,408,458,232,4
85974,408,458,509,3
85975,408,458,629,5
85976,407,457,2,3
85977,407,457,8,4.5
85978,407,457,15,5
85979,407,457,19,4
85980,407,457,20,4.5
85981,407,457,21,3
85982,407,457,22,4.5
85983,407,457,23,3.5
85984,407,457,24,4
85985,407,457,26,3.5
85986,407,457,30,5
85987,407,457,32,5
85988,407,457,36,3
85989,407,457,39,4
85990,407,457,41,4
85991,407,457,42,5
85992,407,457,47,5
85993,407,457,50,3
85994,407,457,56,4
85995,407,457,63,3
85996,407,457,64,4
85997,407,457,66,4
85998,407,457,67,4
85999,407,457,68,4
86000,407,457,73,4
86001,407,457,77,2.5
86002,407,457,82,3
86003,407,457,85,5
86004,407,457,88,2.5
86005,407,457,92,4
86006,407,457,93,4
86007,407,457,95,4
86008,407,457,99,4
86009,407,457,101,3.5
86010,407,457,102,3
86011,407,457,105,3.5
86012,407,457,108,4
86013,407,457,110,5
86014,407,457,111,4
86015,407,457,114,5
86016,407,457,118,5
86017,407,457,119,3
86018,407,457,120,3.5
86019,407,457,121,4
86020,407,457,125,3.5
86021,407,457,126,4
86022,407,457,130,4
86023,407,457,134,4.5
86024,407,457,144,5
86025,407,457,146,4
86026,407,457,150,4
86027,407,457,151,5
86028,407,457,152,4
86029,407,457,159,3
86030,407,457,160,5
86031,407,457,161,5
86032,407,457,163,4
86033,407,457,165,3
86034,407,457,168,4
86035,407,457,172,4
86036,407,457,177,5
86037,407,457,182,4
86038,407,457,184,4
86039,407,457,188,3
86040,407,457,191,4
86041,407,457,192,4
86042,407,457,194,3
86043,407,457,195,4
86044,407,457,199,4
86045,407,457,201,4
86046,407,457,212,3
86047,407,457,213,4
86048,407,457,214,3
86049,407,457,217,4.5
86050,407,457,219,3
86051,407,457,225,5
86052,407,457,235,5
86053,407,457,239,3
86054,407,457,240,3.5
86055,407,457,241,3
86056,407,457,242,5
86057,407,457,244,0.5
86058,407,457,245,5
86059,407,457,247,5
86060,407,457,254,4
86061,407,457,265,3
86062,407,457,266,5
86063,407,457,268,4
86064,407,457,271,4
86065,407,457,275,4.5
86066,407,457,279,5
86067,407,457,281,3.5
86068,407,457,282,4
86069,407,457,283,3.5
86070,407,457,285,4
86071,407,457,290,4.5
86072,407,457,292,4
86073,407,457,294,3.5
86074,407,457,295,4.5
86075,407,457,302,4
86076,407,457,306,4
86077,407,457,309,4.5
86078,407,457,311,4.5
86079,407,457,312,4
86080,407,457,313,4.5
86081,407,457,317,5
86082,407,457,328,3
86083,407,457,330,4
86084,407,457,338,3
86085,407,457,344,4
86086,407,457,353,3
86087,407,457,354,4
86088,407,457,355,3
86089,407,457,358,2
86090,407,457,360,5
86091,407,457,367,4.5
86092,407,457,369,4
86093,407,457,373,4
86094,407,457,375,4
86095,407,457,379,3.5
86096,407,457,383,5
86097,407,457,384,3
86098,407,457,385,4
86099,407,457,388,5
86100,407,457,390,3
86101,407,457,396,3
86102,407,457,399,3
86103,407,457,400,4
86104,407,457,405,5
86105,407,457,407,4
86106,407,457,408,3
86107,407,457,415,5
86108,407,457,416,4
86109,407,457,417,4
86110,407,457,421,4
86111,407,457,430,5
86112,407,457,431,4.5
86113,407,457,434,5
86114,407,457,437,4
86115,407,457,441,3.5
86116,407,457,442,4.5
86117,407,457,447,3
86118,407,457,449,5
86119,407,457,452,4
86120,407,457,453,5
86121,407,457,455,4
86122,407,457,457,3
86123,407,457,460,3.5
86124,407,457,461,2.5
86125,407,457,463,3
86126,407,457,468,3.5
86127,407,457,472,4
86128,407,457,480,4.5
86129,407,457,483,3.5
86130,407,457,487,5
86131,407,457,495,5
86132,407,457,496,5
86133,407,457,505,3
86134,407,457,508,5
86135,407,457,509,4
86136,407,457,513,3
86137,407,457,514,4
86138,407,457,518,5
86139,407,457,520,3.5
86140,407,457,532,3.5
86141,407,457,534,4
86142,407,457,535,4
86143,407,457,537,4
86144,407,457,547,4
86145,407,457,548,5
86146,407,457,550,3
86147,407,457,551,4
86148,407,457,553,3
86149,407,457,555,3
86150,407,457,556,5
86151,407,457,559,5
86152,407,457,562,4
86153,407,457,564,4
86154,407,457,568,5
86155,407,457,570,4
86156,407,457,575,5
86157,407,457,577,4.5
86158,407,457,587,4.5
86159,407,457,588,5
86160,407,457,589,4
86161,407,457,590,5
86162,407,457,593,4
86163,407,457,596,4
86164,407,457,602,3
86165,407,457,603,4
86166,407,457,605,4
86167,407,457,607,4
86168,407,457,608,3
86169,407,457,617,2
86170,407,457,624,4
86171,407,457,629,5
86172,407,457,633,4
86173,407,457,639,4
86174,407,457,641,4
86175,407,457,642,2
86176,407,457,647,4
86177,407,457,649,4
86178,407,457,653,4
86179,407,457,654,4.5
86180,407,457,657,4
86181,407,457,659,4
86182,407,457,662,4
86183,407,457,664,3.5
86184,407,457,665,3
86185,407,457,666,3
86186,407,457,667,3
86187,407,457,670,4
86188,407,457,671,4
86189,406,456,19,4
86190,406,456,56,4
86191,406,456,73,4
86192,406,456,388,3
86193,406,456,472,4
86194,406,456,609,1
86195,405,455,92,3
86196,405,455,99,1
86197,405,455,126,2
86198,405,455,128,4
86199,405,455,182,3
86200,405,455,192,3
86201,405,455,200,3
86202,405,455,212,2.5
86203,405,455,213,1.5
86204,405,455,214,2
86205,405,455,246,2
86206,405,455,290,3
86207,405,455,294,3.5
86208,405,455,306,3
86209,405,455,311,3
86210,405,455,396,3
86211,405,455,452,3
86212,405,455,468,1
86213,405,455,480,3
86214,405,455,487,4
86215,405,455,488,3
86216,405,455,496,3
86217,405,455,508,3
86218,405,455,516,3
86219,405,455,518,4
86220,405,455,534,4
86221,405,455,560,3.5
86222,405,455,564,1
86223,405,455,596,3
86224,405,455,662,4
86225,405,455,665,3
86226,404,454,2,4
86227,404,454,15,3
86228,404,454,19,3
86229,404,454,30,5
86230,404,454,36,3
86231,404,454,50,3
86232,404,454,67,2
86233,404,454,68,4
86234,404,454,82,3
86235,404,454,85,3
86236,404,454,86,2
86237,404,454,88,2.5
86238,404,454,92,2
86239,404,454,105,3.5
86240,404,454,108,3
86241,404,454,110,4
86242,404,454,111,2.5
86243,404,454,119,3
86244,404,454,120,3.5
86245,404,454,121,3
86246,404,454,126,3
86247,404,454,127,4
86248,404,454,130,2.5
86249,404,454,144,5
86250,404,454,151,4
86251,404,454,152,3.5
86252,404,454,160,4
86253,404,454,161,4
86254,404,454,168,3
86255,404,454,177,4
86256,404,454,182,4
86257,404,454,184,3
86258,404,454,187,4
86259,404,454,188,3
86260,404,454,191,3
86261,404,454,192,3
86262,404,454,194,3
86263,404,454,196,4
86264,404,454,200,4.5
86265,404,454,220,3
86266,404,454,225,3
86267,404,454,232,5
86268,404,454,242,3
86269,404,454,247,4
86270,404,454,253,4.5
86271,404,454,266,3
86272,404,454,268,3.5
86273,404,454,279,3
86274,404,454,288,4
86275,404,454,292,4
86276,404,454,294,3.5
86277,404,454,306,4
86278,404,454,308,5
86279,404,454,311,4.5
86280,404,454,317,4
86281,404,454,338,3
86282,404,454,344,4
86283,404,454,350,4
86284,404,454,353,1
86285,404,454,355,4
86286,404,454,357,4
86287,404,454,369,4
86288,404,454,375,5
86289,404,454,384,3
86290,404,454,385,3
86291,404,454,388,3
86292,404,454,394,3
86293,404,454,400,3
86294,404,454,407,3
86295,404,454,408,2
86296,404,454,415,5
86297,404,454,416,3
86298,404,454,421,4
86299,404,454,430,3
86300,404,454,442,4.5
86301,404,454,447,4
86302,404,454,449,5
86303,404,454,452,2
86304,404,454,457,2.5
86305,404,454,458,4
86306,404,454,461,2.5
86307,404,454,463,3
86308,404,454,487,4
86309,404,454,495,4
86310,404,454,496,3
86311,404,454,509,3
86312,404,454,514,3
86313,404,454,534,5
86314,404,454,535,4
86315,404,454,547,2.5
86316,404,454,548,3
86317,404,454,556,5
86318,404,454,564,4
86319,404,454,577,3.5
86320,404,454,580,3
86321,404,454,588,3
86322,404,454,590,3
86323,404,454,593,5
86324,404,454,596,4
86325,404,454,607,4
86326,404,454,624,3
86327,404,454,639,3
86328,404,454,641,3
86329,404,454,649,4
86330,404,454,654,4
86331,404,454,659,4
86332,404,454,662,3
86333,404,454,665,3
86334,404,454,666,3
86335,404,454,667,3
86336,403,453,306,2
86337,403,453,311,2
86338,403,453,487,4
86339,403,453,509,2
86340,403,453,518,2
86341,402,452,67,5
86342,402,452,224,4
86343,402,452,514,3
86344,402,452,536,5
86345,402,452,537,4
86346,402,452,564,4
86347,402,452,659,4
86348,402,452,667,3
86349,401,451,19,3
86350,401,451,30,4
86351,401,451,322,4
86352,401,451,518,1
86353,401,451,547,3
86354,401,451,564,4
86355,401,451,597,5
86356,400,450,19,3
86357,400,450,168,2
86358,400,450,185,4
86359,400,450,285,3
86360,400,450,306,3
86361,400,450,311,3
86362,400,450,358,3
86363,400,450,386,3
86364,400,450,387,4
86365,400,450,416,4
86366,400,450,487,4
86367,400,450,496,4
86368,400,450,518,4
86369,400,450,564,3
86370,400,450,654,4
86371,400,450,665,4
86372,399,449,472,4
86373,399,449,514,3
86374,398,448,19,3
86375,398,448,187,3
86376,398,448,242,4
86377,398,448,342,4
86378,398,448,468,2.5
86379,398,448,514,4
86380,398,448,518,3
86381,398,448,529,4
86382,398,448,547,5
86383,398,448,564,4
86384,398,448,602,3
86385,397,447,564,4
86386,396,446,86,3
86387,396,446,472,3
86388,396,446,492,5
86389,396,446,509,5
86390,396,446,514,5
86391,396,446,516,4
86392,396,446,564,4
86393,396,446,659,3
86394,396,446,667,4
86395,395,445,19,3
86396,395,445,30,4
86397,395,445,110,5
86398,395,445,168,3
86399,395,445,294,3
86400,395,445,416,1
86401,395,445,548,3
86402,395,445,564,3
86403,395,445,624,3
86404,394,444,86,4
86405,394,444,232,4
86406,394,444,254,4
86407,394,444,299,2.5
86408,394,444,536,1
86409,394,444,564,2
86410,394,444,580,3.5
86411,393,443,119,2
86412,393,443,195,2
86413,393,443,472,4
86414,393,443,564,2
86415,393,443,596,5
86416,393,443,609,1
86417,392,442,4,4
86418,392,442,15,1
86419,392,442,21,3
86420,392,442,22,2.5
86421,392,442,23,3.5
86422,392,442,32,4
86423,392,442,34,3
86424,392,442,41,3.5
86425,392,442,47,3
86426,392,442,50,3
86427,392,442,56,2
86428,392,442,73,3.5
86429,392,442,75,2
86430,392,442,77,3
86431,392,442,85,4
86432,392,442,92,3
86433,392,442,94,1.5
86434,392,442,105,3.5
86435,392,442,109,2.5
86436,392,442,121,4
86437,392,442,130,1
86438,392,442,150,1.5
86439,392,442,151,4
86440,392,442,161,3
86441,392,442,165,2.5
86442,392,442,168,3
86443,392,442,177,3
86444,392,442,192,2
86445,392,442,194,3
86446,392,442,197,5
86447,392,442,202,2
86448,392,442,210,2.5
86449,392,442,212,1.5
86450,392,442,213,3
86451,392,442,218,3.5
86452,392,442,243,3
86453,392,442,247,3
86454,392,442,253,2
86455,392,442,263,3
86456,392,442,268,3
86457,392,442,285,4
86458,392,442,288,5
86459,392,442,292,3
86460,392,442,293,2
86461,392,442,344,3
86462,392,442,346,4
86463,392,442,353,1
86464,392,442,354,4
86465,392,442,355,4
86466,392,442,369,3
86467,392,442,381,1
86468,392,442,384,4
86469,392,442,385,3
86470,392,442,388,2
86471,392,442,396,3
86472,392,442,416,3
86473,392,442,418,3
86474,392,442,425,1.5
86475,392,442,430,0.5
86476,392,442,433,1.5
86477,392,442,439,3
86478,392,442,440,2
86479,392,442,457,1.5
86480,392,442,460,3.5
86481,392,442,461,1.5
86482,392,442,463,2
86483,392,442,480,4
86484,392,442,496,4
86485,392,442,514,2
86486,392,442,516,3
86487,392,442,518,3
86488,392,442,522,3.5
86489,392,442,525,5
86490,392,442,528,2.5
86491,392,442,534,3
86492,392,442,535,3
86493,392,442,548,4
86494,392,442,550,2
86495,392,442,563,3.5
86496,392,442,564,3
86497,392,442,568,5
86498,392,442,574,3.5
86499,392,442,580,3.5
86500,392,442,589,4
86501,392,442,590,3
86502,392,442,593,5
86503,392,442,596,4
86504,392,442,603,5
86505,392,442,605,2
86506,392,442,607,2
86507,392,442,615,4.5
86508,392,442,627,2.5
86509,392,442,652,4
86510,392,442,654,3.5
86511,392,442,659,2
86512,391,441,15,4
86513,391,441,19,3
86514,391,441,56,4
86515,391,441,73,3.5
86516,391,441,83,4
86517,391,441,102,4
86518,391,441,164,4
86519,391,441,187,3.5
86520,391,441,212,3.5
86521,391,441,219,3
86522,391,441,220,2
86523,391,441,232,2
86524,391,441,247,4
86525,391,441,267,5
86526,391,441,275,5
86527,391,441,285,3
86528,391,441,292,4.5
86529,391,441,312,5
86530,391,441,358,4
86531,391,441,388,4
86532,391,441,423,4
86533,391,441,460,4
86534,391,441,468,3
86535,391,441,472,4
86536,391,441,509,4
86537,391,441,514,3
86538,391,441,518,1
86539,391,441,519,4.5
86540,391,441,528,4.5
86541,391,441,547,4.5
86542,391,441,564,3
86543,391,441,580,4
86544,391,441,585,4
86545,391,441,596,3.5
86546,391,441,606,3
86547,391,441,607,3.5
86548,391,441,665,3
86549,390,440,4,4
86550,390,440,5,4
86551,390,440,15,2.5
86552,390,440,19,3
86553,390,440,30,4
86554,390,440,32,4
86555,390,440,36,3
86556,390,440,50,4
86557,390,440,57,4
86558,390,440,88,2.5
86559,390,440,92,3
86560,390,440,105,3
86561,390,440,111,4
86562,390,440,121,5
86563,390,440,125,4
86564,390,440,126,4
86565,390,440,134,4
86566,390,440,151,3
86567,390,440,161,4
86568,390,440,168,4
86569,390,440,182,4
86570,390,440,184,4
86571,390,440,185,3
86572,390,440,212,2.5
86573,390,440,213,2.5
86574,390,440,232,4
86575,390,440,239,4
86576,390,440,240,3.5
86577,390,440,242,5
86578,390,440,264,5
86579,390,440,279,3
86580,390,440,285,3
86581,390,440,288,4
86582,390,440,294,4.5
86583,390,440,303,4
86584,390,440,306,5
86585,390,440,311,3.5
86586,390,440,312,3
86587,390,440,342,4
86588,390,440,344,4
86589,390,440,353,3
86590,390,440,354,5
86591,390,440,358,4
86592,390,440,367,4
86593,390,440,369,4
86594,390,440,385,4
86595,390,440,388,4
86596,390,440,390,3
86597,390,440,396,3
86598,390,440,408,3
86599,390,440,416,3
86600,390,440,421,3
86601,390,440,437,3
86602,390,440,439,2
86603,390,440,452,4
86604,390,440,461,2.5
86605,390,440,462,2
86606,390,440,466,2
86607,390,440,468,2
86608,390,440,487,4
86609,390,440,491,3
86610,390,440,493,5
86611,390,440,496,4
86612,390,440,508,4
86613,390,440,518,3
86614,390,440,535,3
86615,390,440,537,4
86616,390,440,547,3.5
86617,390,440,548,4
86618,390,440,550,3
86619,390,440,564,2
86620,390,440,569,4
86621,390,440,575,4
86622,390,440,577,4
86623,390,440,590,3
86624,390,440,596,3
86625,390,440,598,4
86626,390,440,605,3
86627,390,440,607,4
86628,390,440,621,4
86629,390,440,624,3
86630,390,440,629,3
86631,390,440,633,3
86632,390,440,639,4
86633,390,440,641,5
86634,390,440,649,4
86635,390,440,653,4
86636,390,440,654,4
86637,390,440,662,3
86638,390,440,667,3
86639,389,439,414,1
86640,388,438,380,3
86641,388,438,390,3
86642,387,437,85,3
86643,387,437,416,3
86644,387,437,564,3
86645,387,437,624,2
86646,386,436,306,3
86647,386,436,533,2
86648,386,436,534,4
86649,386,436,564,1
86650,386,436,609,1
86651,385,435,4,1
86652,385,435,15,1
86653,385,435,41,4
86654,385,435,73,2.5
86655,385,435,82,3
86656,385,435,86,4
86657,385,435,88,1.5
86658,385,435,92,3
86659,385,435,105,2.5
86660,385,435,119,2
86661,385,435,121,3
86662,385,435,126,3
86663,385,435,146,3
86664,385,435,150,2.5
86665,385,435,151,5
86666,385,435,166,0.5
86667,385,435,177,4
86668,385,435,181,3.5
86669,385,435,188,3
86670,385,435,209,2
86671,385,435,210,3
86672,385,435,212,1.5
86673,385,435,213,1
86674,385,435,224,3
86675,385,435,239,3
86676,385,435,247,2
86677,385,435,285,1
86678,385,435,293,3
86679,385,435,294,3
86680,385,435,302,2
86681,385,435,319,2
86682,385,435,358,2
86683,385,435,385,3
86684,385,435,386,1
86685,385,435,393,2
86686,385,435,396,2
86687,385,435,400,3
86688,385,435,416,3
86689,385,435,439,1
86690,385,435,447,3
86691,385,435,453,3
86692,385,435,468,2.5
86693,385,435,514,3
86694,385,435,518,1
86695,385,435,536,2
86696,385,435,548,3
86697,385,435,564,2
86698,385,435,574,3
86699,385,435,576,1
86700,385,435,580,2.5
86701,385,435,590,3
86702,385,435,624,3
86703,385,435,641,3
86704,385,435,646,4
86705,385,435,665,1
86706,384,434,4,4
86707,384,434,15,3
86708,384,434,19,3
86709,384,434,30,4
86710,384,434,32,3
86711,384,434,36,3
86712,384,434,39,4
86713,384,434,47,4
86714,384,434,50,3
86715,384,434,64,4
86716,384,434,67,2
86717,384,434,82,3
86718,384,434,85,3
86719,384,434,92,3
86720,384,434,102,4
86721,384,434,105,3.5
86722,384,434,108,3
86723,384,434,110,5
86724,384,434,114,5
86725,384,434,116,2.5
86726,384,434,122,3
86727,384,434,128,5
86728,384,434,144,3
86729,384,434,145,5
86730,384,434,151,4
86731,384,434,152,1.5
86732,384,434,159,0.5
86733,384,434,161,3
86734,384,434,165,2
86735,384,434,168,3
86736,384,434,184,3
86737,384,434,189,3
86738,384,434,191,2
86739,384,434,192,3
86740,384,434,194,4
86741,384,434,220,3
86742,384,434,243,2.5
86743,384,434,247,4
86744,384,434,266,2
86745,384,434,268,3
86746,384,434,279,3
86747,384,434,288,1
86748,384,434,292,3
86749,384,434,295,4
86750,384,434,305,3
86751,384,434,311,3
86752,384,434,344,3
86753,384,434,353,1.5
86754,384,434,355,3.5
86755,384,434,358,2
86756,384,434,369,3
86757,384,434,375,3
86758,384,434,384,4
86759,384,434,385,3
86760,384,434,388,4
86761,384,434,389,5
86762,384,434,390,3
86763,384,434,396,3
86764,384,434,399,2
86765,384,434,400,3
86766,384,434,405,1
86767,384,434,409,4
86768,384,434,415,3
86769,384,434,416,3
86770,384,434,418,3.5
86771,384,434,421,2
86772,384,434,447,3
86773,384,434,449,3
86774,384,434,460,1.5
86775,384,434,461,1.5
86776,384,434,464,4
86777,384,434,468,2.5
86778,384,434,480,4
86779,384,434,496,4
86780,384,434,509,2
86781,384,434,513,3
86782,384,434,517,5
86783,384,434,518,4
86784,384,434,523,3.5
86785,384,434,527,1
86786,384,434,529,2
86787,384,434,534,4
86788,384,434,535,2
86789,384,434,536,4
86790,384,434,547,1.5
86791,384,434,548,3
86792,384,434,556,4
86793,384,434,564,4
86794,384,434,568,5
86795,384,434,577,3.5
86796,384,434,580,2
86797,384,434,584,2.5
86798,384,434,588,3
86799,384,434,589,3
86800,384,434,590,4
86801,384,434,593,3
86802,384,434,596,3
86803,384,434,602,1
86804,384,434,607,3.5
86805,384,434,619,3
86806,384,434,624,3
86807,384,434,641,3
86808,384,434,649,4
86809,384,434,654,4
86810,384,434,662,3
86811,384,434,666,2
86812,383,433,239,4
86813,383,433,286,3
86814,383,433,416,3
86815,383,433,487,3
86816,383,433,510,1
86817,383,433,514,3
86818,383,433,516,3
86819,382,432,30,3
86820,382,432,32,3
86821,382,432,36,3
86822,382,432,63,4
86823,382,432,85,4
86824,382,432,92,2
86825,382,432,105,1.5
86826,382,432,143,1
86827,382,432,144,2
86828,382,432,150,2
86829,382,432,151,2
86830,382,432,165,2
86831,382,432,168,3
86832,382,432,182,5
86833,382,432,192,4
86834,382,432,194,3
86835,382,432,204,1.5
86836,382,432,210,3
86837,382,432,221,2
86838,382,432,232,4
86839,382,432,239,4
86840,382,432,242,4
86841,382,432,254,3
86842,382,432,279,2
86843,382,432,288,2
86844,382,432,292,2.5
86845,382,432,306,2
86846,382,432,328,2.5
86847,382,432,350,3
86848,382,432,353,1
86849,382,432,357,3
86850,382,432,358,1
86851,382,432,369,3
86852,382,432,385,2
86853,382,432,388,2.5
86854,382,432,389,3
86855,382,432,393,1.5
86856,382,432,396,2
86857,382,432,416,3
86858,382,432,421,2
86859,382,432,431,3
86860,382,432,447,2
86861,382,432,461,1.5
86862,382,432,467,2
86863,382,432,468,2.5
86864,382,432,496,3
86865,382,432,516,3
86866,382,432,517,3
86867,382,432,518,3
86868,382,432,536,2
86869,382,432,564,3
86870,382,432,575,2
86871,382,432,590,3
86872,382,432,607,2.5
86873,382,432,619,3
86874,382,432,624,3
86875,382,432,639,3
86876,382,432,641,3
86877,382,432,646,4
86878,382,432,662,3
86879,382,432,665,3
86880,382,432,666,3
86881,382,432,671,2.5
86882,381,431,4,3
86883,381,431,15,4
86884,381,431,17,4.5
86885,381,431,19,4
86886,381,431,23,3.5
86887,381,431,36,4
86888,381,431,67,4
86889,381,431,73,3.5
86890,381,431,105,4
86891,381,431,184,4
86892,381,431,207,0.5
86893,381,431,236,4
86894,381,431,344,5
86895,381,431,386,3
86896,381,431,388,4
86897,381,431,409,4
86898,381,431,423,4
86899,381,431,434,4
86900,381,431,457,4
86901,381,431,458,3
86902,381,431,472,3
86903,381,431,487,4
86904,381,431,509,3
86905,381,431,522,3.5
86906,381,431,534,4
86907,381,431,536,4
86908,381,431,564,2
86909,381,431,596,4
86910,381,431,607,4
86911,381,431,608,4
86912,381,431,647,4
86913,381,431,664,4
86914,380,429,15,1
86915,380,429,19,4
86916,380,429,239,5
86917,380,429,285,2
86918,380,429,358,1
86919,380,429,452,1
86920,380,429,461,3
86921,380,429,564,3
86922,380,429,605,3
86923,379,428,19,3
86924,379,428,30,5
86925,379,428,32,3
86926,379,428,73,4
86927,379,428,89,4
86928,379,428,119,4
86929,379,428,165,3
86930,379,428,168,3
86931,379,428,193,5
86932,379,428,232,4
86933,379,428,306,3
86934,379,428,387,5
86935,379,428,388,3
86936,379,428,434,4
86937,379,428,502,3
86938,379,428,509,4
86939,379,428,510,4
86940,379,428,524,3.5
86941,379,428,547,3.5
86942,379,428,588,4
86943,379,428,596,4.5
86944,379,428,605,3
86945,379,428,624,3
86946,378,427,86,3
86947,378,427,105,3
86948,378,427,168,3
86949,378,427,187,2
86950,378,427,220,1
86951,378,427,224,3
86952,378,427,254,3
86953,378,427,306,2
86954,378,427,452,1
86955,378,427,514,1
86956,378,427,536,4
86957,378,427,548,3
86958,378,427,564,2
86959,378,427,639,3
86960,377,426,30,2
86961,377,426,39,3
86962,377,426,41,3
86963,377,426,92,2
86964,377,426,168,3
86965,377,426,177,3
86966,377,426,195,3
86967,377,426,248,4
86968,377,426,487,3
86969,377,426,514,4
86970,377,426,551,3
86971,377,426,564,5
86972,376,425,23,3.5
86973,376,425,30,4
86974,376,425,242,4
86975,376,425,564,4
86976,375,424,30,4
86977,375,424,165,3.5
86978,375,424,311,1.5
86979,374,423,19,3
86980,374,423,130,2
86981,374,423,177,5
86982,374,423,285,3
86983,374,423,306,3
86984,374,423,344,2
86985,374,423,388,3
86986,374,423,390,3
86987,374,423,405,5
86988,374,423,534,4
86989,374,423,564,5
86990,374,423,575,3
86991,374,423,605,3
86992,374,423,607,3.5
86993,373,422,177,5
86994,373,422,242,5
86995,373,422,306,3
86996,373,422,311,2
86997,373,422,487,4
86998,373,422,496,3
86999,373,422,564,5
87000,373,422,652,3.5
87001,373,422,659,3
87002,372,421,49,2
87003,372,421,53,1
87004,372,421,126,2
87005,372,421,232,2
87006,372,421,246,3
87007,372,421,254,4
87008,372,421,311,3
87009,372,421,487,4
87010,372,421,551,4
87011,372,421,564,5
87012,372,421,605,3
87013,371,420,32,2
87014,371,420,36,3
87015,371,420,47,3
87016,371,420,50,3
87017,371,420,53,3
87018,371,420,82,1
87019,371,420,85,1
87020,371,420,92,1
87021,371,420,105,2.5
87022,371,420,110,4
87023,371,420,127,3
87024,371,420,128,5
87025,371,420,144,1
87026,371,420,151,3
87027,371,420,161,3
87028,371,420,168,1
87029,371,420,188,3
87030,371,420,194,3
87031,371,420,195,1
87032,371,420,212,0.5
87033,371,420,232,2
87034,371,420,239,3
87035,371,420,241,3
87036,371,420,249,3
87037,371,420,268,1.5
87038,371,420,279,2
87039,371,420,288,3
87040,371,420,302,3
87041,371,420,306,4
87042,371,420,311,0.5
87043,371,420,358,2
87044,371,420,384,3
87045,371,420,385,3
87046,371,420,396,4
87047,371,420,400,2
87048,371,420,412,3
87049,371,420,416,3
87050,371,420,431,3
87051,371,420,447,2
87052,371,420,461,0.5
87053,371,420,487,3
87054,371,420,496,3
87055,371,420,516,3
87056,371,420,517,4
87057,371,420,518,3
87058,371,420,522,3
87059,371,420,536,3
87060,371,420,551,4
87061,371,420,562,3.5
87062,371,420,564,3
87063,371,420,574,3
87064,371,420,590,3
87065,371,420,593,3
87066,371,420,607,3
87067,371,420,624,2
87068,371,420,662,3
87069,371,420,666,3
87070,370,419,30,2
87071,370,419,86,3
87072,370,419,168,1
87073,370,419,202,2
87074,370,419,294,3.5
87075,370,419,304,3
87076,370,419,308,5
87077,370,419,358,1
87078,370,419,366,3
87079,370,419,416,3
87080,370,419,468,1.5
87081,370,419,496,3
87082,370,419,551,4
87083,370,419,564,2
87084,370,419,603,2
87085,369,418,185,3
87086,369,418,602,3
87087,368,417,102,4
87088,368,417,168,4
87089,368,417,232,5
87090,368,417,306,3
87091,368,417,409,4
87092,368,417,509,3
87093,368,417,514,4
87094,368,417,537,3
87095,368,417,564,3
87096,368,417,585,4
87097,368,417,602,3
87098,368,417,649,3
87099,368,417,667,4
87100,367,416,201,4
87101,367,416,311,3
87102,367,416,461,1.5
87103,367,416,536,3
87104,367,416,551,3
87105,367,416,564,5
87106,366,415,58,2
87107,366,415,85,3
87108,366,415,110,3
87109,366,415,184,2
87110,366,415,242,4
87111,366,415,311,1.5
87112,366,415,395,2
87113,366,415,487,4
87114,366,415,514,1
87115,366,415,518,4
87116,366,415,564,3
87117,366,415,654,4.5
87118,365,414,219,3
87119,365,414,247,3
87120,365,414,306,3
87121,365,414,311,1.5
87122,365,414,358,2
87123,365,414,468,2
87124,365,414,518,3
87125,364,413,30,2
87126,364,413,73,2.5
87127,364,413,77,1.5
87128,364,413,92,1
87129,364,413,110,4
87130,364,413,165,3
87131,364,413,184,3
87132,364,413,212,1.5
87133,364,413,239,4
87134,364,413,247,3
87135,364,413,254,2
87136,364,413,285,2
87137,364,413,304,3
87138,364,413,344,4
87139,364,413,358,2
87140,364,413,397,2
87141,364,413,428,0.5
87142,364,413,447,1
87143,364,413,452,1
87144,364,413,457,2.5
87145,364,413,461,1.5
87146,364,413,514,1
87147,364,413,564,4
87148,364,413,571,4
87149,364,413,624,2
87150,364,413,665,2
87151,363,412,19,3
87152,363,412,30,5
87153,363,412,36,5
87154,363,412,59,4
87155,363,412,67,5
87156,363,412,232,5
87157,363,412,245,2
87158,363,412,294,4
87159,363,412,306,4
87160,363,412,311,3
87161,363,412,381,4
87162,363,412,391,3
87163,363,412,396,2
87164,363,412,434,4
87165,363,412,452,2
87166,363,412,468,3
87167,363,412,472,2
87168,363,412,487,3
87169,363,412,514,3
87170,363,412,537,5
87171,363,412,547,3
87172,363,412,555,3
87173,363,412,580,3.5
87174,363,412,656,5
87175,363,412,659,3
87176,362,410,2,3
87177,362,410,4,3
87178,362,410,30,4
87179,362,410,32,3
87180,362,410,47,3
87181,362,410,58,3
87182,362,410,59,1.5
87183,362,410,69,3.5
87184,362,410,73,2.5
87185,362,410,82,3
87186,362,410,85,4
87187,362,410,102,3
87188,362,410,105,3
87189,362,410,126,4
87190,362,410,130,2.5
87191,362,410,144,2
87192,362,410,145,4
87193,362,410,151,3
87194,362,410,161,5
87195,362,410,168,3
87196,362,410,182,3
87197,362,410,187,4
87198,362,410,188,3
87199,362,410,218,3.5
87200,362,410,224,4
87201,362,410,225,3
87202,362,410,239,3
87203,362,410,240,4
87204,362,410,241,3
87205,362,410,247,3
87206,362,410,268,3.5
87207,362,410,285,3
87208,362,410,292,4
87209,362,410,294,4
87210,362,410,306,3
87211,362,410,308,3
87212,362,410,312,3
87213,362,410,338,4
87214,362,410,353,1.5
87215,362,410,354,5
87216,362,410,357,3
87217,362,410,369,3
87218,362,410,380,3
87219,362,410,385,3
87220,362,410,396,3
87221,362,410,400,3
87222,362,410,408,2
87223,362,410,421,2
87224,362,410,447,3
87225,362,410,457,1.5
87226,362,410,460,2.5
87227,362,410,464,4
87228,362,410,487,2
87229,362,410,496,3
87230,362,410,514,3
87231,362,410,518,3
87232,362,410,531,3.5
87233,362,410,535,2
87234,362,410,548,3
87235,362,410,551,3
87236,362,410,557,2.5
87237,362,410,561,3
87238,362,410,562,3.5
87239,362,410,564,5
87240,362,410,568,3
87241,362,410,580,2.5
87242,362,410,607,3.5
87243,362,410,619,2
87244,362,410,624,4
87245,362,410,633,3
87246,362,410,639,4
87247,362,410,641,4
87248,362,410,654,4
87249,361,409,73,2.5
87250,360,408,311,3
87251,359,407,19,3
87252,359,407,34,3
87253,359,407,73,3.5
87254,359,407,123,5
87255,359,407,177,2
87256,359,407,285,4
87257,359,407,308,1
87258,359,407,514,3
87259,359,407,564,4
87260,359,407,580,2
87261,358,405,2,2
87262,358,405,85,3
87263,358,405,86,2
87264,358,405,177,2
87265,358,405,195,1
87266,358,405,199,3.5
87267,358,405,232,3
87268,358,405,247,3
87269,358,405,285,1
87270,358,405,294,2.5
87271,358,405,396,2
87272,358,405,471,4
87273,358,405,525,1
87274,358,405,564,1
87275,358,405,589,4
87276,358,405,605,2
87277,357,401,278,4
87278,356,393,21,3
87279,356,393,103,1
87280,356,393,165,1
87281,356,393,384,2.5
87282,356,393,453,3
87283,355,392,53,1
87284,355,392,254,5
87285,355,392,564,2
87286,354,391,168,3
87287,354,391,534,3
87288,354,391,564,3
87289,353,390,457,3
87290,353,390,472,5
87291,353,390,547,3.5
87292,353,390,564,4
87293,353,390,609,5
87294,352,389,330,4
87295,351,388,407,4
87296,351,388,452,4
87297,351,388,509,4
87298,351,388,533,2
87299,351,388,564,4
87300,351,388,652,4
87301,350,387,239,4
87302,350,387,534,3
87303,350,387,564,4
87304,349,384,168,3
87305,349,384,311,2
87306,349,384,516,3
87307,349,384,564,5
87308,348,383,19,3
87309,348,383,67,4
87310,348,383,105,3
87311,348,383,119,4
87312,348,383,182,4
87313,348,383,232,4
87314,348,383,496,4
87315,348,383,509,3
87316,348,383,548,3
87317,348,383,589,3
87318,348,383,607,0.5
87319,348,383,624,2
87320,348,383,629,3
87321,347,382,2,3
87322,347,382,15,3.5
87323,347,382,19,3
87324,347,382,30,4
87325,347,382,36,3
87326,347,382,95,4
87327,347,382,102,3
87328,347,382,105,4
87329,347,382,243,3
87330,347,382,356,2.5
87331,347,382,391,1
87332,347,382,396,3
87333,347,382,401,4
87334,347,382,416,3
87335,347,382,496,3
87336,347,382,516,4
87337,347,382,564,2
87338,347,382,593,4
87339,347,382,602,2
87340,346,381,36,3
87341,346,381,105,2.5
87342,346,381,110,4
87343,346,381,127,3
87344,346,381,147,3.5
87345,346,381,182,3
87346,346,381,232,3
87347,346,381,254,4
87348,346,381,306,3
87349,346,381,313,3.5
87350,346,381,389,2
87351,346,381,391,1
87352,346,381,416,4
87353,346,381,442,4
87354,346,381,447,3
87355,346,381,452,3
87356,346,381,461,1
87357,346,381,466,3
87358,346,381,487,4
87359,346,381,518,3
87360,346,381,536,4
87361,346,381,547,3
87362,346,381,564,4
87363,346,381,572,3
87364,346,381,578,2.5
87365,346,381,639,3
87366,346,381,641,5
87367,346,381,651,3
87368,346,381,669,3
87369,345,380,4,3
87370,345,380,7,4
87371,345,380,15,4
87372,345,380,19,3
87373,345,380,20,4
87374,345,380,21,3
87375,345,380,23,4
87376,345,380,24,4
87377,345,380,26,3
87378,345,380,30,4
87379,345,380,32,3
87380,345,380,39,5
87381,345,380,41,4
87382,345,380,42,3.5
87383,345,380,47,4
87384,345,380,50,3
87385,345,380,57,4
87386,345,380,59,0.5
87387,345,380,63,3.5
87388,345,380,64,4
87389,345,380,68,4
87390,345,380,73,3
87391,345,380,77,2.5
87392,345,380,82,3
87393,345,380,85,5
87394,345,380,88,2
87395,345,380,91,4.5
87396,345,380,92,4
87397,345,380,99,2
87398,345,380,105,3.5
87399,345,380,108,3
87400,345,380,110,5
87401,345,380,111,4.5
87402,345,380,114,5
87403,345,380,120,3.5
87404,345,380,121,4
87405,345,380,122,1
87406,345,380,126,4
87407,345,380,127,4
87408,345,380,128,4
87409,345,380,130,3.5
87410,345,380,137,5
87411,345,380,144,3
87412,345,380,145,5
87413,345,380,146,2.5
87414,345,380,150,4
87415,345,380,151,4
87416,345,380,152,3.5
87417,345,380,159,3
87418,345,380,161,4
87419,345,380,165,4
87420,345,380,168,3
87421,345,380,181,5
87422,345,380,182,4
87423,345,380,184,3
87424,345,380,188,5
87425,345,380,191,3
87426,345,380,192,3
87427,345,380,194,4
87428,345,380,195,3
87429,345,380,199,3.5
87430,345,380,201,4
87431,345,380,213,2
87432,345,380,214,4
87433,345,380,224,4
87434,345,380,225,4
87435,345,380,228,2.5
87436,345,380,235,4
87437,345,380,237,2.5
87438,345,380,239,4
87439,345,380,240,1.5
87440,345,380,241,3
87441,345,380,242,5
87442,345,380,243,3
87443,345,380,246,3
87444,345,380,247,4
87445,345,380,254,3
87446,345,380,261,3.5
87447,345,380,262,2
87448,345,380,266,3
87449,345,380,268,4
87450,345,380,279,4
87451,345,380,280,4
87452,345,380,281,3.5
87453,345,380,282,3
87454,345,380,290,3.5
87455,345,380,292,4.5
87456,345,380,294,4
87457,345,380,295,4
87458,345,380,303,3.5
87459,345,380,305,2
87460,345,380,306,5
87461,345,380,311,3.5
87462,345,380,312,5
87463,345,380,313,4
87464,345,380,317,4
87465,345,380,319,3
87466,345,380,328,3.5
87467,345,380,344,3
87468,345,380,353,2
87469,345,380,354,4
87470,345,380,355,3.5
87471,345,380,358,2
87472,345,380,367,4.5
87473,345,380,369,2
87474,345,380,375,4
87475,345,380,380,3
87476,345,380,381,2
87477,345,380,383,2
87478,345,380,384,4.5
87479,345,380,385,3
87480,345,380,386,2
87481,345,380,389,5
87482,345,380,390,5
87483,345,380,394,3
87484,345,380,396,3
87485,345,380,400,4
87486,345,380,405,2.5
87487,345,380,409,3
87488,345,380,410,4
87489,345,380,414,2
87490,345,380,415,5
87491,345,380,416,3
87492,345,380,418,4
87493,345,380,421,3
87494,345,380,423,2.5
87495,345,380,430,5
87496,345,380,433,3.5
87497,345,380,437,4
87498,345,380,440,4
87499,345,380,442,4
87500,345,380,447,4
87501,345,380,449,4
87502,345,380,452,3
87503,345,380,457,2.5
87504,345,380,461,2.5
87505,345,380,462,3.5
87506,345,380,463,4
87507,345,380,464,4
87508,345,380,471,3.5
87509,345,380,472,2
87510,345,380,480,3.5
87511,345,380,483,4
87512,345,380,487,3
87513,345,380,491,1
87514,345,380,496,4
87515,345,380,505,3
87516,345,380,508,4
87517,345,380,509,2
87518,345,380,513,3
87519,345,380,514,3
87520,345,380,516,3
87521,345,380,517,4
87522,345,380,518,3
87523,345,380,523,3.5
87524,345,380,525,5
87525,345,380,532,3.5
87526,345,380,534,4
87527,345,380,535,3
87528,345,380,536,4
87529,345,380,537,3
87530,345,380,538,2
87531,345,380,547,3
87532,345,380,548,3
87533,345,380,550,4
87534,345,380,555,3
87535,345,380,556,4
87536,345,380,559,5
87537,345,380,561,3
87538,345,380,562,4
87539,345,380,564,5
87540,345,380,568,5
87541,345,380,577,4.5
87542,345,380,580,2.5
87543,345,380,588,5
87544,345,380,589,4
87545,345,380,590,4
87546,345,380,592,5
87547,345,380,593,2
87548,345,380,596,3
87549,345,380,602,3
87550,345,380,603,5
87551,345,380,607,4.5
87552,345,380,619,4
87553,345,380,624,3
87554,345,380,626,5
87555,345,380,627,3
87556,345,380,629,4
87557,345,380,633,2
87558,345,380,639,3
87559,345,380,641,4
87560,345,380,649,3
87561,345,380,654,4
87562,345,380,657,3
87563,345,380,659,5
87564,345,380,662,3
87565,345,380,665,3
87566,345,380,667,3
87567,344,379,19,3
87568,344,379,21,3
87569,344,379,31,4
87570,344,379,75,0.5
87571,344,379,177,3
87572,344,379,195,2
87573,344,379,197,4
87574,344,379,213,3
87575,344,379,232,4
87576,344,379,247,4
87577,344,379,260,3.5
87578,344,379,311,3
87579,344,379,346,4
87580,344,379,363,2
87581,344,379,380,4
87582,344,379,384,3.5
87583,344,379,390,3
87584,344,379,518,3
87585,344,379,533,4
87586,344,379,564,4
87587,344,379,646,4
87588,343,378,110,5
87589,343,378,168,3
87590,343,378,239,4
87591,343,378,242,4
87592,343,378,306,3
87593,343,378,311,3
87594,343,378,358,2
87595,343,378,487,4
87596,343,378,518,3
87597,343,378,534,3
87598,343,378,564,1
87599,343,378,652,4
87600,342,377,2,3
87601,342,377,3,2.5
87602,342,377,5,4
87603,342,377,7,3
87604,342,377,15,4
87605,342,377,17,0.5
87606,342,377,19,3
87607,342,377,21,4
87608,342,377,26,3
87609,342,377,30,4
87610,342,377,32,4
87611,342,377,33,2
87612,342,377,34,3
87613,342,377,41,4.5
87614,342,377,50,3
87615,342,377,56,4
87616,342,377,66,4
87617,342,377,73,3
87618,342,377,75,4
87619,342,377,77,2.5
87620,342,377,78,4.5
87621,342,377,83,2.5
87622,342,377,85,5
87623,342,377,88,3
87624,342,377,92,3
87625,342,377,93,4.5
87626,342,377,99,4
87627,342,377,105,3
87628,342,377,108,4
87629,342,377,110,5
87630,342,377,111,3.5
87631,342,377,118,4
87632,342,377,119,2
87633,342,377,120,3
87634,342,377,121,4
87635,342,377,126,4
87636,342,377,128,5
87637,342,377,130,3
87638,342,377,132,2
87639,342,377,134,3.5
87640,342,377,144,5
87641,342,377,145,5
87642,342,377,146,2.5
87643,342,377,150,3.5
87644,342,377,151,5
87645,342,377,152,3.5
87646,342,377,157,3
87647,342,377,159,3
87648,342,377,161,5
87649,342,377,165,3
87650,342,377,168,4
87651,342,377,172,3
87652,342,377,177,4
87653,342,377,182,4
87654,342,377,184,4
87655,342,377,188,3
87656,342,377,192,3
87657,342,377,194,3
87658,342,377,195,3
87659,342,377,200,3.5
87660,342,377,201,4
87661,342,377,212,4
87662,342,377,213,4
87663,342,377,214,2
87664,342,377,219,4
87665,342,377,220,3
87666,342,377,232,4
87667,342,377,235,4.5
87668,342,377,240,3
87669,342,377,241,3
87670,342,377,242,5
87671,342,377,247,4
87672,342,377,261,4
87673,342,377,262,2.5
87674,342,377,264,3
87675,342,377,266,4
87676,342,377,268,4.5
87677,342,377,275,4
87678,342,377,277,4
87679,342,377,279,4
87680,342,377,282,3.5
87681,342,377,285,3
87682,342,377,288,3
87683,342,377,292,4
87684,342,377,294,4
87685,342,377,295,4
87686,342,377,303,2.5
87687,342,377,306,4
87688,342,377,311,5
87689,342,377,312,5
87690,342,377,313,3.5
87691,342,377,338,3
87692,342,377,339,4
87693,342,377,344,3
87694,342,377,345,2
87695,342,377,353,1.5
87696,342,377,354,4
87697,342,377,355,4
87698,342,377,358,3
87699,342,377,369,4
87700,342,377,375,5
87701,342,377,384,4
87702,342,377,385,4
87703,342,377,388,4
87704,342,377,390,5
87705,342,377,394,3
87706,342,377,400,4
87707,342,377,405,2
87708,342,377,407,4
87709,342,377,410,4.5
87710,342,377,412,3
87711,342,377,416,3
87712,342,377,418,3
87713,342,377,421,4
87714,342,377,422,4
87715,342,377,426,3
87716,342,377,431,2
87717,342,377,440,4
87718,342,377,442,4
87719,342,377,452,4
87720,342,377,455,3.5
87721,342,377,457,1.5
87722,342,377,458,4
87723,342,377,461,4
87724,342,377,463,3
87725,342,377,468,3
87726,342,377,471,2.5
87727,342,377,472,4
87728,342,377,473,3.5
87729,342,377,480,5
87730,342,377,483,3
87731,342,377,487,4
87732,342,377,493,4
87733,342,377,496,3
87734,342,377,508,4
87735,342,377,509,1
87736,342,377,514,3
87737,342,377,516,3
87738,342,377,517,5
87739,342,377,518,4
87740,342,377,523,4
87741,342,377,528,2
87742,342,377,534,4
87743,342,377,547,2
87744,342,377,550,5
87745,342,377,552,1
87746,342,377,555,3
87747,342,377,561,3
87748,342,377,562,4
87749,342,377,564,2
87750,342,377,568,5
87751,342,377,569,4
87752,342,377,574,3
87753,342,377,575,4
87754,342,377,577,3.5
87755,342,377,580,2.5
87756,342,377,582,4
87757,342,377,584,3.5
87758,342,377,587,3.5
87759,342,377,588,4
87760,342,377,589,5
87761,342,377,590,4
87762,342,377,593,5
87763,342,377,596,4
87764,342,377,607,3.5
87765,342,377,623,4
87766,342,377,624,4
87767,342,377,626,5
87768,342,377,633,3
87769,342,377,641,5
87770,342,377,647,5
87771,342,377,648,2
87772,342,377,649,4
87773,342,377,652,4
87774,342,377,654,4
87775,342,377,659,3
87776,342,377,662,4
87777,342,377,664,4
87778,342,377,665,3
87779,342,377,667,3
87780,341,376,18,3
87781,341,376,19,3
87782,341,376,55,4
87783,341,376,70,4
87784,341,376,112,5
87785,341,376,150,4
87786,341,376,162,4
87787,341,376,166,4
87788,341,376,177,4
87789,341,376,210,2.5
87790,341,376,215,4
87791,341,376,223,3
87792,341,376,233,3
87793,341,376,235,3.5
87794,341,376,247,3
87795,341,376,256,3
87796,341,376,284,3
87797,341,376,292,4
87798,341,376,294,3.5
87799,341,376,306,3
87800,341,376,308,4
87801,341,376,311,3
87802,341,376,313,4
87803,341,376,318,3
87804,341,376,361,3
87805,341,376,383,3
87806,341,376,416,3
87807,341,376,452,3
87808,341,376,468,3.5
87809,341,376,471,3.5
87810,341,376,484,5
87811,341,376,487,3
87812,341,376,496,4
87813,341,376,502,3
87814,341,376,506,3
87815,341,376,507,2
87816,341,376,521,3.5
87817,341,376,534,4
87818,341,376,543,4
87819,341,376,548,3
87820,341,376,559,4
87821,341,376,564,4
87822,341,376,602,1
87823,341,376,616,4
87824,341,376,624,3
87825,341,376,654,4
87826,341,376,659,3
87827,340,375,452,3
87828,340,375,564,4
87829,340,375,659,4
87830,339,374,69,3.5
87831,339,374,73,2.5
87832,339,374,85,1
87833,339,374,110,4
87834,339,374,188,3
87835,339,374,192,2
87836,339,374,212,1.5
87837,339,374,213,1.5
87838,339,374,285,1
87839,339,374,295,2.5
87840,339,374,358,1
87841,339,374,440,3
87842,339,374,457,1
87843,339,374,468,1.5
87844,339,374,514,1
87845,339,374,516,3
87846,339,374,518,3
87847,339,374,534,3
87848,339,374,564,1
87849,339,374,574,2
87850,338,373,15,3.5
87851,338,373,19,4
87852,338,373,119,4
87853,338,373,242,5
87854,338,373,254,3
87855,338,373,265,5
87856,338,373,306,4
87857,338,373,330,5
87858,338,373,342,5
87859,338,373,509,4
87860,338,373,537,5
87861,338,373,547,3
87862,338,373,564,5
87863,338,373,596,3
87864,338,373,602,4
87865,338,373,608,4
87866,338,373,647,4
87867,338,373,659,4
87868,337,372,2,3
87869,337,372,15,3
87870,337,372,19,1
87871,337,372,31,3.5
87872,337,372,36,3
87873,337,372,86,3
87874,337,372,111,3.5
87875,337,372,156,4
87876,337,372,187,3
87877,337,372,212,3
87878,337,372,229,3
87879,337,372,239,4
87880,337,372,254,1
87881,337,372,285,3
87882,337,372,306,3
87883,337,372,311,0.5
87884,337,372,312,4
87885,337,372,358,4
87886,337,372,378,3.5
87887,337,372,384,3
87888,337,372,396,2
87889,337,372,461,3
87890,337,372,487,3
87891,337,372,509,3
87892,337,372,518,4
87893,337,372,527,3.5
87894,337,372,537,2
87895,337,372,547,2
87896,337,372,548,3
87897,337,372,564,4
87898,337,372,580,4
87899,337,372,602,3
87900,337,372,641,4
87901,337,372,654,4.5
87902,336,371,2,3
87903,336,371,15,2
87904,336,371,19,3
87905,336,371,30,4
87906,336,371,168,3
87907,336,371,184,3
87908,336,371,242,4
87909,336,371,306,3
87910,336,371,311,3
87911,336,371,358,4
87912,336,371,452,4
87913,336,371,487,4
87914,336,371,514,4
87915,336,371,537,2
87916,336,371,547,2
87917,336,371,548,3
87918,336,371,564,3
87919,336,371,602,3
87920,336,371,639,4
87921,336,371,649,4
87922,335,370,2,2
87923,335,370,15,3.5
87924,335,370,83,4
87925,335,370,85,2
87926,335,370,91,4.5
87927,335,370,92,3
87928,335,370,101,2.5
87929,335,370,105,3
87930,335,370,110,5
87931,335,370,119,2
87932,335,370,127,4
87933,335,370,143,1.5
87934,335,370,157,2.5
87935,335,370,161,3
87936,335,370,165,3
87937,335,370,174,3.5
87938,335,370,182,3
87939,335,370,189,2
87940,335,370,192,3
87941,335,370,212,1.5
87942,335,370,217,5
87943,335,370,220,3
87944,335,370,228,5
87945,335,370,232,4
87946,335,370,241,3
87947,335,370,243,2.5
87948,335,370,247,3
87949,335,370,265,4
87950,335,370,268,3
87951,335,370,285,1
87952,335,370,288,5
87953,335,370,292,2.5
87954,335,370,294,3.5
87955,335,370,295,4
87956,335,370,302,3
87957,335,370,306,4
87958,335,370,308,4
87959,335,370,345,1.5
87960,335,370,353,2
87961,335,370,354,3
87962,335,370,358,1
87963,335,370,388,2.5
87964,335,370,396,1
87965,335,370,412,3
87966,335,370,416,3
87967,335,370,440,4
87968,335,370,457,2.5
87969,335,370,461,2
87970,335,370,487,3
87971,335,370,516,3
87972,335,370,522,3
87973,335,370,532,3
87974,335,370,547,4.5
87975,335,370,548,3
87976,335,370,551,3
87977,335,370,561,3.5
87978,335,370,574,2.5
87979,335,370,580,2.5
87980,335,370,590,3
87981,335,370,591,3.5
87982,335,370,593,3
87983,335,370,596,3
87984,335,370,603,4
87985,335,370,607,3.5
87986,335,370,624,3
87987,335,370,641,3
87988,335,370,654,4
87989,334,369,19,3
87990,334,369,30,3
87991,334,369,86,4
87992,334,369,472,2.5
87993,334,369,514,3
87994,334,369,537,4
87995,334,369,547,3
87996,334,369,564,3
87997,334,369,659,2
87998,333,368,30,4
87999,333,368,36,3
88000,333,368,50,4
88001,333,368,67,3
88002,333,368,73,3
88003,333,368,75,2
88004,333,368,85,4
88005,333,368,92,4
88006,333,368,93,3.5
88007,333,368,105,3
88008,333,368,110,4
88009,333,368,111,4.5
88010,333,368,119,3
88011,333,368,126,4
88012,333,368,130,3
88013,333,368,161,5
88014,333,368,182,4
88015,333,368,188,4
88016,333,368,194,3
88017,333,368,195,3
88018,333,368,197,4
88019,333,368,212,3.5
88020,333,368,213,3
88021,333,368,232,4
88022,333,368,239,5
88023,333,368,242,4
88024,333,368,243,3.5
88025,333,368,247,3
88026,333,368,253,4
88027,333,368,254,3
88028,333,368,263,3
88029,333,368,268,3.5
88030,333,368,285,4
88031,333,368,288,5
88032,333,368,294,4
88033,333,368,308,4
88034,333,368,311,3
88035,333,368,312,1
88036,333,368,344,4
88037,333,368,346,4
88038,333,368,358,2
88039,333,368,381,3
88040,333,368,396,4
88041,333,368,416,3
88042,333,368,425,4
88043,333,368,430,2.5
88044,333,368,453,5
88045,333,368,457,1
88046,333,368,461,2
88047,333,368,468,2.5
88048,333,368,496,5
88049,333,368,514,4
88050,333,368,518,4
88051,333,368,528,3
88052,333,368,534,4
88053,333,368,537,4
88054,333,368,548,3
88055,333,368,551,3
88056,333,368,561,4
88057,333,368,564,4
88058,333,368,577,4
88059,333,368,580,1.5
88060,333,368,588,3
88061,333,368,590,4
88062,333,368,607,4.5
88063,333,368,629,5
88064,333,368,646,4
88065,333,368,649,3
88066,333,368,654,3.5
88067,333,368,655,5
88068,333,368,665,3
88069,332,367,2,3
88070,332,367,4,4
88071,332,367,5,4
88072,332,367,7,3
88073,332,367,15,2
88074,332,367,19,3
88075,332,367,20,1
88076,332,367,26,2
88077,332,367,32,4
88078,332,367,38,3
88079,332,367,48,3.5
88080,332,367,50,4
88081,332,367,59,1.5
88082,332,367,68,3
88083,332,367,73,2
88084,332,367,77,3.5
88085,332,367,79,2.5
88086,332,367,82,3
88087,332,367,85,4
88088,332,367,92,3
88089,332,367,94,1.5
88090,332,367,99,3
88091,332,367,105,3.5
88092,332,367,108,3
88093,332,367,110,4
88094,332,367,111,2
88095,332,367,116,2.5
88096,332,367,125,2
88097,332,367,126,4
88098,332,367,127,4
88099,332,367,128,3
88100,332,367,130,2.5
88101,332,367,134,2
88102,332,367,137,5
88103,332,367,145,5
88104,332,367,150,3
88105,332,367,151,3
88106,332,367,152,4
88107,332,367,157,1
88108,332,367,159,1.5
88109,332,367,161,3
88110,332,367,163,2
88111,332,367,165,3.5
88112,332,367,185,4
88113,332,367,187,3.5
88114,332,367,188,3
88115,332,367,192,3
88116,332,367,194,4
88117,332,367,197,3
88118,332,367,200,3
88119,332,367,212,1
88120,332,367,213,1
88121,332,367,219,4
88122,332,367,220,4
88123,332,367,225,5
88124,332,367,232,5
88125,332,367,234,2.5
88126,332,367,239,4
88127,332,367,240,3
88128,332,367,241,3
88129,332,367,243,3
88130,332,367,247,3
88131,332,367,249,3
88132,332,367,251,4
88133,332,367,253,4
88134,332,367,254,3
88135,332,367,260,2
88136,332,367,262,2
88137,332,367,266,4
88138,332,367,268,2
88139,332,367,275,5
88140,332,367,279,1
88141,332,367,281,4.5
88142,332,367,288,5
88143,332,367,292,3.5
88144,332,367,294,4
88145,332,367,295,3.5
88146,332,367,303,2
88147,332,367,308,3
88148,332,367,312,2
88149,332,367,313,3.5
88150,332,367,324,4
88151,332,367,338,4
88152,332,367,342,4
88153,332,367,344,3
88154,332,367,346,3
88155,332,367,353,2.5
88156,332,367,355,3
88157,332,367,358,3
88158,332,367,369,3
88159,332,367,370,3.5
88160,332,367,380,3
88161,332,367,384,3.5
88162,332,367,385,1
88163,332,367,394,0.5
88164,332,367,396,4
88165,332,367,400,4
88166,332,367,408,2
88167,332,367,412,4
88168,332,367,416,3
88169,332,367,418,3
88170,332,367,426,2.5
88171,332,367,430,4
88172,332,367,440,3
88173,332,367,442,4.5
88174,332,367,457,2.5
88175,332,367,461,3
88176,332,367,468,1.5
88177,332,367,479,4
88178,332,367,480,3.5
88179,332,367,487,3
88180,332,367,495,4
88181,332,367,496,3
88182,332,367,500,1.5
88183,332,367,501,3
88184,332,367,509,2
88185,332,367,514,3
88186,332,367,517,4
88187,332,367,518,4
88188,332,367,522,3
88189,332,367,523,4.5
88190,332,367,525,1
88191,332,367,527,0.5
88192,332,367,530,3
88193,332,367,534,3
88194,332,367,535,3
88195,332,367,551,4
88196,332,367,552,2
88197,332,367,555,3
88198,332,367,561,3.5
88199,332,367,562,3
88200,332,367,564,4
88201,332,367,574,3
88202,332,367,577,3
88203,332,367,580,2.5
88204,332,367,584,1.5
88205,332,367,588,3
88206,332,367,590,3
88207,332,367,592,4
88208,332,367,593,4
88209,332,367,596,3
88210,332,367,602,3
88211,332,367,603,3
88212,332,367,607,3
88213,332,367,608,3
88214,332,367,615,2.5
88215,332,367,617,3
88216,332,367,623,3.5
88217,332,367,624,3
88218,332,367,627,1
88219,332,367,641,3
88220,332,367,648,3.5
88221,332,367,654,4.5
88222,332,367,655,4
88223,332,367,659,4
88224,332,367,662,3
88225,332,367,664,3.5
88226,331,366,19,3
88227,331,366,39,3
88228,331,366,85,1
88229,331,366,92,2
88230,331,366,95,4
88231,331,366,285,4
88232,331,366,308,3
88233,331,366,514,3
88234,331,366,564,5
88235,331,366,626,4
88236,331,366,654,4
88237,330,365,19,3
88238,330,365,38,4.5
88239,330,365,52,1
88240,330,365,86,4
88241,330,365,514,4
88242,330,365,516,3
88243,330,365,547,2.5
88244,330,365,552,3
88245,330,365,564,3
88246,330,365,659,2
88247,329,364,2,3
88248,329,364,4,5
88249,329,364,5,4
88250,329,364,7,3
88251,329,364,15,4
88252,329,364,19,3
88253,329,364,20,3.5
88254,329,364,30,3
88255,329,364,32,3
88256,329,364,37,5
88257,329,364,38,4
88258,329,364,48,4
88259,329,364,61,3.5
88260,329,364,67,5
88261,329,364,69,5
88262,329,364,73,5
88263,329,364,77,3
88264,329,364,78,3.5
88265,329,364,82,4
88266,329,364,85,3
88267,329,364,86,4
88268,329,364,88,4
88269,329,364,89,5
88270,329,364,92,1
88271,329,364,93,3.5
88272,329,364,95,4
88273,329,364,97,1.5
88274,329,364,105,3.5
88275,329,364,108,5
88276,329,364,110,3
88277,329,364,111,3.5
88278,329,364,114,5
88279,329,364,119,3
88280,329,364,120,3
88281,329,364,121,4
88282,329,364,125,4
88283,329,364,126,4
88284,329,364,128,5
88285,329,364,130,3.5
88286,329,364,132,3
88287,329,364,134,3
88288,329,364,136,4.5
88289,329,364,137,5
88290,329,364,140,4
88291,329,364,144,5
88292,329,364,145,5
88293,329,364,146,5
88294,329,364,148,4
88295,329,364,150,3
88296,329,364,151,5
88297,329,364,159,3.5
88298,329,364,161,3
88299,329,364,164,4
88300,329,364,165,3.5
88301,329,364,168,4
88302,329,364,172,3
88303,329,364,175,4
88304,329,364,176,3
88305,329,364,178,4
88306,329,364,182,4
88307,329,364,184,5
88308,329,364,185,3
88309,329,364,187,4.5
88310,329,364,188,4
88311,329,364,192,5
88312,329,364,194,5
88313,329,364,200,3
88314,329,364,210,3.5
88315,329,364,212,4.5
88316,329,364,213,2.5
88317,329,364,214,5
88318,329,364,225,4
88319,329,364,236,3
88320,329,364,237,3.5
88321,329,364,241,3
88322,329,364,243,3.5
88323,329,364,255,3
88324,329,364,262,2
88325,329,364,266,5
88326,329,364,268,5
88327,329,364,275,5
88328,329,364,279,3
88329,329,364,283,3.5
88330,329,364,285,3
88331,329,364,287,4.5
88332,329,364,288,4
88333,329,364,292,4
88334,329,364,294,4.5
88335,329,364,295,4
88336,329,364,302,3
88337,329,364,304,2
88338,329,364,306,4
88339,329,364,311,3
88340,329,364,313,5
88341,329,364,324,3.5
88342,329,364,327,4
88343,329,364,328,3.5
88344,329,364,338,4
88345,329,364,340,5
88346,329,364,344,4
88347,329,364,345,4.5
88348,329,364,353,2
88349,329,364,354,3
88350,329,364,355,4
88351,329,364,357,5
88352,329,364,358,4
88353,329,364,359,4.5
88354,329,364,363,4
88355,329,364,365,4
88356,329,364,369,4
88357,329,364,382,3
88358,329,364,384,3
88359,329,364,388,3
88360,329,364,394,3
88361,329,364,396,4
88362,329,364,400,4
88363,329,364,402,4
88364,329,364,406,3.5
88365,329,364,412,4
88366,329,364,416,3
88367,329,364,418,4.5
88368,329,364,421,3
88369,329,364,426,2
88370,329,364,428,5
88371,329,364,430,5
88372,329,364,437,5
88373,329,364,440,5
88374,329,364,442,4.5
88375,329,364,447,3
88376,329,364,449,4
88377,329,364,455,3.5
88378,329,364,457,2
88379,329,364,458,4
88380,329,364,461,1.5
88381,329,364,466,5
88382,329,364,468,3.5
88383,329,364,471,4
88384,329,364,472,4
88385,329,364,473,5
88386,329,364,480,5
88387,329,364,487,5
88388,329,364,495,4
88389,329,364,496,5
88390,329,364,500,2.5
88391,329,364,501,3.5
88392,329,364,505,2.5
88393,329,364,506,3
88394,329,364,509,3.5
88395,329,364,514,2
88396,329,364,516,3
88397,329,364,518,4
88398,329,364,522,2.5
88399,329,364,523,4
88400,329,364,530,5
88401,329,364,531,4
88402,329,364,534,5
88403,329,364,535,3
88404,329,364,548,3
88405,329,364,551,3
88406,329,364,556,4
88407,329,364,559,4
88408,329,364,560,4
88409,329,364,561,4
88410,329,364,562,4.5
88411,329,364,563,3
88412,329,364,564,4
88413,329,364,574,3.5
88414,329,364,575,3
88415,329,364,577,4
88416,329,364,580,3.5
88417,329,364,582,4
88418,329,364,584,3.5
88419,329,364,588,3
88420,329,364,590,3
88421,329,364,592,2
88422,329,364,595,4
88423,329,364,596,3
88424,329,364,598,4
88425,329,364,602,5
88426,329,364,603,5
88427,329,364,607,3
88428,329,364,612,4
88429,329,364,615,4
88430,329,364,617,4
88431,329,364,623,4
88432,329,364,627,2.5
88433,329,364,629,2
88434,329,364,633,3
88435,329,364,639,3
88436,329,364,641,4
88437,329,364,646,5
88438,329,364,648,2
88439,329,364,649,3
88440,329,364,653,5
88441,329,364,654,5
88442,329,364,655,4.5
88443,329,364,658,5
88444,329,364,659,5
88445,329,364,662,3
88446,329,364,665,5
88447,328,363,312,5
88448,328,363,388,4
88449,328,363,472,5
88450,328,363,529,3.5
88451,328,363,564,5
88452,327,362,13,4.5
88453,327,362,36,4
88454,327,362,67,1
88455,327,362,86,3
88456,327,362,92,3
88457,327,362,126,3
88458,327,362,128,5
88459,327,362,182,5
88460,327,362,187,3
88461,327,362,188,3
88462,327,362,192,4
88463,327,362,200,2
88464,327,362,241,3
88465,327,362,302,3
88466,327,362,311,3
88467,327,362,358,3
88468,327,362,365,3.5
88469,327,362,396,3
88470,327,362,420,5
88471,327,362,437,3
88472,327,362,485,4.5
88473,327,362,500,4
88474,327,362,514,4
88475,327,362,518,5
88476,327,362,548,3
88477,327,362,564,3
88478,327,362,593,3
88479,327,362,602,3
88480,327,362,607,3.5
88481,327,362,612,3.5
88482,326,361,19,4
88483,326,361,182,5
88484,326,361,242,5
88485,326,361,294,4
88486,326,361,306,4
88487,326,361,311,3
88488,326,361,356,4.5
88489,326,361,358,3
88490,326,361,381,3
88491,326,361,384,2.5
88492,326,361,412,3
88493,326,361,452,4
88494,326,361,468,2.5
88495,326,361,487,3
88496,326,361,493,4
88497,326,361,514,3
88498,326,361,518,4
88499,326,361,529,3
88500,326,361,533,4
88501,326,361,534,3
88502,326,361,547,1
88503,326,361,564,3
88504,326,361,575,4
88505,326,361,605,2
88506,326,361,641,3
88507,325,360,95,3
88508,325,360,182,3
88509,325,360,294,4
88510,325,360,306,2
88511,325,360,311,2
88512,325,360,358,2
88513,325,360,381,3
88514,325,360,412,3
88515,325,360,452,1
88516,325,360,516,3
88517,325,360,518,3
88518,325,360,564,1
88519,324,358,168,2
88520,324,358,344,3
88521,324,358,388,2
88522,324,358,416,2
88523,324,358,510,1
88524,324,358,652,4
88525,324,358,665,3
88526,323,357,2,3
88527,323,357,4,5
88528,323,357,7,3
88529,323,357,15,3.5
88530,323,357,19,5
88531,323,357,30,4
88532,323,357,36,4
88533,323,357,50,4
88534,323,357,52,4.5
88535,323,357,57,5
88536,323,357,69,5
88537,323,357,85,3
88538,323,357,86,5
88539,323,357,88,5
88540,323,357,92,3
88541,323,357,93,3.5
88542,323,357,95,4
88543,323,357,98,3.5
88544,323,357,99,5
88545,323,357,105,4
88546,323,357,110,4
88547,323,357,121,4
88548,323,357,126,3
88549,323,357,151,5
88550,323,357,152,3.5
88551,323,357,161,5
88552,323,357,168,3
88553,323,357,182,3
88554,323,357,184,4
88555,323,357,188,4
88556,323,357,212,2.5
88557,323,357,213,1
88558,323,357,219,4
88559,323,357,220,4
88560,323,357,231,4
88561,323,357,232,5
88562,323,357,235,4.5
88563,323,357,240,4
88564,323,357,241,3
88565,323,357,242,4
88566,323,357,247,3
88567,323,357,249,3
88568,323,357,254,3
88569,323,357,262,2.5
88570,323,357,264,5
88571,323,357,268,2
88572,323,357,283,3.5
88573,323,357,288,5
88574,323,357,295,3.5
88575,323,357,302,3
88576,323,357,306,4
88577,323,357,311,5
88578,323,357,312,4
88579,323,357,313,3.5
88580,323,357,338,4
88581,323,357,344,5
88582,323,357,354,4
88583,323,357,358,5
88584,323,357,367,4
88585,323,357,372,4
88586,323,357,385,4
88587,323,357,387,3
88588,323,357,388,3
88589,323,357,390,3
88590,323,357,391,4
88591,323,357,394,3.5
88592,323,357,396,3
88593,323,357,399,4
88594,323,357,405,4
88595,323,357,418,3.5
88596,323,357,428,2
88597,323,357,430,4
88598,323,357,431,2
88599,323,357,452,4
88600,323,357,460,5
88601,323,357,461,2
88602,323,357,462,3
88603,323,357,463,4
88604,323,357,466,5
88605,323,357,468,3
88606,323,357,472,5
88607,323,357,480,4
88608,323,357,487,4
88609,323,357,491,5
88610,323,357,493,4
88611,323,357,498,3.5
88612,323,357,503,4
88613,323,357,509,3
88614,323,357,514,4
88615,323,357,516,4
88616,323,357,517,5
88617,323,357,529,4
88618,323,357,535,1
88619,323,357,537,4
88620,323,357,547,4.5
88621,323,357,548,3
88622,323,357,552,3
88623,323,357,555,4
88624,323,357,562,4
88625,323,357,564,3
88626,323,357,574,2.5
88627,323,357,575,2
88628,323,357,577,4.5
88629,323,357,580,3.5
88630,323,357,585,4
88631,323,357,590,3
88632,323,357,593,5
88633,323,357,595,4
88634,323,357,596,3.5
88635,323,357,602,4
88636,323,357,605,3
88637,323,357,617,2
88638,323,357,624,3
88639,323,357,627,3
88640,323,357,633,3
88641,323,357,641,5
88642,323,357,649,3
88643,323,357,659,3
88644,323,357,662,3
88645,323,357,665,2
88646,323,357,667,3
88647,323,357,671,3
88648,322,356,2,3
88649,322,356,3,5
88650,322,356,4,5
88651,322,356,5,4
88652,322,356,7,3
88653,322,356,8,4
88654,322,356,13,5
88655,322,356,15,1
88656,322,356,17,2.5
88657,322,356,19,5
88658,322,356,20,2
88659,322,356,21,4
88660,322,356,22,3.5
88661,322,356,23,4.5
88662,322,356,24,4
88663,322,356,26,4.5
88664,322,356,30,5
88665,322,356,32,5
88666,322,356,36,3
88667,322,356,38,4.5
88668,322,356,41,3.5
88669,322,356,42,4.5
88670,322,356,43,5
88671,322,356,48,4
88672,322,356,49,4
88673,322,356,50,4
88674,322,356,56,4
88675,322,356,57,3
88676,322,356,64,4
88677,322,356,66,4
88678,322,356,67,4
88679,322,356,68,4
88680,322,356,69,5
88681,322,356,72,4
88682,322,356,73,5
88683,322,356,74,4
88684,322,356,75,4
88685,322,356,77,3.5
88686,322,356,78,5
88687,322,356,79,4
88688,322,356,82,5
88689,322,356,83,4
88690,322,356,84,3
88691,322,356,85,4
88692,322,356,88,4
88693,322,356,91,5
88694,322,356,92,4
88695,322,356,94,5
88696,322,356,97,2.5
88697,322,356,98,4.5
88698,322,356,99,5
88699,322,356,105,3
88700,322,356,108,4
88701,322,356,110,4
88702,322,356,111,3.5
88703,322,356,114,5
88704,322,356,116,4.5
88705,322,356,119,3
88706,322,356,120,4.5
88707,322,356,121,4
88708,322,356,122,3
88709,322,356,124,4
88710,322,356,125,5
88711,322,356,126,4
88712,322,356,127,4
88713,322,356,128,5
88714,322,356,130,3.5
88715,322,356,131,5
88716,322,356,132,4.5
88717,322,356,133,3.5
88718,322,356,134,4
88719,322,356,138,4
88720,322,356,140,4.5
88721,322,356,141,3
88722,322,356,142,3
88723,322,356,143,5
88724,322,356,144,3
88725,322,356,145,5
88726,322,356,146,4
88727,322,356,149,3.5
88728,322,356,150,4.5
88729,322,356,151,5
88730,322,356,152,3
88731,322,356,159,4
88732,322,356,160,5
88733,322,356,161,4
88734,322,356,163,5
88735,322,356,165,3.5
88736,322,356,166,4
88737,322,356,168,4
88738,322,356,172,3
88739,322,356,177,5
88740,322,356,178,3
88741,322,356,182,5
88742,322,356,184,3
88743,322,356,185,4
88744,322,356,187,4.5
88745,322,356,188,5
88746,322,356,191,4
88747,322,356,192,4
88748,322,356,193,4
88749,322,356,194,5
88750,322,356,195,2
88751,322,356,197,3
88752,322,356,199,4.5
88753,322,356,200,4
88754,322,356,201,4
88755,322,356,205,2.5
88756,322,356,208,4.5
88757,322,356,212,4
88758,322,356,213,2
88759,322,356,216,4.5
88760,322,356,219,4
88761,322,356,220,4
88762,322,356,225,5
88763,322,356,230,5
88764,322,356,232,3
88765,322,356,234,4
88766,322,356,235,5
88767,322,356,238,4.5
88768,322,356,239,5
88769,322,356,240,2.5
88770,322,356,241,2
88771,322,356,242,5
88772,322,356,243,4
88773,322,356,244,5
88774,322,356,245,5
88775,322,356,247,5
88776,322,356,248,5
88777,322,356,249,5
88778,322,356,250,5
88779,322,356,251,5
88780,322,356,253,5
88781,322,356,254,3
88782,322,356,255,3.5
88783,322,356,259,4
88784,322,356,260,4
88785,322,356,261,5
88786,322,356,262,3
88787,322,356,263,4
88788,322,356,264,4
88789,322,356,266,4
88790,322,356,268,5
88791,322,356,275,5
88792,322,356,277,5
88793,322,356,279,5
88794,322,356,281,3.5
88795,322,356,282,4.5
88796,322,356,283,5
88797,322,356,285,5
88798,322,356,288,5
88799,322,356,292,5
88800,322,356,293,3.5
88801,322,356,294,4
88802,322,356,295,4.5
88803,322,356,297,4
88804,322,356,300,4.5
88805,322,356,303,3
88806,322,356,304,4.5
88807,322,356,306,5
88808,322,356,308,3
88809,322,356,311,5
88810,322,356,312,2
88811,322,356,313,4.5
88812,322,356,314,4.5
88813,322,356,317,4
88814,322,356,319,3
88815,322,356,320,4
88816,322,356,324,4
88817,322,356,328,3
88818,322,356,333,4.5
88819,322,356,334,5
88820,322,356,336,5
88821,322,356,338,4
88822,322,356,339,5
88823,322,356,340,5
88824,322,356,344,5
88825,322,356,345,3.5
88826,322,356,348,5
88827,322,356,350,4
88828,322,356,353,3.5
88829,322,356,354,1
88830,322,356,355,5
88831,322,356,358,5
88832,322,356,362,4
88833,322,356,369,5
88834,322,356,371,5
88835,322,356,373,3
88836,322,356,375,4
88837,322,356,379,4.5
88838,322,356,380,5
88839,322,356,381,3
88840,322,356,382,3
88841,322,356,383,4
88842,322,356,384,3
88843,322,356,385,5
88844,322,356,388,4
88845,322,356,391,3
88846,322,356,396,3
88847,322,356,400,4
88848,322,356,401,5
88849,322,356,402,5
88850,322,356,405,5
88851,322,356,408,3
88852,322,356,410,5
88853,322,356,415,3
88854,322,356,416,4
88855,322,356,417,4
88856,322,356,418,4.5
88857,322,356,421,4
88858,322,356,422,4
88859,322,356,423,2.5
88860,322,356,426,4.5
88861,322,356,428,3.5
88862,322,356,430,4.5
88863,322,356,431,4.5
88864,322,356,432,4
88865,322,356,433,4
88866,322,356,434,2
88867,322,356,440,4
88868,322,356,441,3.5
88869,322,356,442,5
88870,322,356,443,4.5
88871,322,356,445,5
88872,322,356,448,3
88873,322,356,449,5
88874,322,356,452,4
88875,322,356,455,3.5
88876,322,356,456,4
88877,322,356,457,3.5
88878,322,356,458,5
88879,322,356,460,1.5
88880,322,356,461,4
88881,322,356,462,5
88882,322,356,463,3
88883,322,356,468,3
88884,322,356,471,4
88885,322,356,472,4
88886,322,356,473,5
88887,322,356,475,4.5
88888,322,356,478,5
88889,322,356,480,2
88890,322,356,481,4
88891,322,356,483,5
88892,322,356,486,4
88893,322,356,487,4
88894,322,356,491,4
88895,322,356,493,3
88896,322,356,494,3.5
88897,322,356,495,5
88898,322,356,496,5
88899,322,356,500,5
88900,322,356,501,4.5
88901,322,356,503,4
88902,322,356,505,4
88903,322,356,508,5
88904,322,356,509,4
88905,322,356,510,3
88906,322,356,512,5
88907,322,356,513,4
88908,322,356,514,4
88909,322,356,516,4
88910,322,356,517,5
88911,322,356,518,5
88912,322,356,519,4
88913,322,356,522,4
88914,322,356,523,4.5
88915,322,356,525,3
88916,322,356,527,3.5
88917,322,356,529,3
88918,322,356,530,5
88919,322,356,531,3.5
88920,322,356,534,4
88921,322,356,535,3
88922,322,356,537,4
88923,322,356,541,4
88924,322,356,544,4
88925,322,356,546,5
88926,322,356,547,2
88927,322,356,548,4
88928,322,356,550,4
88929,322,356,552,1
88930,322,356,559,5
88931,322,356,560,4
88932,322,356,561,3.5
88933,322,356,562,4
88934,322,356,563,4.5
88935,322,356,564,3
88936,322,356,567,4
88937,322,356,568,1
88938,322,356,569,5
88939,322,356,570,5
88940,322,356,572,4
88941,322,356,574,4.5
88942,322,356,575,2
88943,322,356,577,4
88944,322,356,578,2
88945,322,356,580,3.5
88946,322,356,582,3
88947,322,356,584,5
88948,322,356,585,4
88949,322,356,586,4
88950,322,356,588,5
88951,322,356,590,4
88952,322,356,592,4
88953,322,356,593,5
88954,322,356,596,5
88955,322,356,597,4
88956,322,356,598,4
88957,322,356,599,4
88958,322,356,602,4
88959,322,356,607,5
88960,322,356,608,3
88961,322,356,611,5
88962,322,356,615,4
88963,322,356,617,4
88964,322,356,621,4
88965,322,356,623,5
88966,322,356,624,3
88967,322,356,627,3
88968,322,356,628,2.5
88969,322,356,629,5
88970,322,356,630,4.5
88971,322,356,633,4
88972,322,356,641,5
88973,322,356,646,5
88974,322,356,648,4.5
88975,322,356,649,3
88976,322,356,653,5
88977,322,356,654,4
88978,322,356,657,3
88979,322,356,658,5
88980,322,356,659,4
88981,322,356,660,3
88982,322,356,662,5
88983,322,356,663,4
88984,322,356,664,4.5
88985,322,356,665,4
88986,322,356,666,5
88987,322,356,667,4
88988,322,356,671,5
88989,321,355,3,2.5
88990,321,355,7,3
88991,321,355,15,0.5
88992,321,355,22,2
88993,321,355,46,5
88994,321,355,85,3
88995,321,355,92,2
88996,321,355,131,3
88997,321,355,182,3
88998,321,355,192,2
88999,321,355,213,1.5
89000,321,355,241,2
89001,321,355,285,1
89002,321,355,288,3
89003,321,355,294,4
89004,321,355,297,1
89005,321,355,313,3
89006,321,355,338,4
89007,321,355,358,2
89008,321,355,365,1
89009,321,355,394,0.5
89010,321,355,396,3
89011,321,355,416,2
89012,321,355,420,3
89013,321,355,461,1
89014,321,355,487,3
89015,321,355,508,1
89016,321,355,518,1
89017,321,355,522,2
89018,321,355,552,1
89019,321,355,561,1.5
89020,321,355,564,4
89021,321,355,575,1
89022,321,355,596,3
89023,321,355,603,2
89024,321,355,607,3
89025,321,355,624,2
89026,321,355,634,1.5
89027,321,355,659,2
89028,320,354,19,3
89029,320,354,602,4
89030,319,353,15,3
89031,319,353,19,3
89032,319,353,39,5
89033,319,353,41,4
89034,319,353,67,5
89035,319,353,73,4
89036,319,353,75,4.5
89037,319,353,77,4
89038,319,353,88,4
89039,319,353,92,3
89040,319,353,94,3
89041,319,353,111,3
89042,319,353,119,3
89043,319,353,130,3.5
89044,319,353,143,3
89045,319,353,177,4
89046,319,353,185,5
89047,319,353,194,3
89048,319,353,239,4
89049,319,353,241,2
89050,319,353,243,3.5
89051,319,353,247,4
89052,319,353,253,4.5
89053,319,353,254,3
89054,319,353,268,3
89055,319,353,285,3
89056,319,353,288,5
89057,319,353,292,3.5
89058,319,353,312,1
89059,319,353,344,4
89060,319,353,345,4
89061,319,353,346,4
89062,319,353,354,5
89063,319,353,380,4
89064,319,353,384,3.5
89065,319,353,385,3
89066,319,353,396,3
89067,319,353,416,3
89068,319,353,440,3
89069,319,353,461,3
89070,319,353,463,4
89071,319,353,487,3
89072,319,353,514,3
89073,319,353,516,4
89074,319,353,518,3
89075,319,353,525,2
89076,319,353,534,5
89077,319,353,548,3
89078,319,353,550,4
89079,319,353,562,4.5
89080,319,353,564,4
89081,319,353,568,4
89082,319,353,580,4
89083,319,353,589,4
89084,319,353,590,3
89085,319,353,592,4
89086,319,353,593,5
89087,319,353,596,4.5
89088,319,353,602,4
89089,319,353,605,3
89090,319,353,607,3
89091,319,353,627,3.5
89092,319,353,649,3
89093,319,353,655,4
89094,319,353,659,3
89095,319,353,664,4
89096,319,353,665,2
89097,318,352,73,3.5
89098,318,352,102,4
89099,318,352,242,5
89100,318,352,312,3
89101,318,352,510,2
89102,318,352,536,3
89103,318,352,564,3
89104,317,351,83,3.5
89105,317,351,182,5
89106,317,351,306,2
89107,317,351,311,3
89108,317,351,396,3
89109,317,351,452,2
89110,317,351,493,4
89111,317,351,496,3
89112,317,351,518,3
89113,317,351,536,4
89114,317,351,564,2
89115,317,351,575,3
89116,317,351,641,4
89117,316,350,2,4
89118,316,350,19,3
89119,316,350,30,4
89120,316,350,32,3
89121,316,350,36,3
89122,316,350,57,2
89123,316,350,67,3
89124,316,350,75,3
89125,316,350,85,3
89126,316,350,88,3
89127,316,350,92,2
89128,316,350,110,4
89129,316,350,124,4
89130,316,350,126,3
89131,316,350,127,3
89132,316,350,128,4
89133,316,350,151,4
89134,316,350,160,4
89135,316,350,161,5
89136,316,350,165,3
89137,316,350,177,4
89138,316,350,182,4
89139,316,350,188,3
89140,316,350,192,3
89141,316,350,210,3.5
89142,316,350,212,3
89143,316,350,220,3
89144,316,350,232,5
89145,316,350,242,4
89146,316,350,254,3
89147,316,350,263,3
89148,316,350,279,3
89149,316,350,283,2
89150,316,350,288,3
89151,316,350,306,3
89152,316,350,308,3
89153,316,350,311,1
89154,316,350,321,3
89155,316,350,330,4
89156,316,350,338,3
89157,316,350,344,4
89158,316,350,369,4
89159,316,350,385,4
89160,316,350,405,4
89161,316,350,418,3.5
89162,316,350,421,4
89163,316,350,431,3
89164,316,350,452,2
89165,316,350,463,3
89166,316,350,487,4
89167,316,350,496,4
89168,316,350,508,3
89169,316,350,514,4
89170,316,350,535,3
89171,316,350,537,2
89172,316,350,547,3
89173,316,350,548,3
89174,316,350,564,5
89175,316,350,575,3
89176,316,350,590,3
89177,316,350,596,3.5
89178,316,350,597,3
89179,316,350,605,3
89180,316,350,624,2.5
89181,316,350,639,3
89182,316,350,641,4
89183,316,350,649,5
89184,316,350,654,4
89185,316,350,662,3
89186,316,350,667,3
89187,315,349,2,4
89188,315,349,4,5
89189,315,349,15,3
89190,315,349,19,3
89191,315,349,30,5
89192,315,349,32,5
89193,315,349,42,4
89194,315,349,47,4
89195,315,349,50,3
89196,315,349,64,4
89197,315,349,73,3
89198,315,349,77,3.5
89199,315,349,78,4.5
89200,315,349,85,5
89201,315,349,92,3
89202,315,349,105,3
89203,315,349,110,5
89204,315,349,114,5
89205,315,349,121,4
89206,315,349,122,3
89207,315,349,126,4
89208,315,349,130,3
89209,315,349,134,4
89210,315,349,137,4
89211,315,349,141,4
89212,315,349,144,5
89213,315,349,150,4
89214,315,349,151,4
89215,315,349,152,3
89216,315,349,159,2
89217,315,349,161,3
89218,315,349,177,4
89219,315,349,182,4
89220,315,349,184,4
89221,315,349,188,4
89222,315,349,191,3
89223,315,349,192,4
89224,315,349,194,4
89225,315,349,195,3
89226,315,349,201,4
89227,315,349,213,2.5
89228,315,349,242,5
89229,315,349,247,4
89230,315,349,253,4
89231,315,349,254,4
89232,315,349,266,3
89233,315,349,268,2.5
89234,315,349,279,3
89235,315,349,282,4
89236,315,349,306,4
89237,315,349,311,3
89238,315,349,312,4
89239,315,349,317,3
89240,315,349,319,3
89241,315,349,330,3
89242,315,349,344,4
89243,315,349,353,3
89244,315,349,354,4
89245,315,349,369,3
89246,315,349,375,5
89247,315,349,385,5
89248,315,349,388,5
89249,315,349,389,4
89250,315,349,390,3
89251,315,349,400,3
89252,315,349,405,4
89253,315,349,409,3
89254,315,349,415,5
89255,315,349,416,4
89256,315,349,417,4
89257,315,349,421,5
89258,315,349,430,4.5
89259,315,349,442,4.5
89260,315,349,447,3
89261,315,349,449,4
89262,315,349,452,4
89263,315,349,453,5
89264,315,349,461,2
89265,315,349,463,3
89266,315,349,464,4
89267,315,349,468,2.5
89268,315,349,487,4
89269,315,349,495,4
89270,315,349,496,4
89271,315,349,509,3
89272,315,349,513,4
89273,315,349,516,4
89274,315,349,523,4
89275,315,349,534,4
89276,315,349,535,4
89277,315,349,536,4
89278,315,349,537,3
89279,315,349,547,3.5
89280,315,349,548,4
89281,315,349,556,5
89282,315,349,559,5
89283,315,349,564,4
89284,315,349,568,5
89285,315,349,569,5
89286,315,349,575,3
89287,315,349,577,3.5
89288,315,349,588,3
89289,315,349,589,4
89290,315,349,590,3
89291,315,349,592,3
89292,315,349,602,3
89293,315,349,607,4
89294,315,349,612,3
89295,315,349,619,4
89296,315,349,624,4
89297,315,349,641,4
89298,315,349,647,4
89299,315,349,649,3
89300,315,349,654,4
89301,315,349,667,4
89302,314,348,17,3.5
89303,314,348,19,4
89304,314,348,30,5
89305,314,348,36,3
89306,314,348,86,3
89307,314,348,102,4
89308,314,348,105,3.5
89309,314,348,121,3
89310,314,348,224,5
89311,314,348,240,4
89312,314,348,242,5
89313,314,348,312,4
89314,314,348,321,4
89315,314,348,354,5
89316,314,348,358,5
89317,314,348,373,4
89318,314,348,385,3
89319,314,348,387,5
89320,314,348,400,4
89321,314,348,407,5
89322,314,348,409,5
89323,314,348,424,3
89324,314,348,434,4
89325,314,348,447,3
89326,314,348,452,3.5
89327,314,348,460,2
89328,314,348,472,3
89329,314,348,505,3.5
89330,314,348,509,4.5
89331,314,348,529,5
89332,314,348,537,4
89333,314,348,548,4
89334,314,348,555,3
89335,314,348,564,4
89336,314,348,585,4
89337,314,348,595,3
89338,314,348,602,3
89339,314,348,608,5
89340,314,348,624,4
89341,314,348,644,5
89342,313,347,224,5
89343,313,347,262,2
89344,313,347,299,4
89345,313,347,305,4
89346,313,347,391,4
89347,313,347,492,4
89348,313,347,564,4
89349,312,346,19,3
89350,312,346,102,3
89351,312,346,311,3
89352,312,346,363,3
89353,312,346,414,3
89354,312,346,547,3
89355,311,345,7,3
89356,311,345,10,4
89357,311,345,19,3
89358,311,345,23,4
89359,311,345,28,5
89360,311,345,36,4
89361,311,345,78,4.5
89362,311,345,86,5
89363,311,345,88,3
89364,311,345,102,4
89365,311,345,110,2
89366,311,345,111,2
89367,311,345,119,5
89368,311,345,121,5
89369,311,345,183,4
89370,311,345,212,2.5
89371,311,345,216,4
89372,311,345,220,4
89373,311,345,232,5
89374,311,345,235,3.5
89375,311,345,237,4
89376,311,345,254,4
89377,311,345,274,2.5
89378,311,345,293,3.5
89379,311,345,306,4
89380,311,345,309,2.5
89381,311,345,313,3.5
89382,311,345,345,3
89383,311,345,407,5
89384,311,345,408,4
89385,311,345,441,4.5
89386,311,345,472,4
89387,311,345,491,4
89388,311,345,509,1
89389,311,345,514,3
89390,311,345,518,4
89391,311,345,537,4
89392,311,345,547,3
89393,311,345,548,4
89394,311,345,564,4
89395,311,345,580,2
89396,311,345,585,3
89397,311,345,587,4
89398,311,345,605,3
89399,311,345,621,5
89400,311,345,641,5
89401,311,345,656,5
89402,311,345,667,5
89403,310,344,5,3.5
89404,310,344,10,3
89405,310,344,15,2
89406,310,344,19,3
89407,310,344,20,1
89408,310,344,21,3
89409,310,344,23,2
89410,310,344,26,0.5
89411,310,344,30,2
89412,310,344,32,4
89413,310,344,33,4
89414,310,344,39,4
89415,310,344,47,3
89416,310,344,48,3.5
89417,310,344,50,2
89418,310,344,58,1
89419,310,344,64,2
89420,310,344,69,4
89421,310,344,73,2
89422,310,344,77,3
89423,310,344,79,2
89424,310,344,82,3
89425,310,344,85,4
89426,310,344,88,2
89427,310,344,89,5
89428,310,344,92,2
89429,310,344,94,3
89430,310,344,105,3
89431,310,344,108,1
89432,310,344,110,4
89433,310,344,111,3
89434,310,344,122,1
89435,310,344,125,4
89436,310,344,126,4
89437,310,344,134,2.5
89438,310,344,142,1
89439,310,344,144,3
89440,310,344,145,5
89441,310,344,146,2.5
89442,310,344,150,3.5
89443,310,344,151,3
89444,310,344,157,1
89445,310,344,159,2
89446,310,344,161,4
89447,310,344,163,1.5
89448,310,344,165,4
89449,310,344,176,2
89450,310,344,182,1
89451,310,344,187,3
89452,310,344,188,4
89453,310,344,191,1
89454,310,344,192,4
89455,310,344,194,3
89456,310,344,212,1
89457,310,344,213,1
89458,310,344,219,4
89459,310,344,220,1
89460,310,344,224,4
89461,310,344,225,4
89462,310,344,234,2.5
89463,310,344,237,2.5
89464,310,344,241,3
89465,310,344,243,3
89466,310,344,247,4
89467,310,344,249,4
89468,310,344,253,4
89469,310,344,254,3
89470,310,344,255,1.5
89471,310,344,261,5
89472,310,344,262,2.5
89473,310,344,268,3
89474,310,344,275,4.5
89475,310,344,281,2.5
89476,310,344,285,1
89477,310,344,286,2
89478,310,344,288,5
89479,310,344,295,4.5
89480,310,344,304,1.5
89481,310,344,306,4
89482,310,344,308,3
89483,310,344,312,1
89484,310,344,313,2.5
89485,310,344,317,2
89486,310,344,319,3
89487,310,344,338,3
89488,310,344,345,0.5
89489,310,344,346,3.5
89490,310,344,353,3
89491,310,344,354,2
89492,310,344,355,3
89493,310,344,357,4
89494,310,344,358,1
89495,310,344,369,3
89496,310,344,375,2
89497,310,344,380,4
89498,310,344,384,3.5
89499,310,344,385,2
89500,310,344,387,2
89501,310,344,388,2
89502,310,344,389,2
89503,310,344,394,1.5
89504,310,344,396,2
89505,310,344,400,3
89506,310,344,410,3
89507,310,344,412,3
89508,310,344,416,4
89509,310,344,418,2.5
89510,310,344,421,1
89511,310,344,423,1.5
89512,310,344,428,3.5
89513,310,344,430,4
89514,310,344,440,1
89515,310,344,442,4
89516,310,344,447,3
89517,310,344,449,3
89518,310,344,452,1
89519,310,344,455,4.5
89520,310,344,457,2.5
89521,310,344,464,3
89522,310,344,466,2
89523,310,344,468,1.5
89524,310,344,480,3
89525,310,344,487,3
89526,310,344,496,2
89527,310,344,500,2.5
89528,310,344,506,4
89529,310,344,509,2
89530,310,344,513,3
89531,310,344,514,3
89532,310,344,516,4
89533,310,344,517,4
89534,310,344,518,4
89535,310,344,522,4
89536,310,344,532,3.5
89537,310,344,535,3
89538,310,344,536,5
89539,310,344,547,0.5
89540,310,344,548,3
89541,310,344,551,4
89542,310,344,555,3
89543,310,344,556,4
89544,310,344,557,3
89545,310,344,560,3.5
89546,310,344,562,3
89547,310,344,564,3
89548,310,344,568,3
89549,310,344,574,2.5
89550,310,344,580,3
89551,310,344,584,2
89552,310,344,586,1.5
89553,310,344,588,4
89554,310,344,589,3
89555,310,344,590,3
89556,310,344,593,4
89557,310,344,596,3.5
89558,310,344,602,3
89559,310,344,604,2
89560,310,344,605,5
89561,310,344,607,2.5
89562,310,344,615,3
89563,310,344,621,3.5
89564,310,344,623,3.5
89565,310,344,624,3
89566,310,344,627,1
89567,310,344,632,4
89568,310,344,639,3
89569,310,344,641,5
89570,310,344,648,3
89571,310,344,649,5
89572,310,344,654,4.5
89573,310,344,657,3
89574,310,344,659,4
89575,310,344,662,2
89576,310,344,665,3
89577,310,344,666,4
89578,309,343,182,3
89579,308,342,15,3
89580,308,342,56,2
89581,308,342,86,5
89582,308,342,93,3.5
89583,308,342,102,4
89584,308,342,115,3
89585,308,342,122,1
89586,308,342,134,4
89587,308,342,139,4.5
89588,308,342,140,0.5
89589,308,342,150,1
89590,308,342,166,4
89591,308,342,174,2.5
89592,308,342,182,3
89593,308,342,190,4
89594,308,342,212,3.5
89595,308,342,235,3
89596,308,342,241,3
89597,308,342,242,4
89598,308,342,254,4
89599,308,342,264,3
89600,308,342,274,3.5
89601,308,342,294,2.5
89602,308,342,306,3
89603,308,342,311,2
89604,308,342,330,4
89605,308,342,357,5
89606,308,342,385,3
89607,308,342,386,3
89608,308,342,391,2
89609,308,342,396,3
89610,308,342,407,4
89611,308,342,408,3
89612,308,342,412,3
89613,308,342,419,4.5
89614,308,342,420,5
89615,308,342,447,3
89616,308,342,452,3
89617,308,342,460,4.5
89618,308,342,472,5
89619,308,342,493,3
89620,308,342,508,3
89621,308,342,511,5
89622,308,342,514,4
89623,308,342,518,4
89624,308,342,537,5
89625,308,342,547,4
89626,308,342,555,3
89627,308,342,564,5
89628,308,342,577,4
89629,308,342,580,3
89630,308,342,590,4
89631,308,342,628,4
89632,308,342,641,4
89633,308,342,659,2
89634,308,342,667,4
89635,307,341,467,4
89636,307,341,564,5
89637,306,340,19,3
89638,306,340,128,5
89639,306,340,388,2
89640,306,340,396,3
89641,306,340,487,4
89642,306,340,536,3
89643,306,340,548,3
89644,306,340,629,1
89645,305,339,2,3
89646,305,339,15,2.5
89647,305,339,19,4
89648,305,339,43,4
89649,305,339,50,4
89650,305,339,77,2.5
89651,305,339,82,4
89652,305,339,85,1
89653,305,339,88,4
89654,305,339,92,3
89655,305,339,93,4.5
89656,305,339,95,4
89657,305,339,98,3.5
89658,305,339,105,3
89659,305,339,108,3
89660,305,339,110,5
89661,305,339,111,4
89662,305,339,114,4
89663,305,339,121,3
89664,305,339,122,3
89665,305,339,127,5
89666,305,339,130,3.5
89667,305,339,150,1.5
89668,305,339,151,3
89669,305,339,160,4
89670,305,339,161,3
89671,305,339,165,2.5
89672,305,339,182,5
89673,305,339,188,3
89674,305,339,191,4
89675,305,339,194,4
89676,305,339,212,3.5
89677,305,339,213,2.5
89678,305,339,224,4
89679,305,339,235,3
89680,305,339,239,4
89681,305,339,249,3
89682,305,339,266,3
89683,305,339,268,3.5
89684,305,339,279,3
89685,305,339,292,3.5
89686,305,339,294,4.5
89687,305,339,295,3.5
89688,305,339,303,3
89689,305,339,306,3
89690,305,339,308,4
89691,305,339,311,3.5
89692,305,339,312,2
89693,305,339,313,3.5
89694,305,339,344,3
89695,305,339,358,3
89696,305,339,369,4
89697,305,339,380,2
89698,305,339,381,4
89699,305,339,382,2
89700,305,339,385,3
89701,305,339,389,3
89702,305,339,390,5
89703,305,339,396,4
89704,305,339,405,4
89705,305,339,412,4
89706,305,339,418,4.5
89707,305,339,421,3
89708,305,339,447,3
89709,305,339,452,4
89710,305,339,461,2.5
89711,305,339,463,3
89712,305,339,464,5
89713,305,339,468,2.5
89714,305,339,480,4.5
89715,305,339,487,4
89716,305,339,496,3
89717,305,339,505,3
89718,305,339,508,4
89719,305,339,513,3
89720,305,339,516,3
89721,305,339,518,5
89722,305,339,529,3
89723,305,339,534,3
89724,305,339,536,4
89725,305,339,537,4
89726,305,339,562,3.5
89727,305,339,564,4
89728,305,339,575,5
89729,305,339,582,1
89730,305,339,588,3
89731,305,339,590,3
89732,305,339,596,3.5
89733,305,339,607,0.5
89734,305,339,624,3
89735,305,339,627,2.5
89736,305,339,639,3
89737,305,339,641,5
89738,305,339,649,4
89739,305,339,652,4
89740,305,339,654,4
89741,305,339,658,4
89742,305,339,659,5
89743,305,339,662,4
89744,305,339,665,3
89745,305,339,667,3
89746,304,338,39,3
89747,304,338,73,3
89748,304,338,165,2
89749,304,338,177,4
89750,304,338,294,3.5
89751,304,338,311,0.5
89752,304,338,356,2
89753,304,338,388,2
89754,304,338,396,3
89755,304,338,461,1
89756,304,338,496,5
89757,304,338,516,3
89758,304,338,550,4
89759,304,338,564,2
89760,304,338,652,4
89761,303,337,16,4
89762,303,337,19,3
89763,303,337,23,4.5
89764,303,337,30,5
89765,303,337,32,4
89766,303,337,34,5
89767,303,337,50,3
89768,303,337,56,4
89769,303,337,57,5
89770,303,337,67,4
89771,303,337,73,3.5
89772,303,337,86,4
89773,303,337,88,3.5
89774,303,337,93,4
89775,303,337,102,5
89776,303,337,130,4
89777,303,337,144,4
89778,303,337,149,3.5
89779,303,337,161,3
89780,303,337,176,2.5
89781,303,337,182,2
89782,303,337,184,4
89783,303,337,187,5
89784,303,337,193,5
89785,303,337,212,3.5
89786,303,337,220,4
89787,303,337,224,4
89788,303,337,242,5
89789,303,337,245,3
89790,303,337,249,5
89791,303,337,253,3
89792,303,337,254,4
89793,303,337,271,3
89794,303,337,288,4
89795,303,337,292,4.5
89796,303,337,306,3
89797,303,337,326,2
89798,303,337,330,3
89799,303,337,338,5
89800,303,337,342,4
89801,303,337,344,5
89802,303,337,348,5
89803,303,337,358,3
89804,303,337,380,2
89805,303,337,385,5
89806,303,337,388,4
89807,303,337,407,4
89808,303,337,412,2
89809,303,337,421,4
89810,303,337,430,4.5
89811,303,337,431,5
89812,303,337,433,3
89813,303,337,447,3
89814,303,337,452,4
89815,303,337,460,4.5
89816,303,337,468,3.5
89817,303,337,496,2
89818,303,337,500,3
89819,303,337,502,4
89820,303,337,505,3
89821,303,337,509,4.5
89822,303,337,511,4
89823,303,337,514,4
89824,303,337,516,5
89825,303,337,518,5
89826,303,337,529,4
89827,303,337,536,5
89828,303,337,537,4
89829,303,337,547,4.5
89830,303,337,548,3
89831,303,337,555,2
89832,303,337,564,3
89833,303,337,565,2
89834,303,337,572,4
89835,303,337,575,3
89836,303,337,580,4
89837,303,337,582,4.5
89838,303,337,590,4
89839,303,337,593,3
89840,303,337,596,3.5
89841,303,337,602,3
89842,303,337,619,5
89843,303,337,625,4
89844,303,337,641,4
89845,303,337,654,4
89846,303,337,659,4
89847,303,337,662,4
89848,303,337,665,2
89849,302,336,551,3
89850,301,335,15,2
89851,301,335,224,4
89852,301,335,564,3
89853,300,334,19,4
89854,300,334,36,4
89855,300,334,102,4
89856,300,334,184,2
89857,300,334,224,3
89858,300,334,348,1
89859,300,334,407,5
89860,300,334,436,4
89861,300,334,509,4
89862,300,334,537,4
89863,300,334,547,1
89864,300,334,585,4
89865,300,334,595,2
89866,300,334,609,1
89867,299,333,7,3
89868,299,333,19,3
89869,299,333,21,3
89870,299,333,32,3
89871,299,333,39,3
89872,299,333,56,2
89873,299,333,73,2
89874,299,333,85,4
89875,299,333,92,3
89876,299,333,114,5
89877,299,333,130,1.5
89878,299,333,139,4
89879,299,333,150,3
89880,299,333,168,2
89881,299,333,207,3
89882,299,333,212,2
89883,299,333,219,5
89884,299,333,245,4
89885,299,333,247,4
89886,299,333,253,4
89887,299,333,254,3
89888,299,333,275,4.5
89889,299,333,306,4
89890,299,333,309,3.5
89891,299,333,344,3
89892,299,333,380,4
89893,299,333,388,4
89894,299,333,389,5
89895,299,333,394,3.5
89896,299,333,408,2
89897,299,333,416,4
89898,299,333,447,3
89899,299,333,457,2.5
89900,299,333,461,4
89901,299,333,466,4
89902,299,333,468,2.5
89903,299,333,487,4
89904,299,333,509,2
89905,299,333,514,1
89906,299,333,519,4
89907,299,333,521,3.5
89908,299,333,535,3
89909,299,333,536,4
89910,299,333,548,3
89911,299,333,564,3
89912,299,333,590,3
89913,299,333,598,5
89914,299,333,603,3
89915,299,333,607,3.5
89916,299,333,649,4
89917,298,332,19,3
89918,298,332,39,3
89919,298,332,41,4
89920,298,332,86,3
89921,298,332,92,3
89922,298,332,95,3
89923,298,332,177,4
89924,298,332,457,2
89925,298,332,551,3
89926,298,332,564,4
89927,297,331,86,3
89928,297,331,391,3
89929,297,331,409,4
89930,297,331,452,2
89931,297,331,514,3
89932,297,331,659,3
89933,296,330,39,2
89934,296,330,92,3
89935,296,330,195,1
89936,296,330,254,3
89937,296,330,285,3
89938,296,330,388,3
89939,296,330,457,2
89940,296,330,514,3
89941,296,330,551,3
89942,296,330,564,4
89943,295,329,4,3
89944,295,329,7,3
89945,295,329,15,1.5
89946,295,329,19,3
89947,295,329,21,3
89948,295,329,41,4
89949,295,329,47,4
89950,295,329,49,3
89951,295,329,64,4
89952,295,329,77,2
89953,295,329,78,5
89954,295,329,82,2
89955,295,329,85,5
89956,295,329,86,5
89957,295,329,92,3
89958,295,329,95,3
89959,295,329,108,5
89960,295,329,110,4
89961,295,329,118,4
89962,295,329,119,3
89963,295,329,121,4
89964,295,329,122,3
89965,295,329,126,3
89966,295,329,134,4
89967,295,329,144,3
89968,295,329,145,3
89969,295,329,148,4
89970,295,329,151,5
89971,295,329,159,2.5
89972,295,329,161,3
89973,295,329,168,3
89974,295,329,177,4
89975,295,329,185,4
89976,295,329,187,1
89977,295,329,188,3
89978,295,329,194,4
89979,295,329,197,5
89980,295,329,202,4
89981,295,329,217,4
89982,295,329,224,4
89983,295,329,225,4
89984,295,329,232,4
89985,295,329,237,2.5
89986,295,329,242,4
89987,295,329,246,3
89988,295,329,260,5
89989,295,329,279,3
89990,295,329,285,4
89991,295,329,287,4.5
89992,295,329,290,5
89993,295,329,294,3
89994,295,329,311,2
89995,295,329,317,5
89996,295,329,337,5
89997,295,329,344,3
89998,295,329,345,2
89999,295,329,354,3
90000,295,329,357,3
90001,295,329,369,3
90002,295,329,370,3
90003,295,329,375,4
90004,295,329,396,2
90005,295,329,400,4
90006,295,329,401,5
90007,295,329,415,4
90008,295,329,416,3
90009,295,329,428,2.5
90010,295,329,437,3
90011,295,329,447,3
90012,295,329,457,0.5
90013,295,329,461,1.5
90014,295,329,463,3
90015,295,329,466,3
90016,295,329,468,2.5
90017,295,329,487,4
90018,295,329,495,4
90019,295,329,496,5
90020,295,329,500,0.5
90021,295,329,514,2
90022,295,329,516,3
90023,295,329,517,3
90024,295,329,518,3
90025,295,329,533,4
90026,295,329,535,2
90027,295,329,537,5
90028,295,329,538,2
90029,295,329,542,4
90030,295,329,548,3
90031,295,329,551,3
90032,295,329,555,3
90033,295,329,556,5
90034,295,329,561,3
90035,295,329,564,3
90036,295,329,568,5
90037,295,329,574,2.5
90038,295,329,575,5
90039,295,329,577,4
90040,295,329,580,2
90041,295,329,588,3
90042,295,329,589,4
90043,295,329,590,3
90044,295,329,592,2
90045,295,329,593,3
90046,295,329,596,3.5
90047,295,329,602,3
90048,295,329,607,3.5
90049,295,329,619,3
90050,295,329,624,4
90051,295,329,633,3
90052,295,329,639,3
90053,295,329,649,2
90054,295,329,654,4
90055,295,329,657,4
90056,295,329,666,2
90057,294,328,19,4
90058,294,328,39,5
90059,294,328,92,3
90060,294,328,95,3
90061,294,328,308,4
90062,294,328,396,3
90063,294,328,551,3
90064,294,328,564,4
90065,293,327,41,4
90066,293,327,73,2.5
90067,293,327,85,1
90068,293,327,89,2
90069,293,327,110,3
90070,293,327,111,3
90071,293,327,150,2
90072,293,327,158,2
90073,293,327,177,3
90074,293,327,239,4
90075,293,327,247,2
90076,293,327,254,3
90077,293,327,363,2
90078,293,327,380,1
90079,293,327,396,3
90080,293,327,408,5
90081,293,327,439,3
90082,293,327,460,3
90083,293,327,465,3
90084,293,327,514,3
90085,293,327,558,1
90086,293,327,561,2.5
90087,293,327,564,5
90088,293,327,596,1.5
90089,293,327,638,4
90090,293,327,649,3
90091,292,326,19,5
90092,292,326,468,3.5
90093,292,326,492,3
90094,292,326,509,3
90095,292,326,516,4
90096,292,326,539,5
90097,292,326,564,5
90098,291,325,564,3
90099,290,324,86,3
90100,290,324,407,4
90101,290,324,564,3
90102,289,322,15,2.5
90103,289,322,73,4.5
90104,289,322,165,4.5
90105,289,322,168,4
90106,289,322,254,3
90107,289,322,312,3
90108,289,322,363,2
90109,289,322,380,4
90110,289,322,387,5
90111,289,322,388,4
90112,289,322,461,3.5
90113,289,322,472,4
90114,289,322,514,4
90115,289,322,608,3
90116,288,321,36,5
90117,288,321,86,3
90118,288,321,312,2
90119,288,321,342,4
90120,288,321,514,3
90121,288,321,587,4.5
90122,288,321,667,4
90123,287,320,514,3
90124,287,320,564,3
90125,287,320,608,4
90126,287,320,609,1
90127,286,319,2,1
90128,286,319,23,4.5
90129,286,319,73,4
90130,286,319,86,5
90131,286,319,92,4
90132,286,319,134,4.5
90133,286,319,158,4
90134,286,319,177,4
90135,286,319,199,3.5
90136,286,319,214,5
90137,286,319,220,5
90138,286,319,241,5
90139,286,319,262,2.5
90140,286,319,274,4
90141,286,319,306,4
90142,286,319,321,5
90143,286,319,346,2
90144,286,319,391,3
90145,286,319,407,4
90146,286,319,408,5
90147,286,319,409,5
90148,286,319,457,3.5
90149,286,319,488,4.5
90150,286,319,514,5
90151,286,319,516,3
90152,286,319,534,3
90153,286,319,536,3
90154,286,319,538,5
90155,286,319,552,4
90156,286,319,564,5
90157,286,319,593,5
90158,286,319,602,2
90159,286,319,608,3
90160,286,319,618,4
90161,286,319,647,5
90162,286,319,649,4
90163,286,319,652,4
90164,286,319,654,4
90165,285,318,3,5
90166,285,318,7,5
90167,285,318,8,5
90168,285,318,9,4
90169,285,318,10,4
90170,285,318,13,4.5
90171,285,318,15,2
90172,285,318,16,4
90173,285,318,17,5
90174,285,318,19,4
90175,285,318,20,4.5
90176,285,318,23,5
90177,285,318,26,4
90178,285,318,30,5
90179,285,318,31,4
90180,285,318,36,4
90181,285,318,38,4.5
90182,285,318,42,5
90183,285,318,54,4.5
90184,285,318,56,4
90185,285,318,57,5
90186,285,318,59,2.5
90187,285,318,62,3.5
90188,285,318,63,5
90189,285,318,64,5
90190,285,318,67,5
90191,285,318,68,4
90192,285,318,69,5
90193,285,318,72,4
90194,285,318,73,5
90195,285,318,75,4
90196,285,318,77,4
90197,285,318,78,5
90198,285,318,81,3
90199,285,318,82,5
90200,285,318,85,5
90201,285,318,86,5
90202,285,318,88,4
90203,285,318,89,5
90204,285,318,91,5
90205,285,318,92,5
90206,285,318,94,5
90207,285,318,96,2
90208,285,318,97,4.5
90209,285,318,99,5
90210,285,318,101,4
90211,285,318,102,3
90212,285,318,104,5
90213,285,318,105,3
90214,285,318,109,5
90215,285,318,110,3
90216,285,318,111,4
90217,285,318,115,5
90218,285,318,116,4.5
90219,285,318,117,5
90220,285,318,119,4
90221,285,318,121,5
90222,285,318,122,4
90223,285,318,124,3.5
90224,285,318,125,5
90225,285,318,126,4
90226,285,318,130,3.5
90227,285,318,133,2.5
90228,285,318,134,4
90229,285,318,136,4
90230,285,318,138,4.5
90231,285,318,139,3.5
90232,285,318,140,5
90233,285,318,141,5
90234,285,318,143,4.5
90235,285,318,146,4.5
90236,285,318,149,4.5
90237,285,318,150,5
90238,285,318,152,4
90239,285,318,159,5
90240,285,318,160,5
90241,285,318,161,5
90242,285,318,163,5
90243,285,318,164,4.5
90244,285,318,165,4
90245,285,318,168,5
90246,285,318,172,4
90247,285,318,178,5
90248,285,318,183,5
90249,285,318,184,5
90250,285,318,185,5
90251,285,318,187,5
90252,285,318,188,5
90253,285,318,191,5
90254,285,318,192,5
90255,285,318,193,4
90256,285,318,195,3
90257,285,318,199,4.5
90258,285,318,201,5
90259,285,318,202,5
90260,285,318,203,5
90261,285,318,212,4.5
90262,285,318,214,5
90263,285,318,216,5
90264,285,318,218,4
90265,285,318,219,5
90266,285,318,226,4
90267,285,318,230,4.5
90268,285,318,235,5
90269,285,318,237,4.5
90270,285,318,238,3.5
90271,285,318,240,4
90272,285,318,241,4
90273,285,318,242,5
90274,285,318,244,5
90275,285,318,250,5
90276,285,318,253,5
90277,285,318,254,4
90278,285,318,257,4
90279,285,318,261,5
90280,285,318,262,3
90281,285,318,263,4
90282,285,318,266,4
90283,285,318,267,5
90284,285,318,268,3.5
90285,285,318,271,3.5
90286,285,318,277,5
90287,285,318,279,5
90288,285,318,282,5
90289,285,318,283,4.5
90290,285,318,291,5
90291,285,318,292,5
90292,285,318,294,3
90293,285,318,295,4.5
90294,285,318,298,5
90295,285,318,303,4.5
90296,285,318,304,5
90297,285,318,305,3
90298,285,318,306,5
90299,285,318,307,5
90300,285,318,309,4.5
90301,285,318,311,4.5
90302,285,318,312,4
90303,285,318,313,5
90304,285,318,314,5
90305,285,318,317,4
90306,285,318,320,4
90307,285,318,323,4.5
90308,285,318,324,4
90309,285,318,328,4.5
90310,285,318,330,4
90311,285,318,333,5
90312,285,318,334,4
90313,285,318,338,4
90314,285,318,339,5
90315,285,318,340,5
90316,285,318,342,5
90317,285,318,344,5
90318,285,318,345,5
90319,285,318,346,1
90320,285,318,350,5
90321,285,318,352,5
90322,285,318,353,4
90323,285,318,354,5
90324,285,318,355,5
90325,285,318,358,5
90326,285,318,359,4
90327,285,318,362,5
90328,285,318,364,4.5
90329,285,318,369,5
90330,285,318,370,5
90331,285,318,371,5
90332,285,318,373,5
90333,285,318,376,4
90334,285,318,378,4
90335,285,318,379,5
90336,285,318,380,4
90337,285,318,382,3
90338,285,318,385,5
90339,285,318,387,5
90340,285,318,388,5
90341,285,318,389,5
90342,285,318,391,5
90343,285,318,394,3
90344,285,318,399,4
90345,285,318,400,5
90346,285,318,407,4
90347,285,318,409,5
90348,285,318,410,5
90349,285,318,411,5
90350,285,318,412,2
90351,285,318,421,5
90352,285,318,422,5
90353,285,318,423,4
90354,285,318,425,3
90355,285,318,426,3
90356,285,318,430,5
90357,285,318,431,5
90358,285,318,432,5
90359,285,318,433,4
90360,285,318,434,4
90361,285,318,438,5
90362,285,318,439,3
90363,285,318,440,5
90364,285,318,441,3.5
90365,285,318,442,4.5
90366,285,318,443,5
90367,285,318,445,5
90368,285,318,446,5
90369,285,318,447,4
90370,285,318,449,5
90371,285,318,450,4
90372,285,318,452,5
90373,285,318,454,4
90374,285,318,457,5
90375,285,318,458,5
90376,285,318,460,5
90377,285,318,461,5
90378,285,318,463,5
90379,285,318,466,5
90380,285,318,468,3.5
90381,285,318,470,3
90382,285,318,472,5
90383,285,318,478,5
90384,285,318,479,5
90385,285,318,480,5
90386,285,318,481,3.5
90387,285,318,483,5
90388,285,318,487,3
90389,285,318,494,4.5
90390,285,318,496,5
90391,285,318,500,4.5
90392,285,318,501,5
90393,285,318,502,5
90394,285,318,505,3.5
90395,285,318,508,5
90396,285,318,509,4
90397,285,318,510,4
90398,285,318,511,5
90399,285,318,512,5
90400,285,318,513,5
90401,285,318,514,5
90402,285,318,516,5
90403,285,318,518,5
90404,285,318,519,4.5
90405,285,318,520,5
90406,285,318,521,4.5
90407,285,318,523,5
90408,285,318,529,4.5
90409,285,318,533,4
90410,285,318,534,5
90411,285,318,535,4
90412,285,318,536,5
90413,285,318,537,5
90414,285,318,538,5
90415,285,318,539,4
90416,285,318,540,5
90417,285,318,546,5
90418,285,318,547,5
90419,285,318,548,5
90420,285,318,549,3.5
90421,285,318,553,5
90422,285,318,555,5
90423,285,318,556,5
90424,285,318,559,5
90425,285,318,560,5
90426,285,318,562,5
90427,285,318,566,5
90428,285,318,567,5
90429,285,318,568,5
90430,285,318,569,5
90431,285,318,572,4.5
90432,285,318,574,5
90433,285,318,575,4
90434,285,318,577,4.5
90435,285,318,578,3
90436,285,318,580,4
90437,285,318,583,5
90438,285,318,584,5
90439,285,318,585,4
90440,285,318,586,4
90441,285,318,587,4.5
90442,285,318,588,5
90443,285,318,590,5
90444,285,318,595,4
90445,285,318,596,5
90446,285,318,598,5
90447,285,318,602,5
90448,285,318,607,5
90449,285,318,613,4
90450,285,318,619,5
90451,285,318,622,5
90452,285,318,623,4.5
90453,285,318,627,4.5
90454,285,318,631,5
90455,285,318,632,4.5
90456,285,318,633,4
90457,285,318,634,5
90458,285,318,635,3
90459,285,318,637,5
90460,285,318,639,5
90461,285,318,641,5
90462,285,318,643,5
90463,285,318,648,4.5
90464,285,318,651,4
90465,285,318,654,5
90466,285,318,657,3
90467,285,318,658,4
90468,285,318,659,3
90469,285,318,661,5
90470,285,318,662,5
90471,285,318,664,4.5
90472,285,318,665,5
90473,285,318,668,4
90474,285,318,670,5
90475,285,318,671,5
90476,284,317,2,2
90477,284,317,15,1
90478,284,317,30,4
90479,284,317,32,3
90480,284,317,61,3.5
90481,284,317,68,3
90482,284,317,85,4
90483,284,317,92,2
90484,284,317,126,3
90485,284,317,128,5
90486,284,317,134,2.5
90487,284,317,145,5
90488,284,317,151,3
90489,284,317,161,3
90490,284,317,164,1
90491,284,317,165,2.5
90492,284,317,182,4
90493,284,317,185,4
90494,284,317,187,4
90495,284,317,188,3
90496,284,317,194,3
90497,284,317,210,2.5
90498,284,317,212,3
90499,284,317,213,2
90500,284,317,219,3
90501,284,317,232,1
90502,284,317,239,3
90503,284,317,241,2
90504,284,317,247,3
90505,284,317,268,3.5
90506,284,317,279,2
90507,284,317,285,4
90508,284,317,294,3.5
90509,284,317,311,2.5
90510,284,317,353,1.5
90511,284,317,358,2
90512,284,317,369,3
90513,284,317,382,3
90514,284,317,385,3
90515,284,317,396,3
90516,284,317,400,3
90517,284,317,421,2
90518,284,317,447,3
90519,284,317,449,3
90520,284,317,453,3
90521,284,317,457,1
90522,284,317,461,2
90523,284,317,464,2
90524,284,317,468,3
90525,284,317,496,3
90526,284,317,500,3
90527,284,317,514,3
90528,284,317,516,3
90529,284,317,517,5
90530,284,317,518,4
90531,284,317,536,4
90532,284,317,561,3
90533,284,317,562,3
90534,284,317,564,3
90535,284,317,575,3
90536,284,317,580,1.5
90537,284,317,590,4
90538,284,317,603,2
90539,284,317,607,2
90540,284,317,641,3
90541,284,317,646,4
90542,284,317,649,3
90543,284,317,654,4
90544,284,317,662,4
90545,284,317,665,5
90546,283,316,7,2
90547,283,316,15,3
90548,283,316,19,3
90549,283,316,20,3.5
90550,283,316,21,3
90551,283,316,23,3.5
90552,283,316,24,3
90553,283,316,26,0.5
90554,283,316,32,3
90555,283,316,34,4
90556,283,316,39,4
90557,283,316,41,3.5
90558,283,316,47,5
90559,283,316,50,3
90560,283,316,67,3
90561,283,316,73,3
90562,283,316,75,2
90563,283,316,77,4
90564,283,316,78,4
90565,283,316,82,2
90566,283,316,85,5
90567,283,316,86,3
90568,283,316,88,2.5
90569,283,316,89,4
90570,283,316,92,1
90571,283,316,94,2.5
90572,283,316,99,1
90573,283,316,105,3
90574,283,316,116,4
90575,283,316,119,3
90576,283,316,121,3
90577,283,316,122,4
90578,283,316,126,3
90579,283,316,130,2
90580,283,316,134,4.5
90581,283,316,144,3
90582,283,316,145,5
90583,283,316,150,4
90584,283,316,151,5
90585,283,316,152,4
90586,283,316,157,3
90587,283,316,161,3
90588,283,316,177,4
90589,283,316,182,3
90590,283,316,185,4
90591,283,316,188,2
90592,283,316,192,3
90593,283,316,194,4
90594,283,316,197,3
90595,283,316,199,4
90596,283,316,201,4
90597,283,316,213,4.5
90598,283,316,225,4
90599,283,316,232,4
90600,283,316,237,2
90601,283,316,241,3
90602,283,316,242,4
90603,283,316,243,3
90604,283,316,247,4
90605,283,316,248,4
90606,283,316,254,3
90607,283,316,261,4.5
90608,283,316,279,3
90609,283,316,285,3
90610,283,316,287,5
90611,283,316,288,5
90612,283,316,290,5
90613,283,316,295,4.5
90614,283,316,302,3
90615,283,316,306,3
90616,283,316,311,2.5
90617,283,316,312,2
90618,283,316,317,5
90619,283,316,319,4
90620,283,316,328,3.5
90621,283,316,344,3
90622,283,316,346,3
90623,283,316,352,3
90624,283,316,353,3
90625,283,316,354,3
90626,283,316,355,4
90627,283,316,363,2
90628,283,316,369,3
90629,283,316,375,3
90630,283,316,380,4
90631,283,316,385,3
90632,283,316,389,4
90633,283,316,390,4
90634,283,316,394,3
90635,283,316,396,4
90636,283,316,400,3
90637,283,316,410,4.5
90638,283,316,415,5
90639,283,316,421,5
90640,283,316,430,4
90641,283,316,439,4
90642,283,316,440,4
90643,283,316,463,4
90644,283,316,466,2
90645,283,316,468,2
90646,283,316,473,0.5
90647,283,316,474,4
90648,283,316,475,3
90649,283,316,487,4
90650,283,316,495,3
90651,283,316,496,5
90652,283,316,508,4
90653,283,316,514,3
90654,283,316,516,3
90655,283,316,517,4
90656,283,316,518,4
90657,283,316,531,2
90658,283,316,533,5
90659,283,316,535,2
90660,283,316,536,4
90661,283,316,538,2
90662,283,316,548,3
90663,283,316,551,4
90664,283,316,555,3
90665,283,316,556,5
90666,283,316,559,5
90667,283,316,568,5
90668,283,316,574,2.5
90669,283,316,575,2
90670,283,316,577,3.5
90671,283,316,580,2.5
90672,283,316,588,3
90673,283,316,589,4
90674,283,316,590,3
90675,283,316,593,3
90676,283,316,596,3.5
90677,283,316,602,1
90678,283,316,603,4
90679,283,316,607,3.5
90680,283,316,619,3
90681,283,316,624,3
90682,283,316,633,2
90683,283,316,645,4
90684,283,316,646,4
90685,283,316,649,1
90686,283,316,652,5
90687,283,316,654,4
90688,283,316,655,4
90689,283,316,659,3
90690,283,316,662,2
90691,282,315,22,3
90692,282,315,36,5
90693,282,315,39,4
90694,282,315,47,4
90695,282,315,50,3
90696,282,315,63,1
90697,282,315,85,4
90698,282,315,92,2
90699,282,315,101,2
90700,282,315,110,5
90701,282,315,121,5
90702,282,315,130,3.5
90703,282,315,144,3
90704,282,315,151,2
90705,282,315,161,3
90706,282,315,212,3
90707,282,315,217,1
90708,282,315,221,1
90709,282,315,261,3.5
90710,282,315,288,3
90711,282,315,291,2
90712,282,315,295,3.5
90713,282,315,302,3
90714,282,315,311,3
90715,282,315,323,3.5
90716,282,315,332,3.5
90717,282,315,353,2
90718,282,315,384,2.5
90719,282,315,385,4
90720,282,315,390,3
90721,282,315,405,3.5
90722,282,315,416,2
90723,282,315,421,1
90724,282,315,447,3
90725,282,315,461,1.5
90726,282,315,496,4
90727,282,315,516,3
90728,282,315,534,4
90729,282,315,536,4
90730,282,315,548,3
90731,282,315,564,1
90732,282,315,589,3
90733,282,315,590,3
90734,282,315,619,1
90735,281,314,2,4
90736,281,314,67,5
90737,281,314,86,3
90738,281,314,102,2
90739,281,314,190,5
90740,281,314,211,5
90741,281,314,224,4
90742,281,314,232,5
90743,281,314,311,1
90744,281,314,326,5
90745,281,314,408,5
90746,281,314,422,5
90747,281,314,514,4
90748,281,314,537,5
90749,281,314,564,2
90750,281,314,658,4
90751,281,314,659,3
90752,280,313,128,4
90753,280,313,182,4
90754,280,313,213,3
90755,280,313,294,4
90756,280,313,530,2
90757,280,313,564,1
90758,280,313,595,1
90759,279,312,36,3
90760,279,312,188,4
90761,279,312,306,3
90762,279,312,452,3
90763,279,312,564,5
90764,278,309,408,5
90765,278,309,409,5
90766,278,309,614,5
90767,277,308,15,4
90768,277,308,19,5
90769,277,308,36,5
90770,277,308,81,3.5
90771,277,308,86,5
90772,277,308,175,3
90773,277,308,220,4
90774,277,308,224,4
90775,277,308,266,3
90776,277,308,342,5
90777,277,308,386,4
90778,277,308,409,5
90779,277,308,452,5
90780,277,308,492,4
90781,277,308,497,5
90782,277,308,509,4
90783,277,308,529,4
90784,277,308,547,3
90785,277,308,548,3
90786,277,308,555,5
90787,277,308,659,4
90788,277,308,667,4
90789,276,307,15,4
90790,276,307,17,3.5
90791,276,307,19,5
90792,276,307,23,2.5
90793,276,307,36,5
90794,276,307,86,5
90795,276,307,121,5
90796,276,307,131,5
90797,276,307,153,5
90798,276,307,220,4
90799,276,307,224,4
90800,276,307,254,4
90801,276,307,262,3
90802,276,307,266,3
90803,276,307,305,4
90804,276,307,359,4.5
90805,276,307,386,3
90806,276,307,409,5
90807,276,307,452,5
90808,276,307,481,5
90809,276,307,492,5
90810,276,307,509,4
90811,276,307,529,4
90812,276,307,547,3
90813,276,307,548,3
90814,276,307,555,4
90815,276,307,593,4
90816,276,307,608,4
90817,276,307,649,4
90818,276,307,659,4
90819,276,307,667,5
90820,275,306,15,5
90821,275,306,19,5
90822,275,306,23,3.5
90823,275,306,36,5
90824,275,306,38,4.5
90825,275,306,81,4
90826,275,306,86,5
90827,275,306,131,5
90828,275,306,153,5
90829,275,306,220,4
90830,275,306,224,4
90831,275,306,262,3
90832,275,306,266,3
90833,275,306,305,4
90834,275,306,312,4
90835,275,306,342,5
90836,275,306,359,4.5
90837,275,306,364,0.5
90838,275,306,386,4
90839,275,306,409,5
90840,275,306,452,5
90841,275,306,492,5
90842,275,306,509,4
90843,275,306,529,4
90844,275,306,548,3
90845,275,306,555,5
90846,275,306,587,3.5
90847,275,306,593,4
90848,275,306,608,5
90849,275,306,647,4
90850,275,306,659,4
90851,275,306,667,4
90852,274,305,86,3
90853,274,305,105,2
90854,274,305,110,4
90855,274,305,224,4
90856,274,305,294,3
90857,274,305,306,1
90858,274,305,452,3
90859,274,305,509,2
90860,274,305,516,3
90861,274,305,536,3
90862,274,305,552,2
90863,274,305,555,3
90864,273,304,487,4
90865,273,304,496,4
90866,273,304,564,2
90867,272,303,49,3
90868,272,303,76,3
90869,272,303,89,4
90870,272,303,102,4
90871,272,303,110,3
90872,272,303,121,5
90873,272,303,130,3.5
90874,272,303,195,2
90875,272,303,253,1.5
90876,272,303,311,3
90877,272,303,384,3
90878,272,303,390,3
90879,272,303,396,3
90880,272,303,453,4
90881,272,303,461,4
90882,272,303,509,3
90883,272,303,516,3
90884,272,303,524,3
90885,272,303,534,3
90886,272,303,536,3
90887,272,303,564,3
90888,272,303,575,3
90889,272,303,607,3.5
90890,272,303,624,3
90891,271,302,86,3
90892,271,302,224,4
90893,271,302,391,4
90894,271,302,396,4
90895,271,302,514,3
90896,271,302,564,4
90897,271,302,608,4
90898,270,301,330,5
90899,269,300,2,3
90900,269,300,15,4
90901,269,300,19,3
90902,269,300,23,4
90903,269,300,30,5
90904,269,300,32,3
90905,269,300,36,4
90906,269,300,47,3
90907,269,300,59,4.5
90908,269,300,73,4
90909,269,300,82,4
90910,269,300,86,4
90911,269,300,92,4
90912,269,300,102,4
90913,269,300,105,3
90914,269,300,111,3.5
90915,269,300,121,4
90916,269,300,122,3
90917,269,300,130,3.5
90918,269,300,134,4
90919,269,300,145,1
90920,269,300,151,3
90921,269,300,161,4
90922,269,300,168,4
90923,269,300,172,4
90924,269,300,182,3
90925,269,300,184,4
90926,269,300,191,4
90927,269,300,212,2.5
90928,269,300,242,4
90929,269,300,266,5
90930,269,300,294,3.5
90931,269,300,304,4.5
90932,269,300,306,4
90933,269,300,311,3.5
90934,269,300,328,3
90935,269,300,330,3
90936,269,300,338,3
90937,269,300,342,4
90938,269,300,380,4
90939,269,300,385,4
90940,269,300,387,4
90941,269,300,388,4
90942,269,300,391,4
90943,269,300,399,4
90944,269,300,400,3
90945,269,300,407,5
90946,269,300,416,3
90947,269,300,421,3
90948,269,300,422,4
90949,269,300,433,4
90950,269,300,434,5
90951,269,300,447,3
90952,269,300,449,5
90953,269,300,452,4
90954,269,300,460,1.5
90955,269,300,461,3
90956,269,300,468,2
90957,269,300,472,3
90958,269,300,487,4
90959,269,300,508,5
90960,269,300,509,4
90961,269,300,511,5
90962,269,300,514,3
90963,269,300,529,4.5
90964,269,300,535,3
90965,269,300,536,4
90966,269,300,537,4
90967,269,300,538,5
90968,269,300,545,5
90969,269,300,547,4.5
90970,269,300,548,3
90971,269,300,555,3
90972,269,300,559,4
90973,269,300,562,4
90974,269,300,565,3
90975,269,300,568,4
90976,269,300,588,4
90977,269,300,596,3.5
90978,269,300,602,5
90979,269,300,603,3
90980,269,300,608,4
90981,269,300,619,3
90982,269,300,624,4
90983,269,300,639,4
90984,269,300,641,4
90985,269,300,647,5
90986,269,300,659,5
90987,269,300,662,3
90988,269,300,667,4
90989,268,299,86,5
90990,268,299,189,4
90991,268,299,224,4
90992,268,299,306,4
90993,268,299,344,5
90994,268,299,348,5
90995,268,299,386,4
90996,268,299,391,3
90997,268,299,434,1
90998,268,299,472,3
90999,268,299,491,2
91000,268,299,509,3
91001,268,299,514,4
91002,268,299,564,5
91003,268,299,639,4
91004,268,299,652,4
91005,267,296,2,4
91006,267,296,3,4.5
91007,267,296,4,5
91008,267,296,8,4
91009,267,296,11,5
91010,267,296,13,3.5
91011,267,296,15,5
91012,267,296,17,5
91013,267,296,19,5
91014,267,296,20,0.5
91015,267,296,21,3
91016,267,296,22,5
91017,267,296,23,4.5
91018,267,296,24,5
91019,267,296,26,3.5
91020,267,296,27,4
91021,267,296,30,5
91022,267,296,31,4.5
91023,267,296,32,2
91024,267,296,34,5
91025,267,296,36,4
91026,267,296,38,5
91027,267,296,39,5
91028,267,296,42,5
91029,267,296,47,4
91030,267,296,48,4.5
91031,267,296,50,4
91032,267,296,56,4
91033,267,296,59,4
91034,267,296,64,5
91035,267,296,67,5
91036,267,296,69,3.5
91037,267,296,72,4
91038,267,296,73,5
91039,267,296,77,3.5
91040,267,296,78,4.5
91041,267,296,82,5
91042,267,296,84,4
91043,267,296,85,5
91044,267,296,86,5
91045,267,296,88,3.5
91046,267,296,89,5
91047,267,296,92,4
91048,267,296,94,4
91049,267,296,95,5
91050,267,296,97,4
91051,267,296,98,4.5
91052,267,296,99,3
91053,267,296,102,4
91054,267,296,104,4
91055,267,296,105,4
91056,267,296,107,5
91057,267,296,108,3
91058,267,296,109,4.5
91059,267,296,110,5
91060,267,296,111,4.5
91061,267,296,112,5
91062,267,296,116,5
91063,267,296,118,5
91064,267,296,119,5
91065,267,296,120,3.5
91066,267,296,121,5
91067,267,296,122,1
91068,267,296,124,3
91069,267,296,125,5
91070,267,296,132,4.5
91071,267,296,133,4
91072,267,296,134,4.5
91073,267,296,137,5
91074,267,296,138,4.5
91075,267,296,142,2
91076,267,296,143,4
91077,267,296,144,5
91078,267,296,145,3
91079,267,296,147,5
91080,267,296,149,4
91081,267,296,150,4.5
91082,267,296,151,5
91083,267,296,152,4.5
91084,267,296,153,5
91085,267,296,157,4
91086,267,296,159,4.5
91087,267,296,161,3
91088,267,296,163,3
91089,267,296,164,4.5
91090,267,296,165,3.5
91091,267,296,168,4
91092,267,296,171,5
91093,267,296,172,5
91094,267,296,175,5
91095,267,296,176,4
91096,267,296,178,5
91097,267,296,181,5
91098,267,296,183,5
91099,267,296,184,5
91100,267,296,185,3
91101,267,296,187,4.5
91102,267,296,188,5
91103,267,296,191,5
91104,267,296,193,3
91105,267,296,194,3
91106,267,296,195,3
91107,267,296,199,5
91108,267,296,200,4
91109,267,296,201,5
91110,267,296,202,4
91111,267,296,207,5
91112,267,296,208,4.5
91113,267,296,212,4
91114,267,296,214,4
91115,267,296,219,4
91116,267,296,220,5
91117,267,296,224,5
91118,267,296,225,3
91119,267,296,231,5
91120,267,296,232,5
91121,267,296,235,4.5
91122,267,296,236,3
91123,267,296,237,4.5
91124,267,296,240,3.5
91125,267,296,241,4
91126,267,296,242,5
91127,267,296,243,4.5
91128,267,296,245,2
91129,267,296,247,3
91130,267,296,251,4
91131,267,296,253,4
91132,267,296,254,3
91133,267,296,257,5
91134,267,296,262,4
91135,267,296,263,3
91136,267,296,266,3
91137,267,296,267,5
91138,267,296,268,5
91139,267,296,270,4.5
91140,267,296,271,4.5
91141,267,296,273,4.5
91142,267,296,274,4
91143,267,296,278,4
91144,267,296,279,2
91145,267,296,281,4.5
91146,267,296,282,3.5
91147,267,296,283,4.5
91148,267,296,285,4
91149,267,296,288,5
91150,267,296,292,5
91151,267,296,295,4
91152,267,296,297,4.5
91153,267,296,299,3
91154,267,296,303,4
91155,267,296,304,5
91156,267,296,305,3
91157,267,296,306,4
91158,267,296,307,5
91159,267,296,309,4.5
91160,267,296,311,3
91161,267,296,312,5
91162,267,296,317,1
91163,267,296,320,4.5
91164,267,296,321,5
91165,267,296,327,5
91166,267,296,334,5
91167,267,296,338,3
91168,267,296,340,3.5
91169,267,296,342,3
91170,267,296,344,4
91171,267,296,345,5
91172,267,296,348,3
91173,267,296,352,4
91174,267,296,353,3.5
91175,267,296,355,4.5
91176,267,296,358,5
91177,267,296,362,4.5
91178,267,296,369,4
91179,267,296,371,4.5
91180,267,296,373,5
91181,267,296,375,4
91182,267,296,378,4.5
91183,267,296,379,4.5
91184,267,296,380,5
91185,267,296,383,5
91186,267,296,384,4.5
91187,267,296,385,5
91188,267,296,388,5
91189,267,296,390,5
91190,267,296,394,4.5
91191,267,296,399,5
91192,267,296,400,5
91193,267,296,403,3
91194,267,296,407,5
91195,267,296,408,4
91196,267,296,409,5
91197,267,296,410,1
91198,267,296,412,3
91199,267,296,415,3
91200,267,296,416,3
91201,267,296,422,5
91202,267,296,423,4.5
91203,267,296,428,5
91204,267,296,430,4.5
91205,267,296,432,5
91206,267,296,433,5
91207,267,296,434,5
91208,267,296,437,5
91209,267,296,438,5
91210,267,296,440,3
91211,267,296,441,4.5
91212,267,296,442,4.5
91213,267,296,445,4.5
91214,267,296,447,3
91215,267,296,449,5
91216,267,296,450,5
91217,267,296,452,5
91218,267,296,454,5
91219,267,296,455,4
91220,267,296,457,5
91221,267,296,458,4
91222,267,296,460,4
91223,267,296,461,4.5
91224,267,296,463,3
91225,267,296,464,5
91226,267,296,466,4
91227,267,296,468,3.5
91228,267,296,470,3
91229,267,296,472,5
91230,267,296,475,5
91231,267,296,478,5
91232,267,296,480,4
91233,267,296,481,5
91234,267,296,487,4
91235,267,296,494,4
91236,267,296,501,5
91237,267,296,502,5
91238,267,296,505,3
91239,267,296,506,3
91240,267,296,508,5
91241,267,296,509,5
91242,267,296,510,4
91243,267,296,511,5
91244,267,296,513,5
91245,267,296,514,5
91246,267,296,516,5
91247,267,296,518,5
91248,267,296,519,4.5
91249,267,296,520,4
91250,267,296,522,4
91251,267,296,523,3.5
91252,267,296,524,3
91253,267,296,527,3
91254,267,296,528,3.5
91255,267,296,534,4
91256,267,296,535,3
91257,267,296,536,5
91258,267,296,537,4
91259,267,296,538,3
91260,267,296,539,4
91261,267,296,544,4.5
91262,267,296,545,5
91263,267,296,547,5
91264,267,296,548,4
91265,267,296,550,5
91266,267,296,552,5
91267,267,296,555,4
91268,267,296,556,3
91269,267,296,560,4
91270,267,296,561,4.5
91271,267,296,562,5
91272,267,296,563,5
91273,267,296,564,5
91274,267,296,568,4
91275,267,296,570,5
91276,267,296,572,4
91277,267,296,574,5
91278,267,296,577,5
91279,267,296,580,4.5
91280,267,296,583,5
91281,267,296,584,4
91282,267,296,585,5
91283,267,296,586,5
91284,267,296,587,3.5
91285,267,296,588,5
91286,267,296,589,3
91287,267,296,590,4
91288,267,296,593,5
91289,267,296,594,5
91290,267,296,595,5
91291,267,296,596,5
91292,267,296,598,5
91293,267,296,602,5
91294,267,296,603,5
91295,267,296,606,5
91296,267,296,607,5
91297,267,296,608,5
91298,267,296,609,1
91299,267,296,614,5
91300,267,296,615,5
91301,267,296,617,3
91302,267,296,619,5
91303,267,296,620,4
91304,267,296,621,4.5
91305,267,296,623,5
91306,267,296,624,5
91307,267,296,627,3.5
91308,267,296,629,3
91309,267,296,632,5
91310,267,296,633,3
91311,267,296,635,3.5
91312,267,296,639,4
91313,267,296,641,3
91314,267,296,647,5
91315,267,296,648,5
91316,267,296,649,5
91317,267,296,654,5
91318,267,296,655,4
91319,267,296,657,5
91320,267,296,658,3
91321,267,296,659,3
91322,267,296,662,3
91323,267,296,664,5
91324,267,296,665,4
91325,267,296,666,4
91326,267,296,667,5
91327,267,296,668,5
91328,267,296,671,4
91329,266,295,197,2
91330,266,295,396,3
91331,266,295,536,3
91332,266,295,564,4
91333,265,294,67,3
91334,265,294,536,4
91335,265,294,659,3
91336,264,293,6,5
91337,264,293,15,5
91338,264,293,17,4
91339,264,293,19,4
91340,264,293,23,4
91341,264,293,34,4
91342,264,293,36,5
91343,264,293,38,4.5
91344,264,293,39,4
91345,264,293,48,5
91346,264,293,56,4
91347,264,293,57,5
91348,264,293,67,4
91349,264,293,73,5
91350,264,293,77,4
91351,264,293,85,5
91352,264,293,87,5
91353,264,293,92,4
91354,264,293,97,2
91355,264,293,103,4.5
91356,264,293,104,4.5
91357,264,293,105,4
91358,264,293,107,3
91359,264,293,121,5
91360,264,293,124,4.5
91361,264,293,125,4.5
91362,264,293,130,4
91363,264,293,134,5
91364,264,293,149,4.5
91365,264,293,152,4
91366,264,293,157,4.5
91367,264,293,161,3
91368,264,293,164,4
91369,264,293,165,5
91370,264,293,166,4.5
91371,264,293,177,5
91372,264,293,178,3.5
91373,264,293,184,5
91374,264,293,199,4.5
91375,264,293,200,4.5
91376,264,293,201,5
91377,264,293,213,3
91378,264,293,214,3
91379,264,293,216,4
91380,264,293,220,5
91381,264,293,230,5
91382,264,293,247,4
91383,264,293,262,4
91384,264,293,268,4
91385,264,293,274,4
91386,264,293,275,5
91387,264,293,285,5
91388,264,293,290,5
91389,264,293,295,4.5
91390,264,293,307,3.5
91391,264,293,311,2
91392,264,293,321,4
91393,264,293,330,5
91394,264,293,339,5
91395,264,293,340,4
91396,264,293,344,4
91397,264,293,345,3
91398,264,293,348,4
91399,264,293,353,3.5
91400,264,293,355,4.5
91401,264,293,362,5
91402,264,293,364,0.5
91403,264,293,371,4
91404,264,293,378,4
91405,264,293,380,4
91406,264,293,385,4
91407,264,293,388,2
91408,264,293,421,1
91409,264,293,423,3
91410,264,293,425,3.5
91411,264,293,426,4.5
91412,264,293,430,5
91413,264,293,432,5
91414,264,293,433,3.5
91415,264,293,440,5
91416,264,293,443,5
91417,264,293,447,3
91418,264,293,452,3
91419,264,293,454,5
91420,264,293,457,5
91421,264,293,460,4
91422,264,293,461,4
91423,264,293,463,4
91424,264,293,468,3.5
91425,264,293,472,4
91426,264,293,478,3.5
91427,264,293,481,5
91428,264,293,483,4
91429,264,293,487,4
91430,264,293,488,4.5
91431,264,293,496,4
91432,264,293,509,3
91433,264,293,511,4
91434,264,293,514,4
91435,264,293,516,4
91436,264,293,522,3
91437,264,293,527,4.5
91438,264,293,534,3
91439,264,293,535,4
91440,264,293,536,4
91441,264,293,544,4.5
91442,264,293,548,4
91443,264,293,550,3
91444,264,293,553,4
91445,264,293,561,4
91446,264,293,562,4.5
91447,264,293,563,4
91448,264,293,568,4
91449,264,293,574,5
91450,264,293,580,3
91451,264,293,584,4
91452,264,293,590,4
91453,264,293,596,4
91454,264,293,597,4
91455,264,293,607,4.5
91456,264,293,608,3
91457,264,293,615,4.5
91458,264,293,619,4
91459,264,293,627,3.5
91460,264,293,628,5
91461,264,293,629,1
91462,264,293,647,5
91463,264,293,648,4.5
91464,264,293,649,4
91465,264,293,652,4
91466,264,293,654,4.5
91467,264,293,664,4.5
91468,263,292,2,3
91469,263,292,15,1
91470,263,292,19,4
91471,263,292,23,2.5
91472,263,292,32,5
91473,263,292,47,5
91474,263,292,50,4
91475,263,292,56,2
91476,263,292,59,1
91477,263,292,73,3
91478,263,292,77,2.5
91479,263,292,82,3
91480,263,292,85,4
91481,263,292,86,3
91482,263,292,92,3
91483,263,292,94,3.5
91484,263,292,105,3.5
91485,263,292,110,4
91486,263,292,111,3.5
91487,263,292,114,4
91488,263,292,119,3
91489,263,292,120,3
91490,263,292,122,3
91491,263,292,126,4
91492,263,292,128,4
91493,263,292,134,4.5
91494,263,292,144,3
91495,263,292,145,4
91496,263,292,150,3
91497,263,292,151,4
91498,263,292,161,4
91499,263,292,165,3
91500,263,292,168,3
91501,263,292,177,4
91502,263,292,182,4
91503,263,292,188,3
91504,263,292,191,2
91505,263,292,194,3
91506,263,292,199,4
91507,263,292,212,3.5
91508,263,292,213,4
91509,263,292,214,3
91510,263,292,235,5
91511,263,292,237,3.5
91512,263,292,247,4
91513,263,292,254,3
91514,263,292,266,3
91515,263,292,279,5
91516,263,292,285,2
91517,263,292,288,3
91518,263,292,292,4.5
91519,263,292,294,3
91520,263,292,295,3
91521,263,292,306,3
91522,263,292,311,0.5
91523,263,292,312,3
91524,263,292,317,3
91525,263,292,338,3
91526,263,292,344,3
91527,263,292,353,1
91528,263,292,355,3.5
91529,263,292,369,3
91530,263,292,385,3
91531,263,292,388,1
91532,263,292,389,4
91533,263,292,396,4
91534,263,292,400,3
91535,263,292,409,2
91536,263,292,415,5
91537,263,292,421,3
91538,263,292,430,5
91539,263,292,452,2
91540,263,292,457,2
91541,263,292,463,3
91542,263,292,471,3
91543,263,292,495,5
91544,263,292,496,5
91545,263,292,513,3
91546,263,292,514,3
91547,263,292,516,4
91548,263,292,518,4
91549,263,292,520,2.5
91550,263,292,527,2
91551,263,292,533,4
91552,263,292,534,4
91553,263,292,535,3
91554,263,292,548,3
91555,263,292,556,5
91556,263,292,562,4
91557,263,292,564,1
91558,263,292,568,4
91559,263,292,580,3
91560,263,292,589,4
91561,263,292,590,4
91562,263,292,593,4
91563,263,292,596,3.5
91564,263,292,602,1
91565,263,292,607,3.5
91566,263,292,627,3
91567,263,292,633,3
91568,263,292,639,3
91569,263,292,641,4
91570,263,292,654,4.5
91571,263,292,657,4
91572,263,292,659,3
91573,263,292,662,4
91574,263,292,664,3.5
91575,263,292,665,4
91576,263,292,666,3
91577,263,292,667,3
91578,262,291,85,1
91579,262,291,254,1
91580,262,291,408,2
91581,262,291,534,3
91582,262,291,536,3
91583,262,291,564,2
91584,261,290,86,5
91585,261,290,105,2.5
91586,261,290,187,3
91587,261,290,312,3
91588,261,290,344,5
91589,261,290,359,3.5
91590,261,290,407,4
91591,261,290,409,5
91592,261,290,472,4
91593,261,290,509,4
91594,261,290,510,3
91595,261,290,514,3
91596,261,290,558,4
91597,261,290,608,5
91598,261,290,609,5
91599,261,290,647,4
91600,260,289,4,4
91601,260,289,239,5
91602,260,289,294,4
91603,260,289,306,3
91604,260,289,311,3
91605,260,289,358,3
91606,260,289,381,5
91607,260,289,396,3
91608,260,289,461,2
91609,260,289,487,4
91610,260,289,518,4
91611,260,289,536,3
91612,260,289,547,1.5
91613,260,289,641,4
91614,259,288,15,2
91615,259,288,17,2
91616,259,288,19,5
91617,259,288,21,3
91618,259,288,30,1
91619,259,288,34,4
91620,259,288,36,4
91621,259,288,39,4
91622,259,288,47,4
91623,259,288,48,3.5
91624,259,288,67,4
91625,259,288,73,3.5
91626,259,288,77,3.5
91627,259,288,82,3
91628,259,288,85,4
91629,259,288,86,3
91630,259,288,88,3
91631,259,288,92,3
91632,259,288,105,3.5
91633,259,288,108,3
91634,259,288,114,3
91635,259,288,119,4
91636,259,288,123,5
91637,259,288,130,1
91638,259,288,144,3
91639,259,288,150,3
91640,259,288,151,4
91641,259,288,152,2
91642,259,288,168,3
91643,259,288,177,3
91644,259,288,184,4
91645,259,288,188,4
91646,259,288,189,5
91647,259,288,195,3
91648,259,288,214,3
91649,259,288,224,5
91650,259,288,247,2
91651,259,288,254,3
91652,259,288,259,2
91653,259,288,262,4
91654,259,288,268,3
91655,259,288,283,3.5
91656,259,288,285,5
91657,259,288,288,5
91658,259,288,299,5
91659,259,288,303,3.5
91660,259,288,306,3
91661,259,288,308,3
91662,259,288,312,1
91663,259,288,313,2.5
91664,259,288,327,3
91665,259,288,344,3
91666,259,288,354,3
91667,259,288,362,4
91668,259,288,369,3
91669,259,288,370,4
91670,259,288,375,4
91671,259,288,383,3
91672,259,288,384,4.5
91673,259,288,385,4
91674,259,288,388,1
91675,259,288,394,3.5
91676,259,288,400,3
91677,259,288,414,2
91678,259,288,416,3
91679,259,288,440,3
91680,259,288,442,4.5
91681,259,288,447,2
91682,259,288,452,4
91683,259,288,457,3
91684,259,288,458,2.5
91685,259,288,461,2.5
91686,259,288,463,2
91687,259,288,468,2
91688,259,288,472,3
91689,259,288,481,4
91690,259,288,487,3
91691,259,288,508,4
91692,259,288,509,2.5
91693,259,288,511,3
91694,259,288,514,5
91695,259,288,518,4
91696,259,288,519,4.5
91697,259,288,534,3
91698,259,288,535,3
91699,259,288,536,2
91700,259,288,538,3
91701,259,288,547,4
91702,259,288,548,3
91703,259,288,562,4
91704,259,288,564,3
91705,259,288,568,4
91706,259,288,580,4.5
91707,259,288,588,3
91708,259,288,590,4
91709,259,288,593,5
91710,259,288,596,4.5
91711,259,288,602,3
91712,259,288,607,4
91713,259,288,619,3
91714,259,288,624,3
91715,259,288,627,3.5
91716,259,288,639,3
91717,259,288,648,4.5
91718,259,288,649,5
91719,259,288,662,1
91720,259,288,664,4
91721,258,287,86,3
91722,258,287,168,3
91723,258,287,254,4
91724,258,287,534,2
91725,258,287,564,4
91726,257,285,39,4
91727,256,283,19,3
91728,255,282,8,2
91729,255,282,30,5
91730,255,282,36,3
91731,255,282,50,3
91732,255,282,67,5
91733,255,282,85,1
91734,255,282,86,3
91735,255,282,110,4
91736,255,282,121,4
91737,255,282,144,2
91738,255,282,182,3
91739,255,282,188,4
91740,255,282,217,1
91741,255,282,220,4
91742,255,282,232,4
91743,255,282,240,3
91744,255,282,266,4
91745,255,282,279,3
91746,255,282,303,3.5
91747,255,282,306,3
91748,255,282,311,2
91749,255,282,338,3
91750,255,282,369,4
91751,255,282,385,4
91752,255,282,416,3
91753,255,282,447,4
91754,255,282,461,1
91755,255,282,489,3
91756,255,282,496,4
91757,255,282,511,4
91758,255,282,518,4
91759,255,282,537,4
91760,255,282,562,3
91761,255,282,564,4
91762,255,282,575,3
91763,255,282,580,2.5
91764,255,282,596,3
91765,255,282,602,3
91766,255,282,607,3.5
91767,255,282,639,4
91768,255,282,641,4
91769,255,282,649,3
91770,255,282,659,3
91771,255,282,662,4
91772,254,281,19,3
91773,254,281,30,4
91774,254,281,117,4
91775,254,281,121,5
91776,254,281,195,3
91777,254,281,265,5
91778,254,281,311,1.5
91779,254,281,434,5
91780,254,281,452,3
91781,254,281,460,4.5
91782,254,281,496,5
91783,254,281,509,5
91784,254,281,510,3
91785,254,281,533,3
91786,254,281,536,4
91787,254,281,537,4
91788,254,281,547,3.5
91789,254,281,659,4
91790,253,280,67,5
91791,253,280,102,4
91792,253,280,110,4
91793,253,280,128,5
91794,253,280,160,5
91795,253,280,165,3.5
91796,253,280,184,4
91797,253,280,242,4
91798,253,280,306,3
91799,253,280,308,5
91800,253,280,311,3
91801,253,280,391,4
91802,253,280,409,5
91803,253,280,434,4
91804,253,280,452,3
91805,253,280,487,5
91806,253,280,496,4
91807,253,280,511,5
91808,253,280,534,4
91809,253,280,537,4
91810,253,280,602,3
91811,253,280,639,4
91812,252,279,67,5
91813,252,279,396,2
91814,252,279,452,4
91815,252,279,547,0.5
91816,251,278,306,2
91817,251,278,452,2
91818,251,278,516,3
91819,251,278,536,3
91820,251,278,564,5
91821,250,277,5,4.5
91822,250,277,13,4
91823,250,277,36,3
91824,250,277,67,4
91825,250,277,85,2
91826,250,277,161,3
91827,250,277,182,5
91828,250,277,188,3
91829,250,277,192,4
91830,250,277,193,4
91831,250,277,292,4
91832,250,277,311,3
91833,250,277,325,1.5
91834,250,277,351,4
91835,250,277,357,3
91836,250,277,385,2
91837,250,277,391,1
91838,250,277,394,2.5
91839,250,277,405,4
91840,250,277,447,3
91841,250,277,468,3
91842,250,277,487,5
91843,250,277,496,4
91844,250,277,536,5
91845,250,277,537,4
91846,250,277,551,3
91847,250,277,564,3
91848,250,277,593,4
91849,250,277,603,4
91850,250,277,607,3.5
91851,250,277,621,1
91852,250,277,633,3
91853,250,277,639,4
91854,250,277,641,3
91855,250,277,645,3.5
91856,249,276,19,1
91857,249,276,110,4
91858,249,276,128,3
91859,249,276,165,2
91860,249,276,175,2
91861,249,276,182,5
91862,249,276,239,3
91863,249,276,288,4
91864,249,276,311,2
91865,249,276,358,2
91866,249,276,389,3
91867,249,276,396,3
91868,249,276,447,2
91869,249,276,518,3
91870,249,276,534,2
91871,249,276,536,3
91872,249,276,548,3
91873,249,276,575,3
91874,249,276,590,3
91875,249,276,619,3
91876,249,276,637,3
91877,249,276,665,4
91878,248,275,85,3
91879,248,275,232,1
91880,248,275,254,4
91881,248,275,396,3
91882,248,275,518,3
91883,247,274,169,2
91884,247,274,389,3
91885,247,274,396,3
91886,246,273,2,4
91887,246,273,21,3
91888,246,273,36,3
91889,246,273,39,3
91890,246,273,86,3
91891,246,273,92,3
91892,246,273,121,4
91893,246,273,128,2
91894,246,273,236,2
91895,246,273,243,3
91896,246,273,385,3
91897,246,273,396,3
91898,246,273,416,3
91899,246,273,440,3
91900,246,273,487,4
91901,246,273,509,3
91902,246,273,514,2
91903,246,273,515,2.5
91904,246,273,516,3
91905,246,273,518,5
91906,246,273,536,3
91907,246,273,537,3
91908,246,273,551,4
91909,246,273,555,3
91910,246,273,564,4
91911,246,273,593,3
91912,246,273,602,3
91913,245,272,2,3
91914,245,272,7,3
91915,245,272,30,4
91916,245,272,36,4
91917,245,272,67,5
91918,245,272,83,4.5
91919,245,272,86,4
91920,245,272,102,4
91921,245,272,105,3.5
91922,245,272,119,5
91923,245,272,122,4
91924,245,272,130,3.5
91925,245,272,187,2
91926,245,272,220,5
91927,245,272,224,4
91928,245,272,237,4.5
91929,245,272,357,4
91930,245,272,385,3
91931,245,272,388,4
91932,245,272,391,5
91933,245,272,396,3
91934,245,272,409,5
91935,245,272,434,4
91936,245,272,447,3
91937,245,272,452,3.5
91938,245,272,468,3
91939,245,272,509,4.5
91940,245,272,514,5
91941,245,272,537,5
91942,245,272,546,5
91943,245,272,547,4
91944,245,272,555,4
91945,245,272,587,4
91946,245,272,595,5
91947,245,272,602,4
91948,245,272,613,3
91949,245,272,649,4
91950,245,272,659,3
91951,245,272,667,5
91952,244,271,182,3
91953,244,271,452,2
91954,244,271,496,4
91955,244,271,564,5
91956,243,270,182,5
91957,243,270,294,4
91958,243,270,306,2
91959,243,270,311,2
91960,243,270,381,3
91961,243,270,487,4
91962,243,270,518,4
91963,243,270,536,4
91964,243,270,537,1
91965,242,269,19,3
91966,242,269,86,4
91967,242,269,168,4
91968,241,268,344,5
91969,241,268,409,4
91970,241,268,537,4
91971,241,268,602,4
91972,240,267,3,3
91973,240,267,22,2
91974,240,267,73,3
91975,240,267,91,3.5
91976,240,267,114,1
91977,240,267,140,3.5
91978,240,267,157,2.5
91979,240,267,308,5
91980,240,267,468,2
91981,240,267,516,3
91982,240,267,549,2
91983,240,267,563,3
91984,240,267,564,2
91985,239,266,2,5
91986,239,266,19,1
91987,239,266,21,3
91988,239,266,32,3
91989,239,266,47,3
91990,239,266,64,5
91991,239,266,67,3
91992,239,266,73,4
91993,239,266,82,4
91994,239,266,83,5
91995,239,266,86,3
91996,239,266,92,2
91997,239,266,93,3.5
91998,239,266,95,5
91999,239,266,110,3
92000,239,266,119,4
92001,239,266,124,3
92002,239,266,128,5
92003,239,266,130,2.5
92004,239,266,144,4
92005,239,266,151,3
92006,239,266,161,4
92007,239,266,182,3
92008,239,266,192,5
92009,239,266,212,4
92010,239,266,248,5
92011,239,266,279,3
92012,239,266,306,3
92013,239,266,308,5
92014,239,266,311,2
92015,239,266,313,3.5
92016,239,266,339,4
92017,239,266,344,5
92018,239,266,385,3
92019,239,266,388,2
92020,239,266,389,4
92021,239,266,400,3
92022,239,266,421,3
92023,239,266,425,4
92024,239,266,442,4.5
92025,239,266,447,3
92026,239,266,452,3
92027,239,266,461,1.5
92028,239,266,463,4
92029,239,266,487,5
92030,239,266,493,4
92031,239,266,496,5
92032,239,266,505,3
92033,239,266,509,4
92034,239,266,514,3
92035,239,266,516,3
92036,239,266,517,5
92037,239,266,518,2
92038,239,266,523,4.5
92039,239,266,528,3.5
92040,239,266,533,3
92041,239,266,534,4
92042,239,266,536,3
92043,239,266,537,4
92044,239,266,547,4
92045,239,266,564,2
92046,239,266,585,3
92047,239,266,590,4
92048,239,266,596,3
92049,239,266,607,0.5
92050,239,266,627,4
92051,239,266,629,3
92052,239,266,645,3.5
92053,239,266,649,3
92054,239,266,659,2
92055,239,266,662,4
92056,239,266,665,4
92057,239,266,667,3
92058,238,265,2,5
92059,238,265,15,1
92060,238,265,23,3.5
92061,238,265,36,5
92062,238,265,57,5
92063,238,265,67,5
92064,238,265,86,4
92065,238,265,93,3.5
92066,238,265,119,4
92067,238,265,121,5
92068,238,265,122,3
92069,238,265,159,4
92070,238,265,182,3
92071,238,265,196,5
92072,238,265,214,3
92073,238,265,215,5
92074,238,265,224,4
92075,238,265,232,5
92076,238,265,254,5
92077,238,265,283,4
92078,238,265,294,3
92079,238,265,303,3.5
92080,238,265,306,4
92081,238,265,312,4
92082,238,265,330,5
92083,238,265,338,3
92084,238,265,354,5
92085,238,265,357,5
92086,238,265,368,4
92087,238,265,372,3
92088,238,265,373,4
92089,238,265,382,2
92090,238,265,385,4
92091,238,265,407,4
92092,238,265,408,4
92093,238,265,409,5
92094,238,265,421,2
92095,238,265,447,3
92096,238,265,452,3.5
92097,238,265,472,3
92098,238,265,487,4
92099,238,265,492,5
92100,238,265,497,4
92101,238,265,509,3
92102,238,265,510,4
92103,238,265,514,4
92104,238,265,518,4
92105,238,265,529,5
92106,238,265,537,4
92107,238,265,539,4
92108,238,265,545,5
92109,238,265,547,4
92110,238,265,548,2
92111,238,265,564,1
92112,238,265,587,3.5
92113,238,265,590,4
92114,238,265,595,4
92115,238,265,602,4
92116,238,265,647,4
92117,238,265,649,5
92118,238,265,659,3
92119,238,265,667,4
92120,237,264,409,5
92121,237,264,492,4
92122,236,263,86,3
92123,235,262,19,5
92124,235,262,23,4
92125,235,262,41,4.5
92126,235,262,69,4
92127,235,262,169,3.5
92128,235,262,175,5
92129,235,262,182,3
92130,235,262,188,3
92131,235,262,292,4.5
92132,235,262,294,3.5
92133,235,262,301,2
92134,235,262,311,3
92135,235,262,377,4
92136,235,262,382,3
92137,235,262,464,5
92138,235,262,545,1
92139,235,262,595,5
92140,235,262,605,4
92141,235,262,641,5
92142,235,262,654,5
92143,234,261,2,4
92144,234,261,19,4
92145,234,261,30,4
92146,234,261,32,4
92147,234,261,36,4
92148,234,261,85,1
92149,234,261,86,3
92150,234,261,88,3.5
92151,234,261,95,5
92152,234,261,102,3
92153,234,261,122,3
92154,234,261,161,3
92155,234,261,175,4
92156,234,261,182,4
92157,234,261,192,3
92158,234,261,196,4
92159,234,261,212,2.5
92160,234,261,232,5
92161,234,261,235,3
92162,234,261,240,4
92163,234,261,241,3
92164,234,261,243,4
92165,234,261,288,3
92166,234,261,292,4
92167,234,261,294,3.5
92168,234,261,308,4
92169,234,261,311,3
92170,234,261,382,5
92171,234,261,385,4
92172,234,261,417,3.5
92173,234,261,421,3
92174,234,261,447,3
92175,234,261,452,3
92176,234,261,470,3.5
92177,234,261,487,5
92178,234,261,496,3
92179,234,261,505,3
92180,234,261,508,3
92181,234,261,529,4
92182,234,261,530,4
92183,234,261,536,5
92184,234,261,537,4
92185,234,261,547,4
92186,234,261,564,4
92187,234,261,575,4
92188,234,261,602,3
92189,234,261,605,4
92190,234,261,614,4
92191,234,261,641,5
92192,234,261,649,5
92193,234,261,653,5
92194,233,260,4,5
92195,233,260,7,5
92196,233,260,8,3.5
92197,233,260,15,5
92198,233,260,17,3.5
92199,233,260,18,3
92200,233,260,19,4
92201,233,260,20,1.5
92202,233,260,21,3
92203,233,260,22,4
92204,233,260,23,4.5
92205,233,260,25,4
92206,233,260,26,3
92207,233,260,30,4
92208,233,260,31,4
92209,233,260,34,4
92210,233,260,36,5
92211,233,260,40,4.5
92212,233,260,41,4
92213,233,260,42,4.5
92214,233,260,44,3
92215,233,260,55,5
92216,233,260,56,2
92217,233,260,57,4
92218,233,260,62,4
92219,233,260,63,5
92220,233,260,65,4
92221,233,260,66,5
92222,233,260,67,4
92223,233,260,68,3
92224,233,260,72,3
92225,233,260,73,4.5
92226,233,260,74,5
92227,233,260,75,4.5
92228,233,260,77,4
92229,233,260,78,5
92230,233,260,79,3
92231,233,260,84,4
92232,233,260,86,5
92233,233,260,87,4
92234,233,260,88,4
92235,233,260,89,5
92236,233,260,90,4
92237,233,260,91,5
92238,233,260,93,4
92239,233,260,94,3
92240,233,260,95,5
92241,233,260,101,4
92242,233,260,102,5
92243,233,260,104,4
92244,233,260,105,3
92245,233,260,110,4
92246,233,260,111,4
92247,233,260,116,5
92248,233,260,118,5
92249,233,260,119,5
92250,233,260,125,5
92251,233,260,130,4.5
92252,233,260,134,3.5
92253,233,260,136,4.5
92254,233,260,137,5
92255,233,260,138,4
92256,233,260,142,2
92257,233,260,146,5
92258,233,260,149,3.5
92259,233,260,150,4.5
92260,233,260,152,4
92261,233,260,155,5
92262,233,260,157,3.5
92263,233,260,159,5
92264,233,260,163,4
92265,233,260,164,3
92266,233,260,168,5
92267,233,260,173,5
92268,233,260,175,5
92269,233,260,176,4
92270,233,260,178,5
92271,233,260,183,3
92272,233,260,185,3
92273,233,260,195,5
92274,233,260,197,5
92275,233,260,199,5
92276,233,260,201,5
92277,233,260,205,3
92278,233,260,212,4
92279,233,260,213,5
92280,233,260,214,5
92281,233,260,215,3
92282,233,260,216,3.5
92283,233,260,217,5
92284,233,260,218,4
92285,233,260,219,3
92286,233,260,220,5
92287,233,260,223,5
92288,233,260,224,4
92289,233,260,228,5
92290,233,260,232,5
92291,233,260,234,4.5
92292,233,260,236,3
92293,233,260,237,4
92294,233,260,242,5
92295,233,260,243,5
92296,233,260,244,5
92297,233,260,247,5
92298,233,260,251,4.5
92299,233,260,252,4
92300,233,260,253,4.5
92301,233,260,254,4
92302,233,260,257,3.5
92303,233,260,258,4
92304,233,260,259,2
92305,233,260,260,5
92306,233,260,261,4
92307,233,260,267,4.5
92308,233,260,268,5
92309,233,260,270,4
92310,233,260,271,5
92311,233,260,272,4
92312,233,260,273,5
92313,233,260,277,5
92314,233,260,278,2
92315,233,260,280,5
92316,233,260,281,4
92317,233,260,282,4.5
92318,233,260,285,5
92319,233,260,287,4
92320,233,260,290,4
92321,233,260,292,4.5
92322,233,260,293,2.5
92323,233,260,294,4
92324,233,260,295,5
92325,233,260,297,4
92326,233,260,298,4
92327,233,260,300,4
92328,233,260,303,4
92329,233,260,304,3
92330,233,260,306,5
92331,233,260,309,5
92332,233,260,311,4
92333,233,260,312,2
92334,233,260,314,5
92335,233,260,315,1
92336,233,260,316,4
92337,233,260,318,1
92338,233,260,324,3.5
92339,233,260,327,4.5
92340,233,260,328,4
92341,233,260,329,5
92342,233,260,334,4
92343,233,260,336,5
92344,233,260,337,4
92345,233,260,339,3
92346,233,260,342,4
92347,233,260,343,5
92348,233,260,344,5
92349,233,260,345,4
92350,233,260,346,5
92351,233,260,347,4.5
92352,233,260,350,4
92353,233,260,352,5
92354,233,260,353,3
92355,233,260,355,5
92356,233,260,358,5
92357,233,260,361,5
92358,233,260,363,5
92359,233,260,367,5
92360,233,260,368,4
92361,233,260,370,4.5
92362,233,260,373,4
92363,233,260,380,4
92364,233,260,382,3.5
92365,233,260,383,5
92366,233,260,384,4.5
92367,233,260,388,4.5
92368,233,260,390,5
92369,233,260,394,3
92370,233,260,395,5
92371,233,260,401,5
92372,233,260,402,4
92373,233,260,405,5
92374,233,260,408,5
92375,233,260,410,4.5
92376,233,260,412,3
92377,233,260,417,4
92378,233,260,425,3.5
92379,233,260,428,5
92380,233,260,430,3.5
92381,233,260,431,5
92382,233,260,433,4
92383,233,260,434,2
92384,233,260,435,5
92385,233,260,439,2
92386,233,260,441,5
92387,233,260,442,5
92388,233,260,443,4.5
92389,233,260,448,5
92390,233,260,451,4
92391,233,260,452,4
92392,233,260,454,5
92393,233,260,456,5
92394,233,260,457,0.5
92395,233,260,459,5
92396,233,260,460,4.5
92397,233,260,461,4.5
92398,233,260,463,5
92399,233,260,464,5
92400,233,260,466,5
92401,233,260,468,3.5
92402,233,260,471,5
92403,233,260,472,4
92404,233,260,474,4
92405,233,260,475,5
92406,233,260,478,4.5
92407,233,260,481,5
92408,233,260,483,4
92409,233,260,486,5
92410,233,260,494,4.5
92411,233,260,499,4
92412,233,260,500,1
92413,233,260,502,4
92414,233,260,503,4
92415,233,260,505,4
92416,233,260,507,5
92417,233,260,509,5
92418,233,260,510,2
92419,233,260,514,5
92420,233,260,518,5
92421,233,260,519,5
92422,233,260,520,5
92423,233,260,521,4.5
92424,233,260,523,4.5
92425,233,260,525,5
92426,233,260,527,4
92427,233,260,528,3.5
92428,233,260,529,4
92429,233,260,530,5
92430,233,260,533,5
92431,233,260,536,5
92432,233,260,537,5
92433,233,260,543,5
92434,233,260,544,4
92435,233,260,548,5
92436,233,260,553,5
92437,233,260,555,5
92438,233,260,559,5
92439,233,260,561,4.5
92440,233,260,562,5
92441,233,260,564,2
92442,233,260,567,3.5
92443,233,260,570,2
92444,233,260,573,3
92445,233,260,574,4
92446,233,260,575,5
92447,233,260,576,4
92448,233,260,577,4.5
92449,233,260,580,4
92450,233,260,585,4
92451,233,260,586,3
92452,233,260,592,5
92453,233,260,594,5
92454,233,260,596,3
92455,233,260,597,5
92456,233,260,598,5
92457,233,260,599,5
92458,233,260,602,4
92459,233,260,603,5
92460,233,260,607,4.5
92461,233,260,611,2
92462,233,260,613,5
92463,233,260,614,4
92464,233,260,615,3.5
92465,233,260,616,5
92466,233,260,620,4
92467,233,260,622,5
92468,233,260,624,5
92469,233,260,626,3
92470,233,260,627,4
92471,233,260,636,3
92472,233,260,640,5
92473,233,260,643,5
92474,233,260,646,5
92475,233,260,647,5
92476,233,260,651,5
92477,233,260,654,5
92478,233,260,655,2.5
92479,233,260,659,5
92480,233,260,660,4.5
92481,233,260,664,4.5
92482,233,260,665,4
92483,233,260,669,5
92484,233,260,671,5
92485,232,259,168,3
92486,232,259,534,4
92487,232,259,536,4
92488,232,259,596,3.5
92489,232,259,647,4
92490,231,258,49,1
92491,231,258,73,2
92492,231,258,128,2
92493,231,258,177,2
92494,231,258,195,2
92495,231,258,402,3.5
92496,231,258,453,4
92497,231,258,493,3
92498,231,258,534,2
92499,231,258,605,2
92500,231,258,646,4
92501,230,257,110,4
92502,230,257,128,5
92503,230,257,242,4
92504,230,257,396,4
92505,230,257,405,1.5
92506,230,257,461,2
92507,230,257,464,5
92508,230,257,487,4
92509,230,257,496,4
92510,230,257,534,4
92511,230,257,536,4
92512,230,257,564,2
92513,230,257,659,3
92514,229,256,36,3
92515,229,256,73,2.5
92516,229,256,85,4
92517,229,256,88,0.5
92518,229,256,110,4
92519,229,256,121,3
92520,229,256,126,3
92521,229,256,140,3.5
92522,229,256,150,2
92523,229,256,161,3
92524,229,256,177,3
92525,229,256,184,2
92526,229,256,185,2
92527,229,256,207,3
92528,229,256,213,0.5
92529,229,256,255,1.5
92530,229,256,288,4
92531,229,256,302,3
92532,229,256,303,2.5
92533,229,256,306,3
92534,229,256,310,4
92535,229,256,311,1.5
92536,229,256,331,2
92537,229,256,363,2
92538,229,256,385,3
92539,229,256,389,3
92540,229,256,394,3.5
92541,229,256,428,2
92542,229,256,447,3
92543,229,256,453,3
92544,229,256,464,4
92545,229,256,468,2
92546,229,256,496,3
92547,229,256,516,3
92548,229,256,536,2
92549,229,256,564,4
92550,229,256,590,3
92551,229,256,619,3
92552,229,256,634,1
92553,229,256,654,3
92554,229,256,662,3
92555,229,256,664,2.5
92556,228,255,85,5
92557,228,255,168,1
92558,228,255,285,2
92559,228,255,564,2
92560,228,255,605,1
92561,227,254,30,3
92562,227,254,86,4
92563,227,254,605,2
92564,227,254,639,3
92565,226,253,2,4
92566,226,253,12,3
92567,226,253,15,2
92568,226,253,19,3
92569,226,253,22,4.5
92570,226,253,23,3.5
92571,226,253,30,4
92572,226,253,34,4
92573,226,253,36,4
92574,226,253,39,4
92575,226,253,41,4
92576,226,253,47,3
92577,226,253,50,3
92578,226,253,64,5
92579,226,253,73,3.5
92580,226,253,75,4.5
92581,226,253,77,2.5
92582,226,253,78,5
92583,226,253,82,5
92584,226,253,85,3
92585,226,253,86,4
92586,226,253,88,3
92587,226,253,92,2
92588,226,253,95,4
92589,226,253,102,3
92590,226,253,105,3.5
92591,226,253,108,3
92592,226,253,110,3
92593,226,253,111,3.5
92594,226,253,114,3
92595,226,253,119,2
92596,226,253,121,3
92597,226,253,122,3
92598,226,253,128,1
92599,226,253,134,4
92600,226,253,144,3
92601,226,253,145,3
92602,226,253,149,3.5
92603,226,253,151,3
92604,226,253,152,2
92605,226,253,159,1.5
92606,226,253,176,2
92607,226,253,188,3
92608,226,253,189,2
92609,226,253,194,3
92610,226,253,212,4
92611,226,253,213,2.5
92612,226,253,224,4
92613,226,253,225,5
92614,226,253,232,5
92615,226,253,241,3
92616,226,253,243,4
92617,226,253,254,3
92618,226,253,262,3
92619,226,253,268,3
92620,226,253,279,2
92621,226,253,285,5
92622,226,253,294,3
92623,226,253,303,3
92624,226,253,306,3
92625,226,253,308,5
92626,226,253,313,4
92627,226,253,319,3
92628,226,253,344,5
92629,226,253,345,2
92630,226,253,353,3
92631,226,253,354,3
92632,226,253,355,4.5
92633,226,253,357,5
92634,226,253,369,4
92635,226,253,375,5
92636,226,253,380,4
92637,226,253,385,3
92638,226,253,388,3
92639,226,253,389,2
92640,226,253,396,4
92641,226,253,400,3
92642,226,253,403,3
92643,226,253,407,3
92644,226,253,416,3
92645,226,253,421,2
92646,226,253,430,5
92647,226,253,447,2
92648,226,253,457,3
92649,226,253,461,2.5
92650,226,253,470,3
92651,226,253,487,3
92652,226,253,491,4
92653,226,253,495,3
92654,226,253,496,4
92655,226,253,509,3
92656,226,253,514,4
92657,226,253,516,4
92658,226,253,517,4
92659,226,253,518,5
92660,226,253,523,4
92661,226,253,533,3
92662,226,253,535,3
92663,226,253,536,4
92664,226,253,537,2
92665,226,253,538,3
92666,226,253,547,0.5
92667,226,253,548,3
92668,226,253,551,3
92669,226,253,555,3
92670,226,253,562,4.5
92671,226,253,564,5
92672,226,253,568,3
92673,226,253,580,3
92674,226,253,582,5
92675,226,253,584,4
92676,226,253,588,2
92677,226,253,590,3
92678,226,253,596,4
92679,226,253,602,4
92680,226,253,605,3
92681,226,253,607,4
92682,226,253,617,4
92683,226,253,619,3
92684,226,253,621,3.5
92685,226,253,641,4
92686,226,253,654,4
92687,226,253,655,4
92688,226,253,657,4
92689,226,253,665,4
92690,225,252,15,2
92691,225,252,23,4
92692,225,252,32,3
92693,225,252,36,3
92694,225,252,86,1
92695,225,252,92,3
92696,225,252,110,4
92697,225,252,126,3
92698,225,252,161,4
92699,225,252,168,3
92700,225,252,232,4
92701,225,252,239,4
92702,225,252,242,3
92703,225,252,279,2
92704,225,252,285,3
92705,225,252,294,4.5
92706,225,252,306,3
92707,225,252,311,1.5
92708,225,252,358,3
92709,225,252,381,3
92710,225,252,389,4
92711,225,252,396,4
92712,225,252,421,2
92713,225,252,452,3
92714,225,252,468,2
92715,225,252,487,3
92716,225,252,493,4
92717,225,252,496,4
92718,225,252,508,3
92719,225,252,514,2
92720,225,252,518,5
92721,225,252,536,2
92722,225,252,537,3
92723,225,252,564,3
92724,225,252,575,3
92725,225,252,619,3
92726,225,252,641,4
92727,225,252,649,3
92728,225,252,654,3.5
92729,225,252,665,3
92730,225,252,666,1
92731,224,251,516,3
92732,223,250,56,5
92733,223,250,518,3
92734,223,250,536,4
92735,223,250,564,1
92736,222,249,19,3
92737,222,249,36,4
92738,222,249,86,4
92739,222,249,110,3
92740,222,249,121,4
92741,222,249,224,4
92742,222,249,291,3.5
92743,222,249,312,2
92744,222,249,357,5
92745,222,249,396,3
92746,222,249,420,2
92747,222,249,452,3
92748,222,249,461,3.5
92749,222,249,509,4
92750,222,249,514,4
92751,222,249,516,3
92752,222,249,555,2
92753,222,249,580,3.5
92754,222,249,649,3
92755,222,249,659,4
92756,221,248,2,3
92757,221,248,36,2
92758,221,248,110,4
92759,221,248,239,4
92760,221,248,242,3
92761,221,248,389,4
92762,221,248,416,3
92763,221,248,487,3
92764,221,248,518,3
92765,221,248,536,2
92766,221,248,564,5
92767,221,248,605,2
92768,221,248,665,3
92769,220,247,3,3.5
92770,220,247,15,2
92771,220,247,17,2
92772,220,247,19,4
92773,220,247,23,4
92774,220,247,35,3
92775,220,247,73,4
92776,220,247,85,1
92777,220,247,86,5
92778,220,247,92,5
92779,220,247,102,5
92780,220,247,118,2
92781,220,247,133,1
92782,220,247,224,4
92783,220,247,241,3
92784,220,247,262,4
92785,220,247,293,2
92786,220,247,299,4
92787,220,247,312,4
92788,220,247,388,3
92789,220,247,403,5
92790,220,247,423,5
92791,220,247,431,4
92792,220,247,452,3
92793,220,247,470,3.5
92794,220,247,492,4
92795,220,247,514,5
92796,220,247,516,3
92797,220,247,547,4
92798,220,247,555,3
92799,220,247,564,5
92800,220,247,577,4.5
92801,220,247,585,3
92802,220,247,587,3.5
92803,220,247,596,4
92804,220,247,602,5
92805,220,247,605,3
92806,220,247,608,4
92807,220,247,626,4
92808,220,247,647,5
92809,220,247,649,3
92810,220,247,659,4
92811,220,247,667,4
92812,219,246,15,5
92813,219,246,19,4
92814,219,246,23,4.5
92815,219,246,36,4
92816,219,246,56,5
92817,219,246,63,0.5
92818,219,246,73,4.5
92819,219,246,86,3
92820,219,246,102,5
92821,219,246,121,5
92822,219,246,126,4
92823,219,246,130,4
92824,219,246,165,3
92825,219,246,174,1
92826,219,246,184,3
92827,219,246,195,2
92828,219,246,245,4
92829,219,246,259,5
92830,219,246,309,4
92831,219,246,310,3.5
92832,219,246,311,3
92833,219,246,312,4
92834,219,246,328,3
92835,219,246,330,5
92836,219,246,342,5
92837,219,246,358,5
92838,219,246,373,5
92839,219,246,380,4
92840,219,246,385,2
92841,219,246,388,5
92842,219,246,394,2.5
92843,219,246,407,5
92844,219,246,416,5
92845,219,246,427,5
92846,219,246,431,4
92847,219,246,434,4
92848,219,246,437,4
92849,219,246,447,2
92850,219,246,451,5
92851,219,246,461,4
92852,219,246,462,4
92853,219,246,466,5
92854,219,246,468,3.5
92855,219,246,472,5
92856,219,246,497,5
92857,219,246,502,4
92858,219,246,509,3.5
92859,219,246,510,4
92860,219,246,511,5
92861,219,246,536,5
92862,219,246,538,5
92863,219,246,547,5
92864,219,246,548,4
92865,219,246,555,3
92866,219,246,587,5
92867,219,246,593,4
92868,219,246,594,4
92869,219,246,602,4
92870,219,246,605,3
92871,219,246,619,5
92872,219,246,639,5
92873,218,245,647,3
92874,217,244,564,3
92875,216,243,182,4
92876,215,242,36,4
92877,215,242,86,4
92878,215,242,224,4
92879,215,242,372,3
92880,214,241,396,3
92881,214,241,472,1
92882,214,241,536,5
92883,214,241,564,5
92884,213,240,177,3
92885,213,240,254,2
92886,213,240,487,3
92887,213,240,496,4
92888,213,240,564,5
92889,212,239,73,3
92890,212,239,128,3
92891,212,239,185,2
92892,212,239,187,3
92893,212,239,189,1
92894,212,239,213,1.5
92895,212,239,402,4.5
92896,212,239,437,2
92897,212,239,493,1
92898,212,239,518,4
92899,212,239,530,4
92900,212,239,534,4
92901,212,239,557,3
92902,212,239,564,5
92903,212,239,665,3
92904,211,238,53,1
92905,211,238,67,3
92906,211,238,182,4
92907,211,238,389,3
92908,211,238,605,4
92909,210,237,15,3.5
92910,210,237,92,3
92911,210,237,110,4
92912,210,237,127,5
92913,210,237,161,3
92914,210,237,168,3
92915,210,237,182,3
92916,210,237,192,5
92917,210,237,235,5
92918,210,237,294,4.5
92919,210,237,306,4
92920,210,237,311,2
92921,210,237,358,3
92922,210,237,385,3
92923,210,237,389,3
92924,210,237,396,3
92925,210,237,416,4
92926,210,237,447,3
92927,210,237,452,3
92928,210,237,461,0.5
92929,210,237,487,4
92930,210,237,493,2
92931,210,237,496,4
92932,210,237,509,3
92933,210,237,511,4
92934,210,237,516,3
92935,210,237,518,3
92936,210,237,536,4
92937,210,237,537,3
92938,210,237,547,1
92939,210,237,564,2
92940,210,237,575,2
92941,210,237,605,2
92942,210,237,619,4
92943,209,236,23,4.5
92944,209,236,36,3
92945,209,236,47,4
92946,209,236,95,4
92947,209,236,110,4
92948,209,236,125,4.5
92949,209,236,127,4
92950,209,236,161,3
92951,209,236,182,3
92952,209,236,217,2.5
92953,209,236,235,4
92954,209,236,240,4.5
92955,209,236,254,3
92956,209,236,279,4
92957,209,236,292,3
92958,209,236,294,4
92959,209,236,302,4
92960,209,236,306,2
92961,209,236,311,3
92962,209,236,323,4
92963,209,236,338,3
92964,209,236,358,4
92965,209,236,385,3
92966,209,236,389,3
92967,209,236,396,4
92968,209,236,416,3
92969,209,236,421,3
92970,209,236,431,3
92971,209,236,447,3
92972,209,236,452,4
92973,209,236,460,1.5
92974,209,236,461,4
92975,209,236,464,4
92976,209,236,468,2.5
92977,209,236,487,3
92978,209,236,496,4
92979,209,236,514,1
92980,209,236,516,3
92981,209,236,517,5
92982,209,236,518,3
92983,209,236,520,2
92984,209,236,521,3.5
92985,209,236,528,3
92986,209,236,534,3
92987,209,236,536,4
92988,209,236,537,3
92989,209,236,548,3
92990,209,236,561,3.5
92991,209,236,564,3
92992,209,236,575,3
92993,209,236,577,4
92994,209,236,614,5
92995,209,236,628,0.5
92996,209,236,641,4
92997,209,236,649,4
92998,209,236,654,4
92999,209,236,662,3
93000,209,236,665,4
93001,209,236,666,3
93002,209,236,667,3
93003,208,235,2,3
93004,208,235,15,4
93005,208,235,17,5
93006,208,235,19,3
93007,208,235,22,2
93008,208,235,23,4
93009,208,235,30,4
93010,208,235,60,5
93011,208,235,73,4
93012,208,235,83,4.5
93013,208,235,86,4
93014,208,235,92,4
93015,208,235,102,4
93016,208,235,119,4
93017,208,235,130,0.5
93018,208,235,157,4.5
93019,208,235,168,4
93020,208,235,195,4
93021,208,235,201,1
93022,208,235,212,4
93023,208,235,219,3
93024,208,235,224,5
93025,208,235,232,5
93026,208,235,241,4
93027,208,235,254,4
93028,208,235,261,0.5
93029,208,235,268,4.5
93030,208,235,285,5
93031,208,235,294,3
93032,208,235,299,5
93033,208,235,304,5
93034,208,235,311,4
93035,208,235,312,3
93036,208,235,338,4
93037,208,235,345,4
93038,208,235,348,5
93039,208,235,354,5
93040,208,235,362,3
93041,208,235,370,4
93042,208,235,380,2
93043,208,235,385,5
93044,208,235,387,4
93045,208,235,388,4
93046,208,235,393,4.5
93047,208,235,409,4
93048,208,235,416,4
93049,208,235,430,5
93050,208,235,433,4.5
93051,208,235,439,4
93052,208,235,447,2
93053,208,235,452,3
93054,208,235,461,4.5
93055,208,235,468,3.5
93056,208,235,472,4
93057,208,235,491,4
93058,208,235,502,4
93059,208,235,509,5
93060,208,235,511,3
93061,208,235,514,3
93062,208,235,519,4
93063,208,235,536,5
93064,208,235,537,3
93065,208,235,547,4
93066,208,235,548,3
93067,208,235,561,5
93068,208,235,562,4
93069,208,235,564,5
93070,208,235,580,3.5
93071,208,235,585,4
93072,208,235,590,4
93073,208,235,595,4
93074,208,235,602,4
93075,208,235,606,4
93076,208,235,608,5
93077,208,235,644,5
93078,208,235,649,3
93079,208,235,654,4.5
93080,208,235,659,5
93081,207,234,85,4
93082,207,234,168,2
93083,207,234,254,3
93084,207,234,285,3
93085,207,234,294,3
93086,207,234,396,3
93087,207,234,447,1
93088,207,234,518,3
93089,207,234,536,3
93090,207,234,548,3
93091,207,234,564,4
93092,207,234,605,1
93093,206,233,15,4
93094,206,233,41,4
93095,206,233,73,4
93096,206,233,123,4
93097,206,233,224,5
93098,206,233,254,4
93099,206,233,391,4
93100,206,233,509,4.5
93101,206,233,514,5
93102,206,233,536,5
93103,206,233,547,4
93104,206,233,564,5
93105,206,233,659,3
93106,205,232,15,4
93107,205,232,36,5
93108,205,232,86,4
93109,205,232,148,4.5
93110,205,232,224,4
93111,205,232,239,4
93112,205,232,254,5
93113,205,232,321,5
93114,205,232,330,4
93115,205,232,344,5
93116,205,232,354,5
93117,205,232,409,5
93118,205,232,437,5
93119,205,232,472,3
93120,205,232,492,5
93121,205,232,509,3
93122,205,232,510,4
93123,205,232,514,3
93124,205,232,516,4
93125,205,232,529,4.5
93126,205,232,547,4
93127,205,232,555,3
93128,205,232,647,4
93129,205,232,667,4
93130,204,231,5,3.5
93131,204,231,15,3.5
93132,204,231,19,3
93133,204,231,20,1
93134,204,231,22,2.5
93135,204,231,32,5
93136,204,231,33,3
93137,204,231,39,4
93138,204,231,43,3
93139,204,231,47,3
93140,204,231,48,3.5
93141,204,231,50,1
93142,204,231,56,2
93143,204,231,59,2
93144,204,231,61,4
93145,204,231,64,3
93146,204,231,69,4
93147,204,231,73,3.5
93148,204,231,77,1
93149,204,231,82,4
93150,204,231,85,4
93151,204,231,86,1
93152,204,231,88,0.5
93153,204,231,89,5
93154,204,231,91,4.5
93155,204,231,92,3
93156,204,231,94,4
93157,204,231,108,2
93158,204,231,110,5
93159,204,231,111,0.5
93160,204,231,115,4.5
93161,204,231,116,5
93162,204,231,120,2
93163,204,231,122,1
93164,204,231,125,5
93165,204,231,126,4
93166,204,231,130,3.5
93167,204,231,134,2.5
93168,204,231,145,5
93169,204,231,149,4
93170,204,231,150,3
93171,204,231,151,4
93172,204,231,152,2
93173,204,231,159,1.5
93174,204,231,161,3
93175,204,231,164,2
93176,204,231,165,4
93177,204,231,182,1
93178,204,231,184,3
93179,204,231,187,3.5
93180,204,231,188,3
93181,204,231,191,2
93182,204,231,192,4
93183,204,231,194,3
93184,204,231,208,5
93185,204,231,212,1
93186,204,231,219,5
93187,204,231,220,2
93188,204,231,225,3
93189,204,231,238,3
93190,204,231,241,3
93191,204,231,243,4
93192,204,231,247,4
93193,204,231,249,3
93194,204,231,253,4.5
93195,204,231,254,2
93196,204,231,255,2.5
93197,204,231,260,3.5
93198,204,231,261,4.5
93199,204,231,262,2.5
93200,204,231,268,3.5
93201,204,231,275,5
93202,204,231,279,3
93203,204,231,281,3
93204,204,231,285,1
93205,204,231,288,4
93206,204,231,292,3
93207,204,231,295,4
93208,204,231,306,5
93209,204,231,308,3
93210,204,231,312,4
93211,204,231,317,3
93212,204,231,327,4.5
93213,204,231,330,2
93214,204,231,344,3
93215,204,231,353,2.5
93216,204,231,355,3.5
93217,204,231,357,4
93218,204,231,358,1
93219,204,231,375,1
93220,204,231,382,1
93221,204,231,384,4
93222,204,231,385,4
93223,204,231,388,5
93224,204,231,389,1
93225,204,231,400,3
93226,204,231,409,4
93227,204,231,410,3
93228,204,231,412,3
93229,204,231,416,3
93230,204,231,428,4
93231,204,231,430,5
93232,204,231,433,4.5
93233,204,231,442,4.5
93234,204,231,447,3
93235,204,231,457,3
93236,204,231,458,2.5
93237,204,231,461,3
93238,204,231,468,2.5
93239,204,231,486,5
93240,204,231,487,3
93241,204,231,496,1
93242,204,231,500,3
93243,204,231,502,3
93244,204,231,509,3
93245,204,231,511,3
93246,204,231,513,3
93247,204,231,514,2
93248,204,231,516,3
93249,204,231,517,3
93250,204,231,518,1
93251,204,231,520,4
93252,204,231,522,3.5
93253,204,231,527,1.5
93254,204,231,535,3
93255,204,231,536,4
93256,204,231,546,5
93257,204,231,548,4
93258,204,231,556,3
93259,204,231,560,3.5
93260,204,231,561,3
93261,204,231,564,5
93262,204,231,568,3
93263,204,231,574,2.5
93264,204,231,577,3.5
93265,204,231,580,3
93266,204,231,584,3
93267,204,231,587,0.5
93268,204,231,588,3
93269,204,231,589,3
93270,204,231,590,3
93271,204,231,593,3
93272,204,231,596,3
93273,204,231,602,3
93274,204,231,603,2
93275,204,231,605,3
93276,204,231,607,3
93277,204,231,623,3
93278,204,231,624,3
93279,204,231,627,1.5
93280,204,231,639,3
93281,204,231,641,5
93282,204,231,646,4
93283,204,231,654,4
93284,204,231,662,3
93285,204,231,664,4
93286,204,231,665,1
93287,204,231,666,3
93288,203,230,15,1
93289,203,230,19,5
93290,203,230,35,1.5
93291,203,230,85,2
93292,203,230,177,4
93293,203,230,241,3
93294,203,230,385,5
93295,203,230,386,3
93296,203,230,452,4
93297,203,230,461,3
93298,203,230,487,4
93299,203,230,496,4
93300,203,230,508,4
93301,203,230,514,3
93302,203,230,516,5
93303,203,230,518,5
93304,203,230,529,4
93305,203,230,533,4
93306,203,230,536,5
93307,203,230,537,4
93308,203,230,548,3
93309,203,230,564,5
93310,203,230,605,3
93311,203,230,659,4
93312,203,230,671,4
93313,202,229,19,4
93314,202,229,86,4
93315,202,229,222,4
93316,202,229,434,4
93317,202,229,452,4
93318,202,229,514,3
93319,202,229,537,4
93320,202,229,564,5
93321,202,229,602,4
93322,202,229,608,3
93323,202,229,647,5
93324,202,229,659,5
93325,201,228,30,2
93326,200,227,30,2
93327,200,227,85,4
93328,200,227,110,4
93329,200,227,119,2
93330,200,227,150,2.5
93331,200,227,161,3
93332,200,227,168,2
93333,200,227,254,3
93334,200,227,288,5
93335,200,227,385,3
93336,200,227,390,3
93337,200,227,487,4
93338,200,227,496,4
93339,200,227,514,1
93340,200,227,589,4
93341,200,227,593,4
93342,199,225,2,3
93343,199,225,15,1
93344,199,225,32,2
93345,199,225,108,3
93346,199,225,110,4
93347,199,225,128,3
93348,199,225,143,1
93349,199,225,144,4
93350,199,225,145,5
93351,199,225,151,3
93352,199,225,161,4
93353,199,225,165,2
93354,199,225,168,3
93355,199,225,177,3
93356,199,225,182,4
93357,199,225,194,4
93358,199,225,235,4.5
93359,199,225,266,3
93360,199,225,279,3
93361,199,225,294,3
93362,199,225,302,3
93363,199,225,306,3
93364,199,225,311,3
93365,199,225,323,3
93366,199,225,338,3
93367,199,225,344,4
93368,199,225,389,2
93369,199,225,400,3
93370,199,225,416,4
93371,199,225,440,1
93372,199,225,447,3
93373,199,225,449,4
93374,199,225,452,2
93375,199,225,461,1
93376,199,225,463,3
93377,199,225,487,3
93378,199,225,496,4
93379,199,225,516,4
93380,199,225,518,4
93381,199,225,534,4
93382,199,225,535,3
93383,199,225,536,4
93384,199,225,548,3
93385,199,225,555,3
93386,199,225,564,4
93387,199,225,590,4
93388,199,225,593,4
93389,199,225,619,2
93390,199,225,639,4
93391,199,225,654,4.5
93392,199,225,662,3
93393,199,225,667,3
93394,198,224,23,4
93395,198,224,30,4
93396,198,224,83,4
93397,198,224,86,3
93398,198,224,92,3
93399,198,224,102,4
93400,198,224,111,5
93401,198,224,153,3
93402,198,224,161,3
93403,198,224,182,3
93404,198,224,212,3
93405,198,224,232,5
93406,198,224,288,5
93407,198,224,294,4
93408,198,224,306,4
93409,198,224,311,3
93410,198,224,312,2
93411,198,224,338,4
93412,198,224,344,5
93413,198,224,358,4
93414,198,224,447,3
93415,198,224,470,3.5
93416,198,224,487,3
93417,198,224,488,4
93418,198,224,505,3
93419,198,224,509,3
93420,198,224,518,2
93421,198,224,534,3
93422,198,224,536,5
93423,198,224,575,4
93424,198,224,605,3
93425,198,224,607,4.5
93426,198,224,629,3
93427,198,224,641,4
93428,198,224,659,3
93429,197,223,2,1
93430,197,223,15,4
93431,197,223,17,2.5
93432,197,223,19,4
93433,197,223,36,5
93434,197,223,39,4
93435,197,223,43,3
93436,197,223,48,2.5
93437,197,223,56,4
93438,197,223,59,3.5
93439,197,223,73,4.5
93440,197,223,77,4.5
93441,197,223,78,4.5
93442,197,223,86,5
93443,197,223,88,4.5
93444,197,223,92,5
93445,197,223,95,5
93446,197,223,97,3.5
93447,197,223,111,4
93448,197,223,119,4
93449,197,223,121,4
93450,197,223,130,3
93451,197,223,134,3
93452,197,223,164,4.5
93453,197,223,171,5
93454,197,223,177,5
93455,197,223,180,3
93456,197,223,184,5
93457,197,223,185,4
93458,197,223,187,4.5
93459,197,223,190,4
93460,197,223,212,4
93461,197,223,218,4
93462,197,223,219,2
93463,197,223,224,5
93464,197,223,230,3.5
93465,197,223,239,4
93466,197,223,241,3
93467,197,223,253,4
93468,197,223,254,4
93469,197,223,268,3
93470,197,223,270,4
93471,197,223,285,5
93472,197,223,291,4
93473,197,223,292,4
93474,197,223,297,5
93475,197,223,299,4.5
93476,197,223,303,4
93477,197,223,304,5
93478,197,223,306,3
93479,197,223,327,5
93480,197,223,345,5
93481,197,223,357,4
93482,197,223,358,5
93483,197,223,367,3.5
93484,197,223,380,5
93485,197,223,384,3
93486,197,223,385,3
93487,197,223,388,4
93488,197,223,407,4
93489,197,223,408,4
93490,197,223,409,4
93491,197,223,423,4
93492,197,223,428,4.5
93493,197,223,430,2.5
93494,197,223,431,5
93495,197,223,439,4
93496,197,223,441,4.5
93497,197,223,451,1
93498,197,223,452,2
93499,197,223,457,3.5
93500,197,223,460,4
93501,197,223,461,3.5
93502,197,223,463,4
93503,197,223,466,5
93504,197,223,467,2
93505,197,223,472,4
93506,197,223,480,4
93507,197,223,502,5
93508,197,223,509,4
93509,197,223,511,4
93510,197,223,514,5
93511,197,223,518,5
93512,197,223,519,4.5
93513,197,223,528,3.5
93514,197,223,536,5
93515,197,223,544,5
93516,197,223,547,0.5
93517,197,223,548,3
93518,197,223,561,5
93519,197,223,562,5
93520,197,223,564,5
93521,197,223,574,4
93522,197,223,580,2.5
93523,197,223,588,3
93524,197,223,590,5
93525,197,223,592,5
93526,197,223,596,4
93527,197,223,598,5
93528,197,223,602,5
93529,197,223,607,2.5
93530,197,223,612,2.5
93531,197,223,624,4
93532,197,223,626,4
93533,197,223,649,4
93534,197,223,652,4
93535,197,223,654,5
93536,197,223,664,4
93537,197,223,669,4
93538,196,222,2,5
93539,196,222,95,4
93540,196,222,121,4
93541,196,222,235,4.5
93542,196,222,306,3
93543,196,222,311,3
93544,196,222,385,3
93545,196,222,391,4
93546,196,222,408,5
93547,196,222,447,3
93548,196,222,452,4
93549,196,222,461,2.5
93550,196,222,463,4
93551,196,222,464,5
93552,196,222,487,5
93553,196,222,493,4
93554,196,222,514,3
93555,196,222,518,5
93556,196,222,536,5
93557,196,222,537,4
93558,196,222,547,2.5
93559,196,222,564,4
93560,195,220,39,4
93561,195,220,564,2
93562,194,219,245,4
93563,194,219,564,4
93564,194,219,641,4
93565,194,219,662,5
93566,193,218,86,4
93567,193,218,306,3
93568,193,218,308,5
93569,193,218,311,2
93570,193,218,312,3
93571,193,218,381,2
93572,193,218,385,3
93573,193,218,447,3
93574,193,218,487,4
93575,193,218,516,4
93576,193,218,518,3
93577,193,218,564,3
93578,193,218,641,4
93579,193,218,649,3
93580,193,218,665,4
93581,192,217,128,2
93582,192,217,168,3
93583,192,217,188,4
93584,192,217,381,3
93585,192,217,416,2
93586,192,217,564,3
93587,192,217,626,2
93588,191,216,15,1
93589,191,216,36,3
93590,191,216,43,1
93591,191,216,56,4
93592,191,216,73,4
93593,191,216,85,3
93594,191,216,91,4
93595,191,216,111,2.5
93596,191,216,130,3
93597,191,216,140,1
93598,191,216,150,4.5
93599,191,216,165,3.5
93600,191,216,212,3
93601,191,216,213,1
93602,191,216,219,5
93603,191,216,232,4
93604,191,216,239,4
93605,191,216,247,3
93606,191,216,382,2
93607,191,216,388,2
93608,191,216,402,4
93609,191,216,404,4
93610,191,216,416,4
93611,191,216,423,1
93612,191,216,447,1
93613,191,216,457,4
93614,191,216,468,1
93615,191,216,487,3
93616,191,216,518,3
93617,191,216,519,4
93618,191,216,536,3
93619,191,216,546,5
93620,191,216,561,3
93621,191,216,564,1
93622,191,216,580,2.5
93623,191,216,598,5
93624,191,216,605,3
93625,191,216,617,3
93626,191,216,624,3
93627,191,216,641,2
93628,191,216,653,5
93629,191,216,665,4
93630,190,215,15,4.5
93631,190,215,19,3
93632,190,215,73,5
93633,190,215,117,3.5
93634,190,215,121,4
93635,190,215,133,1
93636,190,215,242,4
93637,190,215,313,3.5
93638,190,215,358,5
93639,190,215,359,4
93640,190,215,416,3
93641,190,215,431,5
93642,190,215,505,3.5
93643,190,215,509,4.5
93644,190,215,574,4.5
93645,190,215,602,4
93646,190,215,609,1
93647,190,215,659,4
93648,189,214,15,2
93649,189,214,509,4
93650,188,213,86,4
93651,188,213,224,5
93652,188,213,330,5
93653,188,213,409,5
93654,188,213,434,4
93655,188,213,441,5
93656,188,213,472,4
93657,188,213,492,2
93658,188,213,509,4
93659,187,211,472,4
93660,187,211,510,3
93661,187,211,564,3
93662,186,209,19,2
93663,186,209,30,2
93664,186,209,135,3
93665,186,209,380,3
93666,186,209,514,3
93667,185,208,2,3
93668,185,208,15,1.5
93669,185,208,19,3
93670,185,208,21,2
93671,185,208,22,2
93672,185,208,30,2
93673,185,208,32,4
93674,185,208,41,4
93675,185,208,47,3
93676,185,208,50,3
93677,185,208,73,3
93678,185,208,77,3
93679,185,208,82,3
93680,185,208,85,3
93681,185,208,86,3
93682,185,208,92,3
93683,185,208,93,3
93684,185,208,94,2
93685,185,208,99,2
93686,185,208,105,2.5
93687,185,208,108,4
93688,185,208,110,4
93689,185,208,114,4
93690,185,208,119,2
93691,185,208,122,1
93692,185,208,125,0.5
93693,185,208,126,3
93694,185,208,145,3
93695,185,208,150,0.5
93696,185,208,151,4
93697,185,208,152,1.5
93698,185,208,157,2
93699,185,208,182,4
93700,185,208,187,2.5
93701,185,208,188,2
93702,185,208,191,3
93703,185,208,192,2
93704,185,208,194,3
93705,185,208,195,1
93706,185,208,199,3.5
93707,185,208,212,1
93708,185,208,213,4
93709,185,208,220,2
93710,185,208,225,4
93711,185,208,232,4
93712,185,208,242,5
93713,185,208,243,2.5
93714,185,208,246,3
93715,185,208,247,4
93716,185,208,254,3
93717,185,208,288,4
93718,185,208,292,3.5
93719,185,208,295,3.5
93720,185,208,311,2
93721,185,208,312,1
93722,185,208,313,2
93723,185,208,317,4
93724,185,208,324,1
93725,185,208,338,3
93726,185,208,344,2
93727,185,208,353,0.5
93728,185,208,355,3
93729,185,208,367,0.5
93730,185,208,369,3
93731,185,208,385,3
93732,185,208,389,4
93733,185,208,390,3
93734,185,208,394,1.5
93735,185,208,396,3
93736,185,208,400,3
93737,185,208,415,3
93738,185,208,416,2
93739,185,208,423,1.5
93740,185,208,437,1
93741,185,208,442,2.5
93742,185,208,447,4
93743,185,208,452,3
93744,185,208,458,3
93745,185,208,461,2
93746,185,208,468,2
93747,185,208,487,3
93748,185,208,495,4
93749,185,208,496,4
93750,185,208,503,3.5
93751,185,208,513,3
93752,185,208,517,5
93753,185,208,527,3
93754,185,208,534,4
93755,185,208,535,4
93756,185,208,538,3
93757,185,208,550,3
93758,185,208,555,3
93759,185,208,556,4
93760,185,208,561,2.5
93761,185,208,562,3
93762,185,208,564,1
93763,185,208,574,2
93764,185,208,577,2.5
93765,185,208,580,2
93766,185,208,588,3
93767,185,208,590,3
93768,185,208,602,3
93769,185,208,607,2.5
93770,185,208,619,3
93771,185,208,624,2
93772,185,208,627,3
93773,185,208,629,5
93774,185,208,639,3
93775,185,208,641,3
93776,185,208,649,1
93777,185,208,654,2.5
93778,185,208,659,2
93779,185,208,662,3
93780,184,207,7,3
93781,184,207,20,2.5
93782,184,207,110,5
93783,184,207,126,3
93784,184,207,147,3.5
93785,184,207,182,5
93786,184,207,254,3
93787,184,207,294,3
93788,184,207,306,4
93789,184,207,311,3
93790,184,207,330,4
93791,184,207,356,3
93792,184,207,381,4
93793,184,207,385,3
93794,184,207,389,4
93795,184,207,452,3
93796,184,207,461,2.5
93797,184,207,468,2
93798,184,207,487,4
93799,184,207,493,4
93800,184,207,496,4
93801,184,207,518,3
93802,184,207,538,3
93803,184,207,564,3
93804,184,207,575,4
93805,184,207,641,3
93806,184,207,659,3
93807,184,207,665,3
93808,183,206,19,3
93809,183,206,254,3
93810,183,206,306,2
93811,183,206,312,5
93812,183,206,451,4
93813,183,206,536,4
93814,183,206,547,1
93815,183,206,564,5
93816,183,206,594,4
93817,183,206,595,5
93818,182,205,83,4
93819,182,205,242,4
93820,182,205,537,5
93821,182,205,564,3
93822,181,204,32,4
93823,181,204,92,4
93824,181,204,110,4
93825,181,204,161,3
93826,181,204,168,3
93827,181,204,194,4
93828,181,204,213,2.5
93829,181,204,247,3
93830,181,204,253,1
93831,181,204,254,3
93832,181,204,288,5
93833,181,204,311,3.5
93834,181,204,353,1.5
93835,181,204,385,1
93836,181,204,388,2
93837,181,204,389,3
93838,181,204,390,3
93839,181,204,409,4
93840,181,204,457,1
93841,181,204,461,1.5
93842,181,204,464,4
93843,181,204,496,4
93844,181,204,516,3
93845,181,204,535,3
93846,181,204,536,4
93847,181,204,589,3
93848,181,204,590,4
93849,181,204,619,3
93850,181,204,641,3
93851,181,204,643,2
93852,181,204,662,3
93853,180,203,30,3
93854,180,203,85,3
93855,180,203,86,4
93856,180,203,119,3
93857,180,203,121,4
93858,180,203,239,4
93859,180,203,294,4
93860,180,203,301,4
93861,180,203,308,5
93862,180,203,311,2.5
93863,180,203,312,4
93864,180,203,357,4
93865,180,203,452,3
93866,180,203,460,3
93867,180,203,461,2
93868,180,203,468,2
93869,180,203,487,3
93870,180,203,516,4
93871,180,203,518,4
93872,180,203,547,1.5
93873,180,203,564,4
93874,180,203,580,2
93875,180,203,641,3
93876,179,202,19,3
93877,179,202,102,4
93878,179,202,564,1
93879,179,202,659,4
93880,178,201,182,4
93881,177,200,177,4
93882,176,199,175,4
93883,176,199,492,3
93884,176,199,587,3
93885,175,198,7,2
93886,175,198,15,1.5
93887,175,198,17,5
93888,175,198,19,3
93889,175,198,34,3
93890,175,198,39,5
93891,175,198,67,4
93892,175,198,73,4
93893,175,198,86,3
93894,175,198,95,4
93895,175,198,105,4
93896,175,198,120,2.5
93897,175,198,121,5
93898,175,198,155,4
93899,175,198,165,3
93900,175,198,168,2
93901,175,198,177,5
93902,175,198,237,4
93903,175,198,242,4
93904,175,198,247,3
93905,175,198,254,4
93906,175,198,274,3.5
93907,175,198,285,4
93908,175,198,312,1
93909,175,198,313,3.5
93910,175,198,363,4
93911,175,198,383,3
93912,175,198,388,3
93913,175,198,396,4
93914,175,198,439,4
93915,175,198,464,4
93916,175,198,472,1
93917,175,198,502,4
93918,175,198,514,3
93919,175,198,536,5
93920,175,198,552,4
93921,175,198,564,4
93922,175,198,597,3
93923,175,198,608,5
93924,175,198,639,2
93925,175,198,649,2
93926,175,198,659,2
93927,175,198,664,4
93928,174,196,15,2
93929,174,196,19,3
93930,174,196,21,3
93931,174,196,30,2
93932,174,196,41,3
93933,174,196,85,3
93934,174,196,92,3
93935,174,196,95,3
93936,174,196,101,3.5
93937,174,196,103,1.5
93938,174,196,105,2.5
93939,174,196,119,2
93940,174,196,134,2
93941,174,196,150,1.5
93942,174,196,165,2
93943,174,196,168,2
93944,174,196,177,3
93945,174,196,188,3
93946,174,196,194,3
93947,174,196,195,2
93948,174,196,209,3
93949,174,196,213,2.5
93950,174,196,241,3
93951,174,196,247,4
93952,174,196,254,4
93953,174,196,279,3
93954,174,196,306,1
93955,174,196,319,4
93956,174,196,331,3
93957,174,196,345,2
93958,174,196,346,3
93959,174,196,380,2
93960,174,196,385,3
93961,174,196,396,3
93962,174,196,439,3
93963,174,196,461,2
93964,174,196,464,3
93965,174,196,516,4
93966,174,196,518,3
93967,174,196,533,2
93968,174,196,536,4
93969,174,196,551,3
93970,174,196,552,3
93971,174,196,555,3
93972,174,196,564,4
93973,174,196,574,3
93974,174,196,580,3
93975,174,196,590,3
93976,174,196,593,4
93977,174,196,597,3
93978,174,196,619,4
93979,174,196,639,3
93980,174,196,641,3
93981,174,196,649,2
93982,174,196,666,2
93983,173,195,182,4
93984,173,195,306,2
93985,173,195,311,3
93986,173,195,416,4
93987,173,195,452,4
93988,173,195,463,3
93989,173,195,487,4
93990,173,195,516,3
93991,173,195,518,3
93992,173,195,534,2
93993,173,195,536,4
93994,173,195,537,2
93995,173,195,614,3
93996,173,195,665,4
93997,172,194,17,4
93998,172,194,19,4
93999,172,194,86,4
94000,172,194,102,4
94001,172,194,241,5
94002,172,194,254,4
94003,172,194,344,5
94004,172,194,399,4
94005,172,194,409,5
94006,172,194,434,4
94007,172,194,441,4.5
94008,172,194,502,4
94009,172,194,509,4
94010,172,194,514,4
94011,172,194,536,4
94012,172,194,537,4
94013,172,194,547,5
94014,172,194,555,5
94015,172,194,564,4
94016,172,194,587,4.5
94017,172,194,596,5
94018,172,194,602,4
94019,172,194,652,4
94020,172,194,659,4
94021,171,193,15,1
94022,171,193,73,3
94023,171,193,78,5
94024,171,193,92,1
94025,171,193,110,5
94026,171,193,127,4
94027,171,193,130,0.5
94028,171,193,224,4
94029,171,193,254,3
94030,171,193,268,2
94031,171,193,294,3
94032,171,193,306,2
94033,171,193,338,2
94034,171,193,384,2.5
94035,171,193,388,1
94036,171,193,399,2
94037,171,193,412,2
94038,171,193,416,1
94039,171,193,452,1
94040,171,193,461,1.5
94041,171,193,477,0.5
94042,171,193,487,3
94043,171,193,511,1
94044,171,193,516,3
94045,171,193,522,2
94046,171,193,536,3
94047,171,193,547,3.5
94048,171,193,564,5
94049,171,193,574,1
94050,171,193,580,1.5
94051,171,193,590,3
94052,171,193,601,1.5
94053,171,193,607,2.5
94054,171,193,639,3
94055,171,193,654,1
94056,170,191,80,2
94057,170,191,516,3
94058,170,191,551,3
94059,170,191,639,3
94060,170,191,650,4
94061,169,190,81,3
94062,169,190,312,5
94063,169,190,514,3
94064,169,190,608,5
94065,169,190,647,5
94066,169,190,659,2
94067,168,189,564,4
94068,167,188,39,2
94069,167,188,85,1
94070,167,188,92,3
94071,167,188,285,5
94072,167,188,370,4
94073,167,188,388,2
94074,167,188,396,3
94075,167,188,403,4
94076,167,188,496,3
94077,167,188,516,3
94078,167,188,536,2
94079,167,188,564,5
94080,167,188,602,2
94081,167,188,609,5
94082,167,188,617,3
94083,167,188,659,3
94084,166,187,312,3
94085,166,187,393,3.5
94086,166,187,439,2
94087,165,186,2,3
94088,165,186,85,3
94089,165,186,86,1
94090,165,186,92,3
94091,165,186,110,4
94092,165,186,121,3
94093,165,186,126,2
94094,165,186,174,3.5
94095,165,186,182,3
94096,165,186,201,3
94097,165,186,212,2.5
94098,165,186,243,3
94099,165,186,276,3
94100,165,186,288,5
94101,165,186,295,3.5
94102,165,186,302,3
94103,165,186,306,3
94104,165,186,308,3
94105,165,186,311,2
94106,165,186,313,3
94107,165,186,323,3.5
94108,165,186,381,3
94109,165,186,388,2.5
94110,165,186,416,3
94111,165,186,421,3
94112,165,186,431,2.5
94113,165,186,447,3
94114,165,186,452,1
94115,165,186,462,2.5
94116,165,186,468,1.5
94117,165,186,471,3
94118,165,186,487,3
94119,165,186,516,3
94120,165,186,517,5
94121,165,186,518,2
94122,165,186,536,3
94123,165,186,547,3
94124,165,186,562,3.5
94125,165,186,564,3
94126,165,186,580,1
94127,165,186,590,3
94128,165,186,641,3
94129,165,186,646,4
94130,165,186,649,2
94131,165,186,654,3.5
94132,165,186,659,2
94133,165,186,662,3
94134,165,186,665,3
94135,164,185,2,3
94136,164,185,4,3
94137,164,185,15,2
94138,164,185,17,3
94139,164,185,23,3.5
94140,164,185,50,3
94141,164,185,73,2.5
94142,164,185,77,2
94143,164,185,78,4.5
94144,164,185,85,3
94145,164,185,88,3
94146,164,185,108,3
94147,164,185,110,4
94148,164,185,111,3
94149,164,185,114,4
94150,164,185,120,3
94151,164,185,122,2
94152,164,185,126,3
94153,164,185,144,2
94154,164,185,145,5
94155,164,185,148,3
94156,164,185,150,3.5
94157,164,185,151,3
94158,164,185,152,1.5
94159,164,185,161,4
94160,164,185,165,2.5
94161,164,185,177,4
94162,164,185,182,4
94163,164,185,191,3
94164,164,185,192,3
94165,164,185,200,2
94166,164,185,212,3
94167,164,185,213,3
94168,164,185,225,3
94169,164,185,242,4
94170,164,185,247,3
94171,164,185,266,3
94172,164,185,279,3
94173,164,185,285,3
94174,164,185,288,3
94175,164,185,292,3
94176,164,185,294,3.5
94177,164,185,295,3.5
94178,164,185,304,3.5
94179,164,185,306,3
94180,164,185,311,2.5
94181,164,185,317,4
94182,164,185,324,3
94183,164,185,338,3
94184,164,185,344,3
94185,164,185,346,4
94186,164,185,355,2.5
94187,164,185,369,3
94188,164,185,380,0.5
94189,164,185,385,3
94190,164,185,389,4
94191,164,185,390,3
94192,164,185,394,3.5
94193,164,185,396,3
94194,164,185,400,1
94195,164,185,412,3
94196,164,185,415,4
94197,164,185,430,3.5
94198,164,185,439,3
94199,164,185,447,3
94200,164,185,449,4
94201,164,185,453,5
94202,164,185,457,1.5
94203,164,185,461,2
94204,164,185,468,1.5
94205,164,185,480,4
94206,164,185,487,3
94207,164,185,496,5
94208,164,185,499,1
94209,164,185,508,3
94210,164,185,516,3
94211,164,185,517,5
94212,164,185,525,4
94213,164,185,530,3
94214,164,185,534,4
94215,164,185,535,2
94216,164,185,536,4
94217,164,185,538,3
94218,164,185,552,2
94219,164,185,562,3.5
94220,164,185,564,4
94221,164,185,575,2
94222,164,185,588,3
94223,164,185,590,3
94224,164,185,593,5
94225,164,185,597,3
94226,164,185,607,3
94227,164,185,619,4
94228,164,185,624,2.5
94229,164,185,627,2.5
94230,164,185,633,2
94231,164,185,639,2
94232,164,185,641,4
94233,164,185,652,4
94234,164,185,662,4
94235,164,185,666,3
94236,164,185,667,3
94237,163,184,254,4
94238,163,184,564,5
94239,162,183,564,5
94240,161,181,21,2
94241,161,181,85,1
94242,161,181,92,3
94243,161,181,161,3
94244,161,181,165,1
94245,161,181,192,2
94246,161,181,239,1
94247,161,181,241,3
94248,161,181,254,3
94249,161,181,285,1
94250,161,181,420,1
94251,161,181,453,2
94252,161,181,518,2
94253,161,181,536,1
94254,161,181,564,1
94255,160,180,15,3
94256,160,180,19,3
94257,160,180,39,5
94258,160,180,73,3.5
94259,160,180,86,3
94260,160,180,119,2
94261,160,180,150,3
94262,160,180,159,3
94263,160,180,184,3
94264,160,180,187,4.5
94265,160,180,199,3.5
94266,160,180,212,3.5
94267,160,180,219,3
94268,160,180,239,4
94269,160,180,285,4
94270,160,180,292,4.5
94271,160,180,299,3.5
94272,160,180,353,2.5
94273,160,180,380,3
94274,160,180,388,2
94275,160,180,408,5
94276,160,180,423,3.5
94277,160,180,457,3
94278,160,180,461,4
94279,160,180,462,3
94280,160,180,472,2
94281,160,180,480,3
94282,160,180,487,3
94283,160,180,509,2
94284,160,180,514,3
94285,160,180,536,4
94286,160,180,547,0.5
94287,160,180,561,4.5
94288,160,180,562,4
94289,160,180,564,4
94290,160,180,580,3
94291,160,180,598,4
94292,160,180,602,3
94293,160,180,607,3.5
94294,160,180,624,3.5
94295,160,180,634,3.5
94296,160,180,654,4
94297,160,180,664,3
94298,160,180,665,3
94299,159,179,19,2
94300,159,179,110,5
94301,159,179,128,4
94302,159,179,306,3
94303,159,179,487,3
94304,159,179,652,4
94305,158,178,86,5
94306,158,178,254,5
94307,158,178,299,3.5
94308,158,178,407,5
94309,158,178,536,5
94310,157,177,19,2
94311,157,177,39,4
94312,157,177,73,3
94313,157,177,85,2
94314,157,177,92,2
94315,157,177,243,3
94316,157,177,285,5
94317,157,177,311,0.5
94318,157,177,396,3
94319,157,177,516,3
94320,157,177,536,5
94321,157,177,564,2
94322,157,177,602,3
94323,156,176,15,4
94324,156,176,19,4
94325,156,176,56,4
94326,156,176,254,5
94327,156,176,285,5
94328,156,176,306,3
94329,156,176,312,3
94330,156,176,434,4
94331,156,176,460,1.5
94332,156,176,461,2.5
94333,156,176,472,3
94334,156,176,509,3
94335,156,176,514,5
94336,156,176,537,4
94337,156,176,547,5
94338,156,176,564,4
94339,156,176,595,5
94340,156,176,608,3
94341,155,175,15,4
94342,155,175,39,3
94343,155,175,73,4.5
94344,155,175,168,3
94345,155,175,184,4
94346,155,175,187,4
94347,155,175,224,5
94348,155,175,254,3
94349,155,175,262,5
94350,155,175,299,4
94351,155,175,304,4.5
94352,155,175,331,3
94353,155,175,348,5
94354,155,175,408,5
94355,155,175,452,4
94356,155,175,457,4.5
94357,155,175,487,4
94358,155,175,509,3
94359,155,175,514,5
94360,155,175,564,1
94361,155,175,580,3.5
94362,155,175,606,5
94363,155,175,648,4
94364,154,174,95,2
94365,154,174,150,3
94366,154,174,182,3
94367,154,174,564,1
94368,153,173,4,3
94369,153,173,6,2
94370,153,173,22,1.5
94371,153,173,32,3
94372,153,173,41,4
94373,153,173,47,5
94374,153,173,49,2
94375,153,173,60,3.5
94376,153,173,73,3
94377,153,173,77,2.5
94378,153,173,85,4
94379,153,173,92,3
94380,153,173,105,2
94381,153,173,110,3
94382,153,173,119,1
94383,153,173,130,1
94384,153,173,143,2
94385,153,173,151,1
94386,153,173,161,3
94387,153,173,165,1.5
94388,153,173,168,1
94389,153,173,177,3
94390,153,173,188,3
94391,153,173,194,3
94392,153,173,199,4
94393,153,173,212,1.5
94394,153,173,213,2
94395,153,173,221,2.5
94396,153,173,224,4
94397,153,173,243,2.5
94398,153,173,253,2
94399,153,173,254,3
94400,153,173,268,2.5
94401,153,173,279,2
94402,153,173,285,3
94403,153,173,288,3
94404,153,173,292,3
94405,153,173,354,4
94406,153,173,355,1.5
94407,153,173,367,0.5
94408,153,173,384,4
94409,153,173,385,3
94410,153,173,389,2
94411,153,173,390,3
94412,153,173,396,3
94413,153,173,398,5
94414,153,173,421,1
94415,153,173,426,2
94416,153,173,433,1
94417,153,173,447,2
94418,153,173,453,3
94419,153,173,461,1.5
94420,153,173,464,2
94421,153,173,516,3
94422,153,173,517,4
94423,153,173,518,1
94424,153,173,522,3
94425,153,173,525,3
94426,153,173,534,2
94427,153,173,535,3
94428,153,173,561,1
94429,153,173,564,4
94430,153,173,574,2.5
94431,153,173,577,4
94432,153,173,580,2.5
94433,153,173,589,3
94434,153,173,590,3
94435,153,173,593,3
94436,153,173,605,1
94437,153,173,619,2
94438,152,172,15,1
94439,152,172,17,3.5
94440,152,172,19,1
94441,152,172,23,2.5
94442,152,172,41,3.5
94443,152,172,73,3.5
94444,152,172,78,5
94445,152,172,85,3
94446,152,172,86,3
94447,152,172,92,1
94448,152,172,101,2.5
94449,152,172,148,2.5
94450,152,172,150,1
94451,152,172,161,4
94452,152,172,174,2
94453,152,172,177,4
94454,152,172,185,2
94455,152,172,194,3
94456,152,172,209,2
94457,152,172,212,2
94458,152,172,213,2.5
94459,152,172,221,2.5
94460,152,172,243,2
94461,152,172,253,2
94462,152,172,254,2
94463,152,172,311,0.5
94464,152,172,367,2
94465,152,172,384,2
94466,152,172,389,3
94467,152,172,396,3
94468,152,172,447,2
94469,152,172,470,4
94470,152,172,514,2
94471,152,172,518,3
94472,152,172,535,2
94473,152,172,550,2
94474,152,172,552,3
94475,152,172,564,1
94476,152,172,580,2.5
94477,152,172,590,3
94478,152,172,593,5
94479,152,172,596,3.5
94480,152,172,605,3
94481,152,172,618,2
94482,152,172,619,3
94483,152,172,624,2
94484,152,172,649,3
94485,152,172,654,4
94486,151,171,86,4
94487,151,171,121,4
94488,151,171,312,4
94489,151,171,407,5
94490,151,171,537,5
94491,151,171,564,4
94492,150,170,15,2.5
94493,150,170,17,4
94494,150,170,30,4
94495,150,170,39,3
94496,150,170,85,3
94497,150,170,99,2
94498,150,170,128,5
94499,150,170,150,2.5
94500,150,170,153,5
94501,150,170,177,4
94502,150,170,200,4
94503,150,170,213,3
94504,150,170,285,4
94505,150,170,294,3
94506,150,170,353,2
94507,150,170,396,3
94508,150,170,468,2
94509,150,170,469,4.5
94510,150,170,496,3
94511,150,170,534,3
94512,150,170,564,4
94513,150,170,605,3
94514,150,170,624,3
94515,150,170,639,3
94516,150,170,647,3
94517,150,170,664,3
94518,149,169,11,3
94519,149,169,73,0.5
94520,149,169,182,3
94521,149,169,335,2.5
94522,149,169,392,1.5
94523,149,169,515,5
94524,149,169,518,4
94525,149,169,564,1
94526,148,168,2,3
94527,148,168,32,3
94528,148,168,39,3
94529,148,168,64,3
94530,148,168,73,2.5
94531,148,168,105,2
94532,148,168,110,4
94533,148,168,119,2
94534,148,168,128,4
94535,148,168,174,4
94536,148,168,182,5
94537,148,168,212,3
94538,148,168,213,3.5
94539,148,168,243,3
94540,148,168,263,3
94541,148,168,276,1.5
94542,148,168,285,2
94543,148,168,294,3
94544,148,168,302,3
94545,148,168,311,2
94546,148,168,338,3
94547,148,168,344,2
94548,148,168,355,3
94549,148,168,370,3
94550,148,168,384,3
94551,148,168,389,4
94552,148,168,390,3
94553,148,168,396,2
94554,148,168,405,2.5
94555,148,168,416,4
94556,148,168,421,3
94557,148,168,447,3
94558,148,168,452,3
94559,148,168,461,2
94560,148,168,463,3
94561,148,168,487,3
94562,148,168,496,5
94563,148,168,516,3
94564,148,168,534,4
94565,148,168,548,3
94566,148,168,590,3
94567,148,168,619,5
94568,148,168,665,5
94569,147,167,659,4
94570,146,166,19,2
94571,146,166,299,5
94572,146,166,509,1
94573,146,166,564,4
94574,145,165,2,3
94575,145,165,15,3
94576,145,165,19,3
94577,145,165,24,4
94578,145,165,26,2.5
94579,145,165,30,4
94580,145,165,32,4
94581,145,165,36,3
94582,145,165,39,5
94583,145,165,41,4
94584,145,165,42,3.5
94585,145,165,47,4
94586,145,165,50,4
94587,145,165,53,4
94588,145,165,64,3
94589,145,165,73,3.5
94590,145,165,77,2.5
94591,145,165,82,3
94592,145,165,85,4
94593,145,165,88,3
94594,145,165,89,4
94595,145,165,92,3
94596,145,165,105,3.5
94597,145,165,110,5
94598,145,165,114,3
94599,145,165,121,3
94600,145,165,122,2
94601,145,165,130,2
94602,145,165,134,4
94603,145,165,144,4
94604,145,165,145,5
94605,145,165,146,3
94606,145,165,150,3.5
94607,145,165,151,4
94608,145,165,157,3
94609,145,165,159,3.5
94610,145,165,161,3
94611,145,165,165,5
94612,145,165,168,3
94613,145,165,177,5
94614,145,165,182,3
94615,145,165,188,2
94616,145,165,191,3
94617,145,165,194,4
94618,145,165,195,1
94619,145,165,201,4
94620,145,165,212,3
94621,145,165,213,3.5
94622,145,165,224,4
94623,145,165,240,3.5
94624,145,165,242,4
94625,145,165,247,4
94626,145,165,249,4
94627,145,165,250,4.5
94628,145,165,254,4
94629,145,165,268,3.5
94630,145,165,279,3
94631,145,165,282,4
94632,145,165,288,4
94633,145,165,290,4.5
94634,145,165,294,3
94635,145,165,295,4
94636,145,165,302,3
94637,145,165,306,4
94638,145,165,311,3
94639,145,165,313,3.5
94640,145,165,317,4
94641,145,165,330,2
94642,145,165,339,3
94643,145,165,344,3
94644,145,165,353,3.5
94645,145,165,354,2
94646,145,165,355,3
94647,145,165,369,3
94648,145,165,375,3
94649,145,165,384,3.5
94650,145,165,385,4
94651,145,165,388,3
94652,145,165,390,4
94653,145,165,394,4
94654,145,165,400,4
94655,145,165,409,2
94656,145,165,410,3
94657,145,165,415,3
94658,145,165,416,4
94659,145,165,417,3
94660,145,165,421,2
94661,145,165,423,2.5
94662,145,165,440,4
94663,145,165,447,3
94664,145,165,452,4
94665,145,165,455,3.5
94666,145,165,457,2.5
94667,145,165,458,3.5
94668,145,165,461,2.5
94669,145,165,464,4
94670,145,165,480,5
94671,145,165,487,3
94672,145,165,495,3
94673,145,165,496,4
94674,145,165,516,4
94675,145,165,517,4
94676,145,165,518,3
94677,145,165,522,3
94678,145,165,527,1
94679,145,165,531,0.5
94680,145,165,534,4
94681,145,165,535,3
94682,145,165,536,5
94683,145,165,538,3
94684,145,165,547,4.5
94685,145,165,552,3
94686,145,165,556,5
94687,145,165,560,4
94688,145,165,562,3.5
94689,145,165,564,4
94690,145,165,568,4
94691,145,165,570,5
94692,145,165,574,3.5
94693,145,165,577,4.5
94694,145,165,586,3.5
94695,145,165,588,3
94696,145,165,589,3
94697,145,165,590,4
94698,145,165,592,5
94699,145,165,593,4
94700,145,165,596,3.5
94701,145,165,605,3
94702,145,165,607,3.5
94703,145,165,619,3
94704,145,165,624,4
94705,145,165,627,3.5
94706,145,165,639,3
94707,145,165,641,4
94708,145,165,649,3
94709,145,165,654,4
94710,145,165,657,3
94711,145,165,662,3
94712,145,165,664,3.5
94713,145,165,665,3
94714,145,165,666,2
94715,145,165,667,3
94716,144,164,15,4
94717,144,164,57,3
94718,144,164,105,4
94719,144,164,168,3
94720,144,164,177,4
94721,144,164,195,4
94722,144,164,232,5
94723,144,164,242,5
94724,144,164,305,3
94725,144,164,311,2
94726,144,164,321,4
94727,144,164,322,3
94728,144,164,330,3
94729,144,164,441,4.5
94730,144,164,452,3
94731,144,164,529,3
94732,144,164,534,3
94733,144,164,537,4
94734,144,164,547,3
94735,144,164,569,4
94736,144,164,580,3
94737,144,164,595,4
94738,144,164,597,4
94739,144,164,602,4
94740,144,164,605,3
94741,144,164,608,3
94742,143,163,15,2
94743,143,163,22,4.5
94744,143,163,48,3.5
94745,143,163,57,4
94746,143,163,60,4
94747,143,163,73,3.5
94748,143,163,77,3
94749,143,163,88,3
94750,143,163,92,5
94751,143,163,101,2.5
94752,143,163,110,5
94753,143,163,119,4
94754,143,163,121,5
94755,143,163,161,4
94756,143,163,165,4
94757,143,163,166,3.5
94758,143,163,168,3
94759,143,163,174,1.5
94760,143,163,177,4
94761,143,163,209,4
94762,143,163,212,2.5
94763,143,163,221,2.5
94764,143,163,247,4
94765,143,163,254,4
94766,143,163,268,3
94767,143,163,285,4
94768,143,163,288,4
94769,143,163,291,3
94770,143,163,294,4
94771,143,163,295,4.5
94772,143,163,299,4.5
94773,143,163,311,2.5
94774,143,163,328,3.5
94775,143,163,332,3.5
94776,143,163,353,3.5
94777,143,163,385,1
94778,143,163,388,4
94779,143,163,389,1
94780,143,163,422,4
94781,143,163,437,3
94782,143,163,457,3
94783,143,163,461,3
94784,143,163,464,4
94785,143,163,514,3
94786,143,163,516,3
94787,143,163,520,3
94788,143,163,532,3.5
94789,143,163,534,4
94790,143,163,536,5
94791,143,163,537,5
94792,143,163,538,3
94793,143,163,561,4
94794,143,163,562,4
94795,143,163,572,2.5
94796,143,163,574,3.5
94797,143,163,584,3.5
94798,143,163,590,3
94799,143,163,596,3.5
94800,143,163,603,4
94801,143,163,607,3.5
94802,143,163,624,3.5
94803,143,163,655,4
94804,143,163,664,4
94805,142,162,15,4
94806,142,162,19,5
94807,142,162,30,1
94808,142,162,39,5
94809,142,162,86,3
94810,142,162,102,5
94811,142,162,187,4
94812,142,162,224,5
94813,142,162,254,4
94814,142,162,312,4
94815,142,162,342,3
94816,142,162,373,5
94817,142,162,391,5
94818,142,162,407,4
94819,142,162,434,4
94820,142,162,460,3.5
94821,142,162,468,4
94822,142,162,472,5
94823,142,162,499,4
94824,142,162,509,4.5
94825,142,162,514,5
94826,142,162,529,2.5
94827,142,162,547,3
94828,142,162,548,4
94829,142,162,564,5
94830,142,162,580,3
94831,142,162,587,3
94832,142,162,594,5
94833,142,162,595,5
94834,142,162,602,5
94835,142,162,642,5
94836,142,162,659,4
94837,142,162,666,5
94838,141,161,2,3
94839,141,161,15,3
94840,141,161,30,5
94841,141,161,47,5
94842,141,161,49,4
94843,141,161,50,4
94844,141,161,75,4
94845,141,161,77,2
94846,141,161,85,4
94847,141,161,92,5
94848,141,161,94,3.5
94849,141,161,108,3
94850,141,161,110,4
94851,141,161,111,4
94852,141,161,119,4
94853,141,161,121,4
94854,141,161,122,3
94855,141,161,126,4
94856,141,161,145,5
94857,141,161,151,5
94858,141,161,152,4
94859,141,161,161,5
94860,141,161,177,4
94861,141,161,184,3
94862,141,161,191,4
94863,141,161,235,4.5
94864,141,161,248,5
94865,141,161,279,3
94866,141,161,288,3
94867,141,161,306,2
94868,141,161,311,3
94869,141,161,338,3
94870,141,161,344,4
94871,141,161,353,3
94872,141,161,357,4
94873,141,161,360,5
94874,141,161,380,4
94875,141,161,385,4
94876,141,161,389,4
94877,141,161,396,4
94878,141,161,400,3
94879,141,161,415,4
94880,141,161,416,4
94881,141,161,417,3.5
94882,141,161,442,4.5
94883,141,161,447,4
94884,141,161,452,3
94885,141,161,461,2.5
94886,141,161,463,3
94887,141,161,487,4
94888,141,161,495,3
94889,141,161,496,4
94890,141,161,508,4
94891,141,161,513,5
94892,141,161,516,4
94893,141,161,534,5
94894,141,161,535,4
94895,141,161,536,5
94896,141,161,537,3
94897,141,161,547,1
94898,141,161,548,3
94899,141,161,550,4
94900,141,161,556,5
94901,141,161,564,4
94902,141,161,568,4
94903,141,161,577,4.5
94904,141,161,588,4
94905,141,161,590,4
94906,141,161,598,4
94907,141,161,607,4
94908,141,161,619,4
94909,141,161,624,4
94910,141,161,633,3
94911,141,161,639,4
94912,141,161,647,3
94913,141,161,649,4
94914,141,161,654,4.5
94915,141,161,657,4
94916,141,161,658,4
94917,141,161,667,4
94918,140,160,15,0.5
94919,140,160,19,4
94920,140,160,39,3
94921,140,160,47,3
94922,140,160,50,3
94923,140,160,56,2
94924,140,160,73,3
94925,140,160,82,2
94926,140,160,85,3
94927,140,160,86,2
94928,140,160,88,2
94929,140,160,92,2
94930,140,160,99,2
94931,140,160,110,3
94932,140,160,115,2
94933,140,160,119,2
94934,140,160,126,3
94935,140,160,128,4
94936,140,160,143,1.5
94937,140,160,151,3
94938,140,160,157,3
94939,140,160,161,3
94940,140,160,177,2
94941,140,160,188,3
94942,140,160,192,3
94943,140,160,194,3
94944,140,160,213,3
94945,140,160,241,2
94946,140,160,247,3
94947,140,160,254,4
94948,140,160,279,2
94949,140,160,285,1
94950,140,160,288,2
94951,140,160,294,3.5
94952,140,160,306,1
94953,140,160,308,2
94954,140,160,311,0.5
94955,140,160,367,2.5
94956,140,160,384,1
94957,140,160,385,2
94958,140,160,389,3
94959,140,160,396,3
94960,140,160,400,2
94961,140,160,421,1
94962,140,160,447,3
94963,140,160,461,1.5
94964,140,160,463,1
94965,140,160,468,1.5
94966,140,160,487,3
94967,140,160,496,3
94968,140,160,517,1
94969,140,160,518,3
94970,140,160,535,3
94971,140,160,536,3
94972,140,160,561,2.5
94973,140,160,564,1
94974,140,160,580,1.5
94975,140,160,590,3
94976,140,160,597,3
94977,140,160,619,3
94978,140,160,639,2
94979,140,160,649,1
94980,140,160,659,2
94981,139,159,19,4
94982,139,159,86,3
94983,139,159,102,4
94984,139,159,388,4.5
94985,139,159,509,3
94986,139,159,514,4
94987,139,159,536,5
94988,139,159,580,4
94989,138,158,6,2
94990,138,158,22,1
94991,138,158,30,3
94992,138,158,32,3
94993,138,158,48,3
94994,138,158,61,1.5
94995,138,158,69,3
94996,138,158,73,2
94997,138,158,85,1
94998,138,158,114,4
94999,138,158,161,4
95000,138,158,165,2
95001,138,158,188,3
95002,138,158,192,3
95003,138,158,194,3
95004,138,158,212,3
95005,138,158,213,3
95006,138,158,224,5
95007,138,158,241,3
95008,138,158,243,2
95009,138,158,255,2
95010,138,158,288,5
95011,138,158,292,4
95012,138,158,302,3
95013,138,158,311,2
95014,138,158,332,0.5
95015,138,158,338,3
95016,138,158,357,3
95017,138,158,382,2.5
95018,138,158,396,3
95019,138,158,416,2
95020,138,158,417,0.5
95021,138,158,418,4
95022,138,158,421,3
95023,138,158,447,3
95024,138,158,461,1
95025,138,158,464,4
95026,138,158,468,2
95027,138,158,477,2
95028,138,158,480,4.5
95029,138,158,487,3
95030,138,158,496,4
95031,138,158,500,2.5
95032,138,158,518,4
95033,138,158,530,3
95034,138,158,531,2.5
95035,138,158,534,5
95036,138,158,536,4
95037,138,158,564,3
95038,138,158,577,1.5
95039,138,158,582,3.5
95040,138,158,591,2
95041,138,158,592,2
95042,138,158,624,3
95043,138,158,645,3
95044,138,158,654,4
95045,138,158,662,4
95046,138,158,665,4
95047,137,157,15,2
95048,137,157,33,1
95049,137,157,239,4
95050,137,157,285,4
95051,137,157,358,1
95052,137,157,514,2
95053,137,157,520,2
95054,137,157,564,3
95055,136,156,80,5
95056,136,156,254,4
95057,136,156,344,4
95058,136,156,434,2
95059,136,156,441,4
95060,136,156,514,4
95061,136,156,537,3
95062,136,156,547,2.5
95063,136,156,564,5
95064,136,156,596,5
95065,136,156,602,5
95066,135,155,311,4.5
95067,135,155,467,3
95068,135,155,472,3
95069,135,155,516,4
95070,135,155,547,2
95071,135,155,552,3
95072,135,155,564,2
95073,135,155,602,3
95074,135,155,659,3
95075,134,154,19,4
95076,134,154,23,4
95077,134,154,81,4
95078,134,154,86,4
95079,134,154,99,3
95080,134,154,224,4
95081,134,154,254,5
95082,134,154,262,2
95083,134,154,265,4
95084,134,154,409,4
95085,134,154,492,5
95086,134,154,509,4
95087,134,154,516,4
95088,134,154,536,2
95089,134,154,555,4
95090,134,154,587,4
95091,133,153,2,4
95092,133,153,4,4
95093,133,153,15,1
95094,133,153,19,3
95095,133,153,20,4
95096,133,153,22,3
95097,133,153,23,3
95098,133,153,26,3.5
95099,133,153,32,4
95100,133,153,39,3
95101,133,153,47,4
95102,133,153,64,5
95103,133,153,73,1
95104,133,153,74,4
95105,133,153,82,3
95106,133,153,85,4
95107,133,153,88,2
95108,133,153,92,3
95109,133,153,105,3
95110,133,153,108,3
95111,133,153,110,3
95112,133,153,114,3
95113,133,153,116,1.5
95114,133,153,119,1
95115,133,153,121,3
95116,133,153,122,3
95117,133,153,126,4
95118,133,153,128,3
95119,133,153,130,0.5
95120,133,153,132,3.5
95121,133,153,134,3
95122,133,153,144,3
95123,133,153,145,5
95124,133,153,146,2
95125,133,153,150,3
95126,133,153,151,1
95127,133,153,161,3
95128,133,153,163,0.5
95129,133,153,168,3
95130,133,153,188,3
95131,133,153,191,2
95132,133,153,201,4
95133,133,153,212,2.5
95134,133,153,213,4
95135,133,153,224,4
95136,133,153,225,4
95137,133,153,232,4
95138,133,153,237,2.5
95139,133,153,239,3
95140,133,153,241,3
95141,133,153,243,2
95142,133,153,247,3
95143,133,153,249,2
95144,133,153,254,3
95145,133,153,268,2
95146,133,153,276,1.5
95147,133,153,279,2
95148,133,153,281,3
95149,133,153,285,2
95150,133,153,288,2
95151,133,153,292,3.5
95152,133,153,294,4
95153,133,153,295,3
95154,133,153,305,3
95155,133,153,311,3
95156,133,153,317,2
95157,133,153,319,4
95158,133,153,338,3
95159,133,153,344,1
95160,133,153,345,2
95161,133,153,353,1.5
95162,133,153,354,3
95163,133,153,355,3
95164,133,153,358,2
95165,133,153,369,3
95166,133,153,384,3
95167,133,153,389,3
95168,133,153,390,3
95169,133,153,396,3
95170,133,153,400,3
95171,133,153,409,3
95172,133,153,416,3
95173,133,153,418,2
95174,133,153,423,2
95175,133,153,428,1.5
95176,133,153,430,1
95177,133,153,442,4
95178,133,153,447,3
95179,133,153,453,5
95180,133,153,457,2
95181,133,153,461,0.5
95182,133,153,464,5
95183,133,153,466,2
95184,133,153,468,1
95185,133,153,475,1
95186,133,153,487,3
95187,133,153,496,2
95188,133,153,514,3
95189,133,153,516,2
95190,133,153,517,3
95191,133,153,518,3
95192,133,153,534,3
95193,133,153,535,3
95194,133,153,536,4
95195,133,153,538,3
95196,133,153,547,2
95197,133,153,550,1
95198,133,153,552,2
95199,133,153,561,3
95200,133,153,564,3
95201,133,153,568,5
95202,133,153,574,2
95203,133,153,575,4
95204,133,153,580,2
95205,133,153,588,4
95206,133,153,589,3
95207,133,153,590,3
95208,133,153,602,3
95209,133,153,607,3
95210,133,153,608,1
95211,133,153,619,2
95212,133,153,623,3
95213,133,153,624,2.5
95214,133,153,641,3
95215,133,153,649,4
95216,133,153,654,3.5
95217,133,153,657,2
95218,133,153,659,3
95219,133,153,666,2
95220,132,152,10,4
95221,132,152,564,4
95222,132,152,580,3.5
95223,131,151,7,4
95224,131,151,21,4
95225,131,151,36,3
95226,131,151,57,5
95227,131,151,63,0.5
95228,131,151,67,5
95229,131,151,83,0.5
95230,131,151,86,4
95231,131,151,92,3
95232,131,151,105,3.5
95233,131,151,119,3
95234,131,151,168,3
95235,131,151,194,3
95236,131,151,204,3
95237,131,151,212,3
95238,131,151,224,4
95239,131,151,232,2
95240,131,151,243,3
95241,131,151,248,4
95242,131,151,253,4.5
95243,131,151,279,3
95244,131,151,328,3.5
95245,131,151,353,2.5
95246,131,151,354,5
95247,131,151,370,4
95248,131,151,385,4
95249,131,151,389,4
95250,131,151,391,2
95251,131,151,396,5
95252,131,151,407,3
95253,131,151,421,4
95254,131,151,447,3
95255,131,151,463,3
95256,131,151,496,5
95257,131,151,509,4
95258,131,151,513,5
95259,131,151,514,4
95260,131,151,534,3
95261,131,151,537,4
95262,131,151,555,3
95263,131,151,564,5
95264,131,151,569,4
95265,131,151,590,4
95266,131,151,639,4
95267,131,151,649,3
95268,131,151,658,5
95269,131,151,659,4
95270,131,151,667,3
95271,130,150,2,5
95272,130,150,5,4
95273,130,150,15,3
95274,130,150,19,3
95275,130,150,20,3
95276,130,150,23,3.5
95277,130,150,24,3
95278,130,150,30,5
95279,130,150,32,5
95280,130,150,34,4
95281,130,150,39,4
95282,130,150,47,4
95283,130,150,50,3
95284,130,150,58,5
95285,130,150,59,4
95286,130,150,63,4
95287,130,150,64,3
95288,130,150,68,4
95289,130,150,72,3.5
95290,130,150,73,3.5
95291,130,150,78,3.5
95292,130,150,79,2.5
95293,130,150,82,4
95294,130,150,83,5
95295,130,150,86,4
95296,130,150,88,4
95297,130,150,92,3
95298,130,150,93,4
95299,130,150,94,5
95300,130,150,102,4
95301,130,150,104,4
95302,130,150,105,3
95303,130,150,110,5
95304,130,150,111,4
95305,130,150,121,4
95306,130,150,122,3
95307,130,150,125,4.5
95308,130,150,126,5
95309,130,150,130,4
95310,130,150,142,3
95311,130,150,144,3
95312,130,150,145,3
95313,130,150,146,4
95314,130,150,151,5
95315,130,150,152,3.5
95316,130,150,159,3.5
95317,130,150,161,4
95318,130,150,163,4.5
95319,130,150,168,4
95320,130,150,172,4
95321,130,150,177,5
95322,130,150,182,5
95323,130,150,185,3
95324,130,150,188,5
95325,130,150,191,4
95326,130,150,194,4
95327,130,150,195,3
95328,130,150,201,5
95329,130,150,212,4
95330,130,150,213,1.5
95331,130,150,224,5
95332,130,150,225,4
95333,130,150,232,4
95334,130,150,240,4
95335,130,150,241,2
95336,130,150,242,5
95337,130,150,243,2.5
95338,130,150,253,4
95339,130,150,254,3
95340,130,150,261,3.5
95341,130,150,266,5
95342,130,150,268,4.5
95343,130,150,273,3.5
95344,130,150,279,4
95345,130,150,281,3.5
95346,130,150,282,4.5
95347,130,150,283,4
95348,130,150,286,5
95349,130,150,288,3
95350,130,150,290,4
95351,130,150,292,4
95352,130,150,295,4.5
95353,130,150,300,4.5
95354,130,150,304,4
95355,130,150,306,4
95356,130,150,308,3
95357,130,150,311,5
95358,130,150,313,3.5
95359,130,150,317,4
95360,130,150,324,4
95361,130,150,328,4
95362,130,150,330,2
95363,130,150,338,4
95364,130,150,342,5
95365,130,150,353,2
95366,130,150,355,3
95367,130,150,365,5
95368,130,150,369,4
95369,130,150,375,5
95370,130,150,380,4
95371,130,150,382,3
95372,130,150,383,4
95373,130,150,385,4
95374,130,150,388,4.5
95375,130,150,389,4
95376,130,150,391,2
95377,130,150,396,5
95378,130,150,400,4
95379,130,150,402,4.5
95380,130,150,407,5
95381,130,150,408,3
95382,130,150,409,4
95383,130,150,415,3
95384,130,150,416,3
95385,130,150,418,4
95386,130,150,421,4
95387,130,150,426,4.5
95388,130,150,430,4
95389,130,150,431,4
95390,130,150,432,4.5
95391,130,150,434,3
95392,130,150,437,5
95393,130,150,440,5
95394,130,150,441,3.5
95395,130,150,442,4
95396,130,150,447,4
95397,130,150,449,4
95398,130,150,452,4
95399,130,150,461,3
95400,130,150,466,4
95401,130,150,468,3
95402,130,150,471,4.5
95403,130,150,472,3
95404,130,150,479,5
95405,130,150,480,4.5
95406,130,150,487,4
95407,130,150,495,4
95408,130,150,496,4
95409,130,150,502,3
95410,130,150,508,5
95411,130,150,509,3
95412,130,150,511,4
95413,130,150,513,3
95414,130,150,514,4
95415,130,150,523,3.5
95416,130,150,533,4
95417,130,150,534,5
95418,130,150,536,5
95419,130,150,537,4
95420,130,150,538,4
95421,130,150,544,5
95422,130,150,547,4
95423,130,150,548,3
95424,130,150,551,4
95425,130,150,555,3
95426,130,150,556,5
95427,130,150,559,5
95428,130,150,560,4.5
95429,130,150,561,4
95430,130,150,562,4.5
95431,130,150,563,2.5
95432,130,150,564,3
95433,130,150,565,3
95434,130,150,568,3
95435,130,150,570,3.5
95436,130,150,571,4
95437,130,150,574,3
95438,130,150,577,4.5
95439,130,150,587,4.5
95440,130,150,588,4
95441,130,150,589,4
95442,130,150,590,5
95443,130,150,592,4
95444,130,150,593,4
95445,130,150,595,4
95446,130,150,596,3.5
95447,130,150,599,1.5
95448,130,150,602,3
95449,130,150,603,4
95450,130,150,605,4
95451,130,150,607,4
95452,130,150,619,5
95453,130,150,623,4
95454,130,150,624,3
95455,130,150,627,3
95456,130,150,629,3
95457,130,150,632,4
95458,130,150,633,4
95459,130,150,639,4
95460,130,150,641,4
95461,130,150,649,4
95462,130,150,653,4
95463,130,150,654,5
95464,130,150,657,4
95465,130,150,658,5
95466,130,150,659,5
95467,130,150,662,4
95468,130,150,666,4
95469,130,150,667,4
95470,130,150,670,3
95471,129,149,15,5
95472,129,149,224,5
95473,129,149,254,4
95474,129,149,564,5
95475,129,149,608,4
95476,129,149,647,3
95477,128,148,575,4
95478,127,147,36,3
95479,127,147,56,2
95480,127,147,73,4.5
95481,127,147,86,5
95482,127,147,102,4
95483,127,147,153,4
95484,127,147,166,4.5
95485,127,147,187,4
95486,127,147,212,2
95487,127,147,254,3
95488,127,147,293,4
95489,127,147,430,4.5
95490,127,147,457,4
95491,127,147,487,4
95492,127,147,509,3
95493,127,147,514,4
95494,127,147,564,2
95495,127,147,580,4.5
95496,127,147,596,3.5
95497,127,147,602,3
95498,127,147,627,4
95499,126,146,182,5
95500,126,146,254,4
95501,126,146,605,4
95502,125,145,15,3.5
95503,125,145,19,4
95504,125,145,36,3
95505,125,145,39,3
95506,125,145,73,3
95507,125,145,92,3
95508,125,145,101,3.5
95509,125,145,119,4
95510,125,145,128,4
95511,125,145,134,1
95512,125,145,148,2
95513,125,145,150,2.5
95514,125,145,161,3
95515,125,145,165,3.5
95516,125,145,168,3
95517,125,145,189,2
95518,125,145,200,4.5
95519,125,145,212,2.5
95520,125,145,247,3
95521,125,145,254,3
95522,125,145,290,4.5
95523,125,145,332,4.5
95524,125,145,339,3.5
95525,125,145,380,3
95526,125,145,384,3.5
95527,125,145,385,4
95528,125,145,388,3
95529,125,145,432,4
95530,125,145,455,3
95531,125,145,457,2
95532,125,145,473,4.5
95533,125,145,487,4
95534,125,145,516,3
95535,125,145,546,3
95536,125,145,550,4
95537,125,145,552,3
95538,125,145,564,2
95539,125,145,572,4.5
95540,125,145,574,3.5
95541,125,145,580,2
95542,125,145,589,3
95543,125,145,596,4.5
95544,125,145,624,4
95545,124,144,2,3
95546,124,144,36,4
95547,124,144,86,3
95548,124,144,182,3
95549,124,144,242,4
95550,124,144,306,3
95551,124,144,344,3
95552,124,144,356,3
95553,124,144,358,4
95554,124,144,388,3
95555,124,144,391,5
95556,124,144,407,4
95557,124,144,420,4
95558,124,144,452,3
95559,124,144,461,1.5
95560,124,144,472,4
95561,124,144,492,2
95562,124,144,509,4
95563,124,144,514,3
95564,124,144,536,5
95565,124,144,537,3
95566,124,144,547,2
95567,124,144,555,4
95568,124,144,602,1
95569,124,144,659,3
95570,124,144,667,5
95571,123,141,4,5
95572,123,141,5,4
95573,123,141,7,4
95574,123,141,18,4
95575,123,141,19,3
95576,123,141,30,4
95577,123,141,44,2
95578,123,141,55,4
95579,123,141,67,1
95580,123,141,70,5
95581,123,141,77,3
95582,123,141,78,4
95583,123,141,80,3
95584,123,141,83,4
95585,123,141,86,4
95586,123,141,87,4
95587,123,141,88,4.5
95588,123,141,90,3
95589,123,141,92,4
95590,123,141,100,3
95591,123,141,111,3.5
95592,123,141,112,4
95593,123,141,119,4
95594,123,141,130,2.5
95595,123,141,134,5
95596,123,141,161,5
95597,123,141,162,5
95598,123,141,172,3
95599,123,141,182,4
95600,123,141,187,4
95601,123,141,211,5
95602,123,141,213,2
95603,123,141,223,3
95604,123,141,232,3
95605,123,141,233,4
95606,123,141,235,3.5
95607,123,141,239,4
95608,123,141,240,3.5
95609,123,141,242,3
95610,123,141,256,4
95611,123,141,292,4
95612,123,141,306,4
95613,123,141,312,2
95614,123,141,319,5
95615,123,141,324,4
95616,123,141,328,3.5
95617,123,141,338,3
95618,123,141,345,3.5
95619,123,141,357,3
95620,123,141,358,3
95621,123,141,383,3
95622,123,141,387,4
95623,123,141,390,5
95624,123,141,403,3
95625,123,141,413,3
95626,123,141,430,4
95627,123,141,434,1
95628,123,141,442,4.5
95629,123,141,447,4
95630,123,141,461,2
95631,123,141,462,4
95632,123,141,472,2.5
95633,123,141,487,5
95634,123,141,490,4
95635,123,141,496,2
95636,123,141,505,3
95637,123,141,506,3
95638,123,141,507,3
95639,123,141,508,4
95640,123,141,518,4
95641,123,141,523,4
95642,123,141,529,3
95643,123,141,535,3
95644,123,141,537,4
95645,123,141,543,5
95646,123,141,547,1
95647,123,141,548,4
95648,123,141,561,4
95649,123,141,562,4
95650,123,141,564,4
95651,123,141,574,4
95652,123,141,580,2.5
95653,123,141,590,4
95654,123,141,593,5
95655,123,141,596,4
95656,123,141,607,3
95657,123,141,616,3
95658,123,141,636,3
95659,123,141,640,5
95660,123,141,641,5
95661,123,141,649,3
95662,123,141,650,1
95663,123,141,654,4
95664,122,140,18,3
95665,122,140,113,5
95666,122,140,128,5
95667,122,140,162,4
95668,122,140,233,3
95669,122,140,256,3
95670,122,140,284,3
95671,122,140,306,3
95672,122,140,311,2
95673,122,140,358,3
95674,122,140,361,3
95675,122,140,412,4
95676,122,140,416,3
95677,122,140,493,4
95678,122,140,496,4
95679,122,140,509,2
95680,122,140,516,4
95681,122,140,616,4
95682,122,140,640,3
95683,122,140,641,4
95684,122,140,650,4
95685,122,140,652,4
95686,122,140,665,3
95687,121,137,564,1
95688,120,135,44,4
95689,120,135,70,4
95690,120,135,100,3
95691,120,135,110,4
95692,120,135,113,5
95693,120,135,127,5
95694,120,135,135,1
95695,120,135,152,1.5
95696,120,135,217,3.5
95697,120,135,239,4
95698,120,135,252,4
95699,120,135,306,1
95700,120,135,311,3
95701,120,135,313,4
95702,120,135,361,3
95703,120,135,389,4
95704,120,135,390,2
95705,120,135,459,2
95706,120,135,465,1
95707,120,135,468,1.5
95708,120,135,516,4
95709,120,135,524,3
95710,120,135,551,3
95711,120,135,559,3
95712,120,135,624,2
95713,120,135,637,2.5
95714,120,135,641,3
95715,119,132,110,4
95716,119,132,254,3
95717,119,132,306,3
95718,119,132,330,1
95719,119,132,463,2
95720,119,132,516,3
95721,119,132,536,3
95722,119,132,564,4
95723,118,131,564,2
95724,117,130,41,4.5
95725,116,129,665,3
95726,115,126,11,4
95727,115,126,86,1
95728,115,126,132,4
95729,115,126,182,3
95730,115,126,232,3
95731,115,126,420,3
95732,115,126,518,3
95733,115,126,525,3
95734,115,126,551,2
95735,115,126,564,1
95736,114,125,15,3.5
95737,114,125,19,3
95738,114,125,102,4
95739,114,125,121,3
95740,114,125,224,4
95741,114,125,312,5
95742,114,125,388,4
95743,114,125,439,3
95744,114,125,472,5
95745,114,125,491,4
95746,114,125,502,4
95747,114,125,509,4
95748,114,125,511,3
95749,114,125,537,1
95750,114,125,545,3
95751,114,125,547,5
95752,114,125,564,5
95753,114,125,585,4
95754,114,125,587,4.5
95755,114,125,605,2
95756,114,125,652,4
95757,113,124,86,3
95758,112,123,15,4
95759,112,123,408,5
95760,112,123,429,4
95761,112,123,472,3
95762,112,123,547,4
95763,112,123,587,3
95764,112,123,608,5
95765,111,122,19,3
95766,111,122,110,4
95767,111,122,111,3.5
95768,111,122,168,3
95769,111,122,219,4
95770,111,122,254,3
95771,111,122,311,2.5
95772,111,122,344,3
95773,111,122,388,3
95774,111,122,416,3
95775,111,122,461,1.5
95776,111,122,487,3
95777,111,122,518,3
95778,111,122,522,2.5
95779,111,122,536,3
95780,111,122,564,4
95781,111,122,593,3
95782,111,122,624,2
95783,111,122,665,4
95784,110,121,86,3
95785,110,121,135,4
95786,110,121,472,4
95787,110,121,558,4
95788,110,121,564,4
95789,109,119,452,3
95790,108,118,30,3
95791,108,118,162,3
95792,108,118,509,3
95793,108,118,564,4
95794,108,118,605,1
95795,107,117,102,4
95796,107,117,299,4
95797,107,117,472,3
95798,107,117,514,4
95799,107,117,608,2
95800,107,117,609,1
95801,106,116,86,4
95802,106,116,358,5
95803,106,116,547,4.5
95804,106,116,564,5
95805,106,116,640,5
95806,106,116,641,5
95807,105,114,555,3
95808,104,113,223,2
95809,104,113,452,3
95810,104,113,564,4
95811,104,113,641,3
95812,104,113,659,4
95813,103,112,4,5
95814,103,112,7,4
95815,103,112,15,2.5
95816,103,112,19,3
95817,103,112,21,4
95818,103,112,55,3
95819,103,112,63,3
95820,103,112,67,3
95821,103,112,70,5
95822,103,112,73,3.5
95823,103,112,80,4
95824,103,112,87,3
95825,103,112,92,4
95826,103,112,119,3
95827,103,112,121,3
95828,103,112,150,4
95829,103,112,165,2
95830,103,112,173,4
95831,103,112,188,4
95832,103,112,195,1
95833,103,112,204,2.5
95834,103,112,217,3
95835,103,112,221,3
95836,103,112,254,3
95837,103,112,261,0.5
95838,103,112,285,3
95839,103,112,294,3
95840,103,112,295,3
95841,103,112,305,3
95842,103,112,312,2
95843,103,112,346,4
95844,103,112,353,2
95845,103,112,354,5
95846,103,112,390,4
95847,103,112,413,3
95848,103,112,423,4
95849,103,112,490,4
95850,103,112,502,4
95851,103,112,507,4
95852,103,112,514,3
95853,103,112,516,3
95854,103,112,548,3
95855,103,112,564,3
95856,103,112,575,4
95857,103,112,580,3.5
95858,103,112,608,3
95859,103,112,647,4
95860,103,112,649,3
95861,103,112,654,4
95862,102,111,6,4
95863,102,111,15,5
95864,102,111,17,5
95865,102,111,19,5
95866,102,111,23,5
95867,102,111,27,4
95868,102,111,30,4
95869,102,111,31,4.5
95870,102,111,36,4
95871,102,111,48,3
95872,102,111,53,4
95873,102,111,56,4
95874,102,111,59,2.5
95875,102,111,60,4.5
95876,102,111,62,4
95877,102,111,73,3.5
95878,102,111,77,4
95879,102,111,78,3.5
95880,102,111,81,4
95881,102,111,94,3.5
95882,102,111,102,5
95883,102,111,105,4
95884,102,111,118,4
95885,102,111,119,5
95886,102,111,125,4
95887,102,111,128,1
95888,102,111,133,0.5
95889,102,111,147,5
95890,102,111,152,3.5
95891,102,111,159,4
95892,102,111,160,4
95893,102,111,164,4.5
95894,102,111,165,4
95895,102,111,168,5
95896,102,111,171,5
95897,102,111,177,4
95898,102,111,178,4.5
95899,102,111,193,5
95900,102,111,195,2
95901,102,111,199,4
95902,102,111,214,5
95903,102,111,215,4
95904,102,111,231,4
95905,102,111,232,5
95906,102,111,236,4.5
95907,102,111,240,5
95908,102,111,242,5
95909,102,111,250,4
95910,102,111,257,5
95911,102,111,262,3.5
95912,102,111,265,4
95913,102,111,268,3
95914,102,111,278,4
95915,102,111,290,4
95916,102,111,297,3.5
95917,102,111,299,4.5
95918,102,111,312,5
95919,102,111,324,3.5
95920,102,111,345,5
95921,102,111,348,5
95922,102,111,358,5
95923,102,111,360,5
95924,102,111,373,4
95925,102,111,385,5
95926,102,111,386,4
95927,102,111,387,5
95928,102,111,388,5
95929,102,111,391,3
95930,102,111,406,5
95931,102,111,423,5
95932,102,111,428,5
95933,102,111,433,5
95934,102,111,434,4
95935,102,111,436,4
95936,102,111,447,3
95937,102,111,450,5
95938,102,111,452,4
95939,102,111,457,5
95940,102,111,461,3.5
95941,102,111,468,4
95942,102,111,472,4
95943,102,111,475,4.5
95944,102,111,476,4
95945,102,111,481,5
95946,102,111,483,3
95947,102,111,499,5
95948,102,111,501,0.5
95949,102,111,505,3
95950,102,111,509,5
95951,102,111,511,5
95952,102,111,514,5
95953,102,111,519,4
95954,102,111,520,5
95955,102,111,528,3.5
95956,102,111,529,4
95957,102,111,533,3
95958,102,111,538,5
95959,102,111,544,4.5
95960,102,111,545,5
95961,102,111,547,5
95962,102,111,558,5
95963,102,111,563,4.5
95964,102,111,564,3
95965,102,111,574,5
95966,102,111,577,5
95967,102,111,580,4.5
95968,102,111,587,4
95969,102,111,595,5
95970,102,111,596,5
95971,102,111,608,5
95972,102,111,618,5
95973,102,111,619,5
95974,102,111,635,3.5
95975,102,111,639,5
95976,102,111,647,5
95977,102,111,648,3
95978,102,111,658,5
95979,102,111,664,4
95980,101,110,2,4
95981,101,110,3,4
95982,101,110,7,5
95983,101,110,8,4
95984,101,110,13,4
95985,101,110,15,3
95986,101,110,19,3
95987,101,110,20,2
95988,101,110,23,3.5
95989,101,110,28,4
95990,101,110,30,5
95991,101,110,32,5
95992,101,110,34,4
95993,101,110,38,4
95994,101,110,39,5
95995,101,110,41,4
95996,101,110,42,4
95997,101,110,43,5
95998,101,110,47,5
95999,101,110,48,4
96000,101,110,50,4
96001,101,110,57,5
96002,101,110,64,4
96003,101,110,66,4
96004,101,110,67,5
96005,101,110,72,3.5
96006,101,110,73,4
96007,101,110,74,5
96008,101,110,77,3.5
96009,101,110,78,1.5
96010,101,110,82,5
96011,101,110,84,4
96012,101,110,85,5
96013,101,110,86,3
96014,101,110,89,5
96015,101,110,91,5
96016,101,110,92,5
96017,101,110,94,4.5
96018,101,110,97,1
96019,101,110,99,3
96020,101,110,104,4.5
96021,101,110,105,3.5
96022,101,110,108,3
96023,101,110,111,4
96024,101,110,119,5
96025,101,110,121,5
96026,101,110,124,5
96027,101,110,128,5
96028,101,110,130,3
96029,101,110,133,2.5
96030,101,110,134,3
96031,101,110,139,3.5
96032,101,110,145,4
96033,101,110,150,4.5
96034,101,110,151,4
96035,101,110,152,0.5
96036,101,110,153,3
96037,101,110,155,4
96038,101,110,159,4
96039,101,110,163,4
96040,101,110,164,3
96041,101,110,165,4.5
96042,101,110,168,3
96043,101,110,171,5
96044,101,110,178,3.5
96045,101,110,182,5
96046,101,110,185,4
96047,101,110,188,5
96048,101,110,191,3
96049,101,110,194,4
96050,101,110,195,3
96051,101,110,199,4.5
96052,101,110,200,3.5
96053,101,110,201,5
96054,101,110,205,3
96055,101,110,211,5
96056,101,110,212,5
96057,101,110,213,2.5
96058,101,110,214,5
96059,101,110,217,4
96060,101,110,220,4
96061,101,110,224,5
96062,101,110,225,4
96063,101,110,232,5
96064,101,110,235,2.5
96065,101,110,237,1.5
96066,101,110,242,5
96067,101,110,243,4
96068,101,110,244,3.5
96069,101,110,245,5
96070,101,110,247,5
96071,101,110,248,5
96072,101,110,251,4
96073,101,110,253,5
96074,101,110,257,1.5
96075,101,110,261,5
96076,101,110,262,3
96077,101,110,263,3.5
96078,101,110,268,4.5
96079,101,110,271,4
96080,101,110,275,5
96081,101,110,277,5
96082,101,110,279,4
96083,101,110,282,4.5
96084,101,110,285,5
96085,101,110,288,5
96086,101,110,292,4
96087,101,110,293,3.5
96088,101,110,294,3
96089,101,110,295,4
96090,101,110,300,5
96091,101,110,306,3
96092,101,110,311,3
96093,101,110,313,5
96094,101,110,319,4
96095,101,110,324,4
96096,101,110,328,4
96097,101,110,330,4
96098,101,110,338,3
96099,101,110,339,4.5
96100,101,110,344,4
96101,101,110,345,4.5
96102,101,110,346,2
96103,101,110,353,3.5
96104,101,110,355,4
96105,101,110,358,1
96106,101,110,363,1
96107,101,110,369,5
96108,101,110,370,4
96109,101,110,371,4.5
96110,101,110,375,3
96111,101,110,379,4
96112,101,110,380,5
96113,101,110,383,3
96114,101,110,384,4.5
96115,101,110,385,3
96116,101,110,388,5
96117,101,110,389,5
96118,101,110,390,3
96119,101,110,391,4
96120,101,110,394,2.5
96121,101,110,395,3
96122,101,110,396,3
96123,101,110,400,5
96124,101,110,405,2
96125,101,110,409,4
96126,101,110,410,5
96127,101,110,412,3
96128,101,110,415,5
96129,101,110,417,5
96130,101,110,421,5
96131,101,110,423,3.5
96132,101,110,430,4
96133,101,110,431,5
96134,101,110,440,5
96135,101,110,441,3
96136,101,110,442,4.5
96137,101,110,447,5
96138,101,110,452,4
96139,101,110,457,3
96140,101,110,458,4
96141,101,110,461,4
96142,101,110,463,5
96143,101,110,468,3
96144,101,110,473,5
96145,101,110,475,4
96146,101,110,480,4
96147,101,110,483,4
96148,101,110,487,5
96149,101,110,495,5
96150,101,110,496,5
96151,101,110,500,3.5
96152,101,110,505,2.5
96153,101,110,509,5
96154,101,110,513,5
96155,101,110,514,3
96156,101,110,516,4
96157,101,110,517,5
96158,101,110,522,4
96159,101,110,523,5
96160,101,110,525,5
96161,101,110,527,3.5
96162,101,110,532,3.5
96163,101,110,533,3
96164,101,110,534,5
96165,101,110,535,4
96166,101,110,536,5
96167,101,110,538,4
96168,101,110,544,4
96169,101,110,545,1
96170,101,110,548,5
96171,101,110,550,3
96172,101,110,553,5
96173,101,110,555,3
96174,101,110,559,5
96175,101,110,562,4
96176,101,110,564,1
96177,101,110,569,3
96178,101,110,570,3
96179,101,110,577,4.5
96180,101,110,580,4.5
96181,101,110,584,5
96182,101,110,585,4
96183,101,110,586,1
96184,101,110,588,5
96185,101,110,589,3
96186,101,110,590,5
96187,101,110,592,4
96188,101,110,594,5
96189,101,110,596,4
96190,101,110,598,4
96191,101,110,602,3
96192,101,110,603,5
96193,101,110,605,3
96194,101,110,607,4.5
96195,101,110,623,4
96196,101,110,627,4
96197,101,110,628,1.5
96198,101,110,629,5
96199,101,110,632,5
96200,101,110,639,4
96201,101,110,654,4.5
96202,101,110,658,4
96203,101,110,659,3
96204,101,110,664,4
96205,101,110,666,2
96206,101,110,667,4
96207,101,110,670,3
96208,100,108,564,4
96209,99,107,15,2
96210,99,107,20,3.5
96211,99,107,67,3
96212,99,107,70,5
96213,99,107,73,3
96214,99,107,89,4
96215,99,107,154,4
96216,99,107,172,5
96217,99,107,173,3
96218,99,107,175,4
96219,99,107,177,3
96220,99,107,284,2
96221,99,107,294,4
96222,99,107,301,1
96223,99,107,361,4
96224,99,107,420,4
96225,99,107,434,2
96226,99,107,468,3
96227,99,107,514,2
96228,99,107,534,4
96229,99,107,543,5
96230,99,107,564,4
96231,99,107,575,4
96232,99,107,602,4
96233,99,107,624,4
96234,99,107,640,3
96235,99,107,654,4
96236,98,105,19,3
96237,98,105,66,2
96238,98,105,80,3
96239,98,105,86,3
96240,98,105,99,3
96241,98,105,105,3.5
96242,98,105,111,0.5
96243,98,105,113,5
96244,98,105,121,3
96245,98,105,182,4
96246,98,105,193,4
96247,98,105,232,4
96248,98,105,255,4
96249,98,105,266,3
96250,98,105,283,3
96251,98,105,288,3
96252,98,105,306,2
96253,98,105,311,4
96254,98,105,312,5
96255,98,105,325,2
96256,98,105,338,3
96257,98,105,385,3
96258,98,105,388,2
96259,98,105,405,3.5
96260,98,105,411,4
96261,98,105,419,3.5
96262,98,105,447,4
96263,98,105,452,1
96264,98,105,458,3.5
96265,98,105,461,2.5
96266,98,105,485,2.5
96267,98,105,493,4
96268,98,105,496,5
96269,98,105,529,4
96270,98,105,534,2
96271,98,105,537,4
96272,98,105,548,4
96273,98,105,551,3
96274,98,105,555,2
96275,98,105,564,4
96276,98,105,573,2
96277,98,105,605,2
96278,98,105,650,3
96279,98,105,654,4
96280,98,105,659,3
96281,98,105,665,1
96282,98,105,666,3
96283,98,105,667,3
96284,97,104,5,4
96285,97,104,7,3
96286,97,104,15,1
96287,97,104,23,3.5
96288,97,104,25,4
96289,97,104,43,2
96290,97,104,44,4
96291,97,104,55,5
96292,97,104,56,4
96293,97,104,61,4
96294,97,104,67,3
96295,97,104,69,4
96296,97,104,70,3
96297,97,104,73,2.5
96298,97,104,74,4
96299,97,104,87,4
96300,97,104,88,0.5
96301,97,104,91,4
96302,97,104,94,2.5
96303,97,104,105,3.5
96304,97,104,113,5
96305,97,104,120,5
96306,97,104,125,4
96307,97,104,130,1.5
96308,97,104,135,3
96309,97,104,136,4.5
96310,97,104,149,1
96311,97,104,150,5
96312,97,104,164,4
96313,97,104,165,4
96314,97,104,187,4
96315,97,104,195,1
96316,97,104,201,3
96317,97,104,212,3
96318,97,104,213,2
96319,97,104,217,4.5
96320,97,104,219,5
96321,97,104,239,4
96322,97,104,247,4
96323,97,104,252,3
96324,97,104,253,3.5
96325,97,104,268,3.5
96326,97,104,271,2
96327,97,104,285,4
96328,97,104,294,3.5
96329,97,104,297,2
96330,97,104,329,3
96331,97,104,350,5
96332,97,104,353,3.5
96333,97,104,358,1
96334,97,104,380,4
96335,97,104,382,1
96336,97,104,387,3
96337,97,104,388,2
96338,97,104,390,1
96339,97,104,408,3
96340,97,104,416,3
96341,97,104,417,2.5
96342,97,104,425,3
96343,97,104,430,2
96344,97,104,433,3
96345,97,104,442,4.5
96346,97,104,452,1
96347,97,104,457,3.5
96348,97,104,459,4
96349,97,104,461,3.5
96350,97,104,462,4.5
96351,97,104,468,2
96352,97,104,473,3.5
96353,97,104,479,4
96354,97,104,484,3
96355,97,104,487,3
96356,97,104,502,4
96357,97,104,509,2
96358,97,104,518,4
96359,97,104,519,4
96360,97,104,535,3
96361,97,104,559,4
96362,97,104,561,4
96363,97,104,564,2
96364,97,104,570,3.5
96365,97,104,574,3
96366,97,104,580,3
96367,97,104,584,3.5
96368,97,104,592,5
96369,97,104,598,5
96370,97,104,603,4
96371,97,104,605,4
96372,97,104,607,3
96373,97,104,624,3
96374,97,104,640,3
96375,97,104,648,3
96376,97,104,654,4.5
96377,97,104,665,4
96378,96,103,224,4
96379,96,103,284,4
96380,96,103,434,3
96381,96,103,564,5
96382,95,102,135,3
96383,95,102,223,3
96384,95,102,232,2
96385,95,102,311,0.5
96386,95,102,358,1
96387,95,102,390,3
96388,95,102,487,3
96389,95,102,518,3
96390,95,102,564,4
96391,95,102,636,3
96392,95,102,641,3
96393,94,101,15,4
96394,94,101,19,3
96395,94,101,56,4
96396,94,101,73,3.5
96397,94,101,83,3.5
96398,94,101,119,2
96399,94,101,143,5
96400,94,101,275,4.5
96401,94,101,309,5
96402,94,101,388,4
96403,94,101,408,3
96404,94,101,434,5
96405,94,101,461,3.5
96406,94,101,472,4
96407,94,101,509,4.5
96408,94,101,580,4
96409,94,101,624,3.5
96410,93,100,18,4
96411,93,100,30,4
96412,93,100,55,3
96413,93,100,70,4
96414,93,100,80,2
96415,93,100,162,3
96416,93,100,173,4
96417,93,100,224,4
96418,93,100,232,5
96419,93,100,233,3
96420,93,100,242,4
96421,93,100,256,3
96422,93,100,284,5
96423,93,100,311,3
96424,93,100,361,3
96425,93,100,383,3
96426,93,100,388,2
96427,93,100,434,3
96428,93,100,452,3
96429,93,100,507,2
96430,93,100,511,5
96431,92,99,312,5
96432,92,99,564,4
96433,92,99,605,1
96434,92,99,640,1
96435,91,98,73,3
96436,90,97,19,4
96437,90,97,86,4
96438,90,97,262,3
96439,90,97,457,3.5
96440,90,97,510,3
96441,90,97,552,4
96442,90,97,602,5
96443,90,97,648,4.5
96444,89,96,391,1
96445,88,95,15,1.5
96446,88,95,18,3
96447,88,95,19,3
96448,88,95,21,3
96449,88,95,24,3
96450,88,95,44,3
96451,88,95,47,3
96452,88,95,50,3
96453,88,95,55,3
96454,88,95,67,1
96455,88,95,70,5
96456,88,95,77,1.5
96457,88,95,80,2
96458,88,95,87,3
96459,88,95,88,2
96460,88,95,92,3
96461,88,95,100,3
96462,88,95,105,2.5
96463,88,95,110,5
96464,88,95,111,3
96465,88,95,112,3
96466,88,95,119,2
96467,88,95,121,4
96468,88,95,126,3
96469,88,95,150,3
96470,88,95,151,3
96471,88,95,152,3.5
96472,88,95,161,4
96473,88,95,175,4
96474,88,95,177,4
96475,88,95,182,3
96476,88,95,194,3
96477,88,95,195,3
96478,88,95,212,3.5
96479,88,95,213,2
96480,88,95,224,3
96481,88,95,232,4
96482,88,95,233,3
96483,88,95,242,4
96484,88,95,252,4
96485,88,95,256,3
96486,88,95,284,3
96487,88,95,292,3.5
96488,88,95,295,4
96489,88,95,311,3
96490,88,95,312,2
96491,88,95,318,4
96492,88,95,319,3
96493,88,95,329,3
96494,88,95,353,2.5
96495,88,95,355,3
96496,88,95,367,4
96497,88,95,383,3
96498,88,95,384,2
96499,88,95,385,2
96500,88,95,389,5
96501,88,95,390,3
96502,88,95,394,3
96503,88,95,413,4
96504,88,95,418,3.5
96505,88,95,434,3
96506,88,95,442,1
96507,88,95,459,4
96508,88,95,460,3.5
96509,88,95,464,5
96510,88,95,487,5
96511,88,95,490,4
96512,88,95,496,4
96513,88,95,507,3
96514,88,95,516,4
96515,88,95,517,4
96516,88,95,518,4
96517,88,95,530,5
96518,88,95,534,4
96519,88,95,535,3
96520,88,95,537,2
96521,88,95,548,3
96522,88,95,555,1
96523,88,95,559,4
96524,88,95,562,3.5
96525,88,95,564,3
96526,88,95,577,3.5
96527,88,95,589,4
96528,88,95,593,4
96529,88,95,605,3
96530,88,95,607,2
96531,88,95,608,3
96532,88,95,624,2
96533,88,95,627,2
96534,88,95,640,3
96535,88,95,641,3
96536,88,95,650,4
96537,88,95,667,3
96538,87,94,15,3
96539,87,94,19,3
96540,87,94,67,3
96541,87,94,102,2
96542,87,94,211,3
96543,87,94,224,4
96544,87,94,343,3
96545,87,94,351,4
96546,87,94,434,3
96547,87,94,441,4.5
96548,87,94,452,4
96549,87,94,460,2.5
96550,87,94,472,4
96551,87,94,487,3
96552,87,94,509,4.5
96553,87,94,511,4
96554,87,94,527,4.5
96555,87,94,547,3.5
96556,87,94,564,4
96557,87,94,641,4
96558,87,94,652,4
96559,87,94,654,4
96560,86,93,80,1
96561,86,93,128,1
96562,86,93,168,2
96563,86,93,188,3
96564,86,93,243,2
96565,86,93,285,2
96566,86,93,308,3
96567,86,93,353,1.5
96568,86,93,396,4
96569,86,93,564,2
96570,86,93,607,3
96571,85,92,18,3
96572,85,92,70,5
96573,85,92,154,3
96574,85,92,294,3.5
96575,85,92,386,4
96576,85,92,390,2
96577,85,92,396,3
96578,85,92,514,4
96579,85,92,564,5
96580,85,92,596,3
96581,85,92,650,3
96582,85,92,659,4
96583,84,89,19,3
96584,84,89,23,4
96585,84,89,80,3
96586,84,89,113,4
96587,84,89,128,5
96588,84,89,177,4
96589,84,89,213,3.5
96590,84,89,311,3
96591,84,89,452,3
96592,84,89,487,3
96593,84,89,496,4
96594,84,89,518,3
96595,84,89,534,4
96596,84,89,537,3
96597,84,89,564,3
96598,84,89,650,4
96599,84,89,659,2
96600,83,88,33,3
96601,83,88,67,3
96602,83,88,70,3
96603,83,88,87,3
96604,83,88,95,4
96605,83,88,100,2
96606,83,88,239,2
96607,83,88,306,3
96608,83,88,361,4
96609,83,88,388,3
96610,83,88,416,3
96611,83,88,423,3
96612,83,88,457,2.5
96613,83,88,468,1.5
96614,83,88,518,3
96615,83,88,548,3
96616,83,88,564,2
96617,83,88,571,3.5
96618,83,88,579,0.5
96619,83,88,598,4
96620,83,88,603,3
96621,83,88,632,4.5
96622,83,88,636,3
96623,82,87,518,3
96624,82,87,564,1
96625,82,87,605,1
96626,81,86,18,4
96627,81,86,67,5
96628,81,86,70,4
96629,81,86,95,4
96630,81,86,100,3
96631,81,86,128,5
96632,81,86,215,3
96633,81,86,223,5
96634,81,86,233,3
96635,81,86,284,4
96636,81,86,361,3
96637,81,86,416,3
96638,81,86,452,3
96639,81,86,491,1
96640,81,86,534,5
96641,81,86,564,4
96642,81,86,650,5
96643,80,85,18,4
96644,80,85,86,4
96645,80,85,112,5
96646,80,85,154,4
96647,80,85,224,4
96648,80,85,312,4
96649,80,85,405,4
96650,80,85,409,5
96651,80,85,434,4
96652,80,85,514,3
96653,80,85,547,3
96654,80,85,564,4
96655,80,85,580,4
96656,80,85,602,5
96657,80,85,636,5
96658,80,85,659,3
96659,79,84,510,4
96660,78,83,311,3
96661,78,83,383,3
96662,78,83,514,3
96663,77,82,15,5
96664,77,82,70,4
96665,77,82,86,3
96666,77,82,211,5
96667,77,82,224,4
96668,77,82,254,5
96669,77,82,344,4
96670,77,82,388,2
96671,77,82,555,3
96672,77,82,667,3
96673,76,81,18,3
96674,76,81,24,4
96675,76,81,70,4
96676,76,81,86,5
96677,76,81,90,4
96678,76,81,111,3
96679,76,81,165,3
96680,76,81,223,3
96681,76,81,284,3
96682,76,81,343,4
96683,76,81,358,1
96684,76,81,380,2.5
96685,76,81,509,3
96686,76,81,534,2
96687,76,81,564,3
96688,76,81,608,3
96689,76,81,609,5
96690,76,81,659,3
96691,75,80,278,5
96692,75,80,330,5
96693,75,80,441,4.5
96694,75,80,573,4
96695,74,79,18,2
96696,74,79,55,3
96697,74,79,70,4
96698,74,79,90,3
96699,74,79,110,1
96700,74,79,113,5
96701,74,79,128,5
96702,74,79,182,3
96703,74,79,233,3
96704,74,79,252,2
96705,74,79,256,3
96706,74,79,284,5
96707,74,79,311,2
96708,74,79,361,3
96709,74,79,434,1
96710,74,79,452,1
96711,74,79,459,2
96712,74,79,490,4
96713,74,79,496,4
96714,74,79,516,3
96715,74,79,533,2
96716,74,79,534,3
96717,74,79,559,4
96718,74,79,616,3
96719,74,79,641,3
96720,74,79,650,3
96721,73,78,25,3
96722,73,78,30,2
96723,73,78,102,4
96724,73,78,119,3
96725,73,78,284,2
96726,73,78,434,4
96727,73,78,502,4
96728,73,78,514,4
96729,73,78,564,4
96730,73,78,659,2
96731,72,77,492,4
96732,72,77,564,4
96733,71,76,18,3
96734,71,76,39,3
96735,71,76,70,4
96736,71,76,77,3.5
96737,71,76,92,3
96738,71,76,159,3
96739,71,76,177,2
96740,71,76,284,3
96741,71,76,293,3.5
96742,71,76,361,4
96743,71,76,396,3
96744,71,76,484,5
96745,71,76,548,3
96746,71,76,564,4
96747,71,76,650,3
96748,70,74,18,2
96749,70,74,19,3
96750,70,74,55,3
96751,70,74,113,5
96752,70,74,306,2
96753,70,74,311,3
96754,70,74,347,1.5
96755,70,74,361,4
96756,70,74,389,4
96757,70,74,416,3
96758,70,74,434,2
96759,70,74,452,2
96760,70,74,487,4
96761,70,74,516,3
96762,70,74,518,3
96763,70,74,564,3
96764,70,74,640,4
96765,70,74,641,4
96766,70,74,665,2
96767,69,73,27,5
96768,69,73,39,3
96769,69,73,46,5
96770,69,73,80,5
96771,69,73,86,3
96772,69,73,122,4
96773,69,73,175,4
96774,69,73,294,4
96775,69,73,324,4.5
96776,69,73,348,4
96777,69,73,407,5
96778,69,73,408,5
96779,69,73,564,2
96780,68,72,86,4
96781,68,72,159,0.5
96782,68,72,254,4
96783,68,72,353,2.5
96784,68,72,388,5
96785,68,72,509,3
96786,67,71,103,1
96787,67,71,150,3
96788,67,71,311,1.5
96789,67,71,461,0.5
96790,67,71,496,5
96791,67,71,564,2
96792,67,71,652,4
96793,66,70,11,1
96794,66,70,15,0.5
96795,66,70,19,4
96796,66,70,22,3
96797,66,70,30,4
96798,66,70,34,4
96799,66,70,39,5
96800,66,70,43,2
96801,66,70,73,3.5
96802,66,70,77,3.5
96803,66,70,95,4
96804,66,70,102,2
96805,66,70,119,4
96806,66,70,150,2.5
96807,66,70,165,5
96808,66,70,177,4
96809,66,70,247,3
96810,66,70,262,2
96811,66,70,276,3
96812,66,70,285,4
96813,66,70,292,3.5
96814,66,70,299,4.5
96815,66,70,308,4
96816,66,70,332,5
96817,66,70,355,3
96818,66,70,358,1
96819,66,70,362,3.5
96820,66,70,384,4
96821,66,70,388,3
96822,66,70,422,3
96823,66,70,457,3
96824,66,70,461,2
96825,66,70,470,3.5
96826,66,70,482,3
96827,66,70,509,1
96828,66,70,520,1.5
96829,66,70,534,2
96830,66,70,564,2
96831,66,70,574,4
96832,66,70,580,2.5
96833,66,70,596,4
96834,66,70,598,2
96835,66,70,608,3
96836,66,70,617,1
96837,66,70,647,3
96838,66,70,648,2
96839,66,70,654,3.5
96840,66,70,664,3.5
96841,65,69,26,4.5
96842,65,69,39,3
96843,65,69,73,4
96844,65,69,83,3.5
96845,65,69,94,3
96846,65,69,150,2.5
96847,65,69,207,5
96848,65,69,239,5
96849,65,69,247,4
96850,65,69,260,3
96851,65,69,285,4
96852,65,69,350,5
96853,65,69,430,4
96854,65,69,472,4.5
96855,65,69,509,3.5
96856,65,69,514,3
96857,65,69,534,3
96858,65,69,548,4
96859,65,69,580,3.5
96860,65,69,596,4
96861,65,69,598,4
96862,65,69,607,4
96863,64,68,36,4
96864,64,68,86,4
96865,64,68,383,3
96866,64,68,502,3
96867,64,68,509,4
96868,64,68,529,2
96869,64,68,564,4
96870,64,68,636,4
96871,63,66,177,1
96872,63,66,361,4
96873,63,66,396,2
96874,63,66,564,1
96875,63,66,624,2
96876,62,65,55,5
96877,62,65,70,3
96878,62,65,73,2
96879,62,65,113,4
96880,62,65,135,1
96881,62,65,239,2
96882,62,65,297,0.5
96883,62,65,358,1
96884,62,65,361,3
96885,62,65,390,2
96886,62,65,396,2
96887,62,65,442,1
96888,62,65,468,0.5
96889,62,65,484,1
96890,62,65,518,3
96891,62,65,548,3
96892,62,65,579,0.5
96893,62,65,624,1
96894,62,65,632,3
96895,62,65,636,2
96896,61,64,19,2
96897,61,64,162,3
96898,61,64,358,1
96899,61,64,509,2
96900,61,64,516,3
96901,61,64,518,2
96902,61,64,534,3
96903,61,64,641,3
96904,61,64,659,3
96905,61,64,665,2
96906,60,63,19,3
96907,60,63,26,0.5
96908,60,63,70,4
96909,60,63,73,3.5
96910,60,63,95,4
96911,60,63,285,2
96912,59,62,2,3
96913,59,62,15,2
96914,59,62,18,4
96915,59,62,23,4
96916,59,62,44,5
96917,59,62,67,3
96918,59,62,70,5
96919,59,62,77,3.5
96920,59,62,86,3
96921,59,62,87,1
96922,59,62,88,3.5
96923,59,62,92,3
96924,59,62,93,3.5
96925,59,62,100,3
96926,59,62,119,4
96927,59,62,154,3
96928,59,62,159,3.5
96929,59,62,161,4
96930,59,62,162,5
96931,59,62,165,3.5
96932,59,62,173,4
96933,59,62,182,5
96934,59,62,188,3
96935,59,62,192,5
96936,59,62,211,5
96937,59,62,220,4
96938,59,62,223,4
96939,59,62,232,5
96940,59,62,235,4.5
96941,59,62,245,5
96942,59,62,253,4.5
96943,59,62,256,4
96944,59,62,263,3.5
96945,59,62,266,4
96946,59,62,284,3
96947,59,62,292,4
96948,59,62,294,3.5
96949,59,62,303,3.5
96950,59,62,306,3
96951,59,62,311,2.5
96952,59,62,324,3.5
96953,59,62,338,4
96954,59,62,343,2
96955,59,62,345,3.5
96956,59,62,353,3.5
96957,59,62,382,3.5
96958,59,62,383,4
96959,59,62,388,3
96960,59,62,389,4
96961,59,62,390,3
96962,59,62,413,4
96963,59,62,416,5
96964,59,62,422,3
96965,59,62,447,5
96966,59,62,449,4
96967,59,62,452,3
96968,59,62,461,2.5
96969,59,62,464,5
96970,59,62,468,2.5
96971,59,62,484,5
96972,59,62,496,5
96973,59,62,500,3.5
96974,59,62,502,3
96975,59,62,507,4
96976,59,62,509,3
96977,59,62,514,3
96978,59,62,527,3.5
96979,59,62,529,4
96980,59,62,530,4
96981,59,62,537,4
96982,59,62,548,3
96983,59,62,561,4
96984,59,62,564,1
96985,59,62,575,3
96986,59,62,582,3.5
96987,59,62,588,3
96988,59,62,603,5
96989,59,62,607,3.5
96990,59,62,616,3
96991,59,62,633,3
96992,59,62,640,5
96993,59,62,641,4
96994,59,62,650,5
96995,59,62,654,4.5
96996,59,62,658,5
96997,59,62,659,3
96998,59,62,665,3
96999,58,61,70,4
97000,58,61,182,3
97001,58,61,311,3
97002,58,61,496,4
97003,58,61,534,4
97004,58,61,564,3
97005,58,61,641,4
97006,57,60,3,3
97007,57,60,30,2
97008,57,60,49,3
97009,57,60,67,4
97010,57,60,73,2
97011,57,60,119,2
97012,57,60,128,3
97013,57,60,137,3
97014,57,60,140,2
97015,57,60,150,2.5
97016,57,60,169,1.5
97017,57,60,182,4
97018,57,60,188,4
97019,57,60,195,2
97020,57,60,213,2
97021,57,60,285,4
97022,57,60,326,4
97023,57,60,428,2
97024,57,60,447,3
97025,57,60,461,2
97026,57,60,515,3
97027,57,60,534,3
97028,57,60,536,4
97029,57,60,564,1
97030,57,60,580,3
97031,57,60,584,3.5
97032,57,60,602,3
97033,57,60,603,3
97034,57,60,615,3.5
97035,57,60,637,3
97036,57,60,654,3.5
97037,57,60,665,2
97038,56,59,441,5
97039,56,59,608,3
97040,55,58,19,3
97041,55,58,23,3.5
97042,55,58,28,5
97043,55,58,36,5
97044,55,58,63,0.5
97045,55,58,70,5
97046,55,58,85,1
97047,55,58,86,4
97048,55,58,102,4
97049,55,58,126,4
97050,55,58,148,4
97051,55,58,201,4
97052,55,58,204,2.5
97053,55,58,224,3
97054,55,58,233,3
97055,55,58,240,4
97056,55,58,265,3
97057,55,58,280,4
97058,55,58,283,4
97059,55,58,330,4
97060,55,58,342,5
97061,55,58,357,5
97062,55,58,358,5
97063,55,58,359,4.5
97064,55,58,361,3
97065,55,58,391,5
97066,55,58,407,5
97067,55,58,434,5
97068,55,58,436,4
97069,55,58,441,5
97070,55,58,468,3
97071,55,58,481,5
97072,55,58,490,4
97073,55,58,493,4
97074,55,58,509,3
97075,55,58,510,4
97076,55,58,511,5
97077,55,58,529,4
97078,55,58,537,5
97079,55,58,548,5
97080,55,58,587,4.5
97081,55,58,628,3.5
97082,55,58,649,4
97083,55,58,658,5
97084,55,58,667,4
97085,54,57,19,3
97086,54,57,36,4
97087,54,57,306,2
97088,54,57,311,2
97089,54,57,312,3
97090,54,57,396,3
97091,54,57,452,3
97092,54,57,514,3
97093,54,57,529,3
97094,54,57,536,5
97095,54,57,537,2
97096,54,57,547,4
97097,54,57,564,4
97098,54,57,575,3
97099,53,55,36,4
97100,53,55,224,4
97101,53,55,408,1
97102,53,55,529,4
97103,53,55,564,4
97104,53,55,659,3
97105,52,54,389,4
97106,52,54,487,3
97107,52,54,518,4
97108,51,53,344,5
97109,50,52,2,3
97110,50,52,15,2.5
97111,50,52,18,3
97112,50,52,19,3
97113,50,52,30,5
97114,50,52,36,3
97115,50,52,70,4
97116,50,52,87,4
97117,50,52,100,3
97118,50,52,102,4
97119,50,52,105,4
97120,50,52,148,4
97121,50,52,154,5
97122,50,52,162,5
97123,50,52,211,5
97124,50,52,224,4
97125,50,52,242,4
97126,50,52,256,4
97127,50,52,306,4
97128,50,52,312,3
97129,50,52,343,1
97130,50,52,344,4
97131,50,52,358,4
97132,50,52,361,4
97133,50,52,383,4
97134,50,52,387,4
97135,50,52,390,3
97136,50,52,406,4.5
97137,50,52,407,5
97138,50,52,413,3
97139,50,52,423,3.5
97140,50,52,434,4
97141,50,52,451,4
97142,50,52,452,3
97143,50,52,463,4
97144,50,52,491,1
97145,50,52,502,4
97146,50,52,505,3
97147,50,52,509,4
97148,50,52,514,4
97149,50,52,528,3.5
97150,50,52,529,4
97151,50,52,537,3
97152,50,52,548,4
97153,50,52,564,5
97154,50,52,580,2.5
97155,50,52,587,4
97156,50,52,614,4
97157,50,52,636,2
97158,50,52,640,2
97159,50,52,641,4
97160,49,50,2,4
97161,49,50,8,5
97162,49,50,10,5
97163,49,50,11,5
97164,49,50,15,5
97165,49,50,16,4.5
97166,49,50,17,5
97167,49,50,19,4
97168,49,50,23,4
97169,49,50,26,4.5
97170,49,50,27,4
97171,49,50,30,5
97172,49,50,31,3.5
97173,49,50,34,5
97174,49,50,36,4
97175,49,50,39,3
97176,49,50,40,4.5
97177,49,50,47,4
97178,49,50,56,4
97179,49,50,59,5
97180,49,50,61,5
97181,49,50,72,4
97182,49,50,73,5
97183,49,50,78,5
97184,49,50,80,3
97185,49,50,82,4
97186,49,50,83,5
97187,49,50,92,5
97188,49,50,94,4
97189,49,50,96,4
97190,49,50,97,5
97191,49,50,99,4
97192,49,50,102,4
97193,49,50,105,4.5
97194,49,50,111,4
97195,49,50,118,5
97196,49,50,119,4
97197,49,50,120,4
97198,49,50,121,5
97199,49,50,125,5
97200,49,50,130,3.5
97201,49,50,137,5
97202,49,50,138,4
97203,49,50,147,5
97204,49,50,149,3
97205,49,50,150,4.5
97206,49,50,151,3
97207,49,50,152,5
97208,49,50,157,4
97209,49,50,159,4.5
97210,49,50,165,2
97211,49,50,168,4
97212,49,50,172,5
97213,49,50,177,5
97214,49,50,183,5
97215,49,50,185,5
97216,49,50,199,4.5
97217,49,50,201,5
97218,49,50,203,5
97219,49,50,205,5
97220,49,50,212,3.5
97221,49,50,214,5
97222,49,50,219,4
97223,49,50,224,4
97224,49,50,231,5
97225,49,50,232,5
97226,49,50,235,5
97227,49,50,240,2.5
97228,49,50,241,4
97229,49,50,242,5
97230,49,50,245,4
97231,49,50,254,5
97232,49,50,261,5
97233,49,50,265,5
97234,49,50,266,4
97235,49,50,267,4
97236,49,50,268,3.5
97237,49,50,270,4
97238,49,50,271,3.5
97239,49,50,275,3.5
97240,49,50,279,5
97241,49,50,283,4
97242,49,50,285,5
97243,49,50,290,4.5
97244,49,50,292,5
97245,49,50,295,4.5
97246,49,50,303,3.5
97247,49,50,304,4.5
97248,49,50,306,4
97249,49,50,307,5
97250,49,50,309,5
97251,49,50,311,3
97252,49,50,312,5
97253,49,50,321,4
97254,49,50,330,4
97255,49,50,342,5
97256,49,50,344,5
97257,49,50,345,4.5
97258,49,50,350,4
97259,49,50,355,3.5
97260,49,50,358,5
97261,49,50,360,5
97262,49,50,362,5
97263,49,50,363,4
97264,49,50,369,3
97265,49,50,373,4
97266,49,50,378,3
97267,49,50,380,5
97268,49,50,385,5
97269,49,50,386,4
97270,49,50,388,5
97271,49,50,391,5
97272,49,50,394,4.5
97273,49,50,396,4
97274,49,50,399,4
97275,49,50,400,5
97276,49,50,407,4
97277,49,50,408,5
97278,49,50,409,4
97279,49,50,412,4
97280,49,50,415,5
97281,49,50,419,4
97282,49,50,425,4
97283,49,50,428,4.5
97284,49,50,430,5
97285,49,50,431,5
97286,49,50,432,5
97287,49,50,433,3.5
97288,49,50,434,5
97289,49,50,438,5
97290,49,50,440,4
97291,49,50,450,5
97292,49,50,454,5
97293,49,50,457,3
97294,49,50,460,4.5
97295,49,50,461,4
97296,49,50,463,5
97297,49,50,466,4
97298,49,50,468,3
97299,49,50,472,4
97300,49,50,480,4.5
97301,49,50,483,4
97302,49,50,487,5
97303,49,50,494,5
97304,49,50,499,5
97305,49,50,501,3.5
97306,49,50,502,5
97307,49,50,503,4
97308,49,50,508,5
97309,49,50,509,5
97310,49,50,511,5
97311,49,50,514,5
97312,49,50,519,4
97313,49,50,520,5
97314,49,50,521,4.5
97315,49,50,522,3
97316,49,50,523,5
97317,49,50,527,3.5
97318,49,50,528,4
97319,49,50,534,2
97320,49,50,536,5
97321,49,50,537,5
97322,49,50,539,4
97323,49,50,547,4
97324,49,50,548,4
97325,49,50,549,4.5
97326,49,50,555,4
97327,49,50,556,3
97328,49,50,562,5
97329,49,50,564,5
97330,49,50,567,3
97331,49,50,572,4
97332,49,50,574,5
97333,49,50,578,0.5
97334,49,50,580,4
97335,49,50,585,5
97336,49,50,587,4.5
97337,49,50,588,5
97338,49,50,590,5
97339,49,50,596,4.5
97340,49,50,598,5
97341,49,50,602,5
97342,49,50,607,4.5
97343,49,50,608,5
97344,49,50,613,5
97345,49,50,618,5
97346,49,50,619,5
97347,49,50,620,4
97348,49,50,624,4
97349,49,50,627,4
97350,49,50,635,3
97351,49,50,637,5
97352,49,50,643,5
97353,49,50,647,5
97354,49,50,649,4
97355,49,50,654,5
97356,49,50,655,5
97357,49,50,659,4
97358,49,50,664,4.5
97359,49,50,670,5
97360,49,50,671,4.5
97361,48,49,388,3
97362,48,49,564,5
97363,47,48,19,3
97364,47,48,22,2
97365,47,48,61,2.5
97366,47,48,69,4.5
97367,47,48,73,2
97368,47,48,126,3
97369,47,48,128,5
97370,47,48,130,3
97371,47,48,161,3
97372,47,48,174,4.5
97373,47,48,175,3
97374,47,48,176,3
97375,47,48,182,3
97376,47,48,185,3
97377,47,48,188,3
97378,47,48,192,3
97379,47,48,212,3.5
97380,47,48,213,2
97381,47,48,216,4
97382,47,48,235,3
97383,47,48,241,2
97384,47,48,243,2.5
97385,47,48,254,1
97386,47,48,268,2.5
97387,47,48,294,3.5
97388,47,48,311,3
97389,47,48,357,4
97390,47,48,358,3
97391,47,48,363,4
97392,47,48,382,3.5
97393,47,48,418,3
97394,47,48,437,3
97395,47,48,447,3
97396,47,48,460,2.5
97397,47,48,461,2
97398,47,48,463,3
97399,47,48,466,3
97400,47,48,468,2.5
97401,47,48,487,3
97402,47,48,493,2
97403,47,48,496,3
97404,47,48,500,2.5
97405,47,48,514,2
97406,47,48,518,1
97407,47,48,520,2
97408,47,48,523,4
97409,47,48,530,4
97410,47,48,531,3
97411,47,48,561,3
97412,47,48,564,1
97413,47,48,575,2
97414,47,48,577,3.5
97415,47,48,580,2.5
97416,47,48,582,4
97417,47,48,591,3
97418,47,48,595,4
97419,47,48,614,3
97420,47,48,646,5
97421,47,48,648,1
97422,47,48,654,2
97423,47,48,665,4
97424,46,47,2,4
97425,46,47,8,5
97426,46,47,9,3
97427,46,47,13,2.5
97428,46,47,15,5
97429,46,47,17,5
97430,46,47,19,5
97431,46,47,21,4
97432,46,47,22,3.5
97433,46,47,23,4.5
97434,46,47,26,4.5
97435,46,47,30,4
97436,46,47,34,5
97437,46,47,38,4
97438,46,47,39,4
97439,46,47,50,3
97440,46,47,56,4
97441,46,47,72,3.5
97442,46,47,73,5
97443,46,47,77,4
97444,46,47,78,4
97445,46,47,82,5
97446,46,47,86,5
97447,46,47,88,4
97448,46,47,92,5
97449,46,47,99,1
97450,46,47,102,4
97451,46,47,103,4.5
97452,46,47,105,4
97453,46,47,108,2
97454,46,47,109,5
97455,46,47,110,3
97456,46,47,111,4
97457,46,47,116,5
97458,46,47,118,4
97459,46,47,119,5
97460,46,47,120,3.5
97461,46,47,124,3.5
97462,46,47,125,4.5
97463,46,47,128,5
97464,46,47,133,2.5
97465,46,47,134,4.5
97466,46,47,143,4.5
97467,46,47,144,4
97468,46,47,145,5
97469,46,47,149,3.5
97470,46,47,151,5
97471,46,47,152,5
97472,46,47,157,3.5
97473,46,47,159,3.5
97474,46,47,161,4
97475,46,47,165,3.5
97476,46,47,171,4
97477,46,47,175,4
97478,46,47,177,5
97479,46,47,183,5
97480,46,47,188,3
97481,46,47,191,3
97482,46,47,192,3
97483,46,47,199,4.5
97484,46,47,201,5
97485,46,47,205,4.5
97486,46,47,212,3.5
97487,46,47,213,2.5
97488,46,47,214,4
97489,46,47,216,5
97490,46,47,219,4
97491,46,47,224,4
97492,46,47,225,5
97493,46,47,235,3
97494,46,47,236,2.5
97495,46,47,240,4
97496,46,47,241,3
97497,46,47,242,4
97498,46,47,243,4
97499,46,47,245,2
97500,46,47,254,3
97501,46,47,262,5
97502,46,47,267,4.5
97503,46,47,268,4
97504,46,47,270,4
97505,46,47,279,3
97506,46,47,283,3
97507,46,47,285,5
97508,46,47,288,5
97509,46,47,290,5
97510,46,47,291,4.5
97511,46,47,292,4.5
97512,46,47,295,4.5
97513,46,47,299,4.5
97514,46,47,303,2.5
97515,46,47,304,5
97516,46,47,306,4
97517,46,47,307,4
97518,46,47,308,3
97519,46,47,311,0.5
97520,46,47,313,4
97521,46,47,327,3.5
97522,46,47,338,4
97523,46,47,339,4.5
97524,46,47,340,5
97525,46,47,344,5
97526,46,47,345,4.5
97527,46,47,346,2.5
97528,46,47,352,4
97529,46,47,353,3.5
97530,46,47,355,5
97531,46,47,358,3
97532,46,47,360,4
97533,46,47,363,5
97534,46,47,364,0.5
97535,46,47,369,4
97536,46,47,371,4.5
97537,46,47,379,4.5
97538,46,47,380,5
97539,46,47,381,1
97540,46,47,383,5
97541,46,47,384,4
97542,46,47,385,5
97543,46,47,388,5
97544,46,47,391,3
97545,46,47,394,4
97546,46,47,396,3
97547,46,47,399,2
97548,46,47,400,4
97549,46,47,408,5
97550,46,47,409,5
97551,46,47,418,3.5
97552,46,47,426,4
97553,46,47,430,5
97554,46,47,431,5
97555,46,47,432,5
97556,46,47,433,5
97557,46,47,440,4
97558,46,47,442,4.5
97559,46,47,449,4
97560,46,47,450,5
97561,46,47,452,2.5
97562,46,47,455,4.5
97563,46,47,457,4.5
97564,46,47,458,4
97565,46,47,460,2.5
97566,46,47,461,5
97567,46,47,463,4
97568,46,47,468,3.5
97569,46,47,472,4
97570,46,47,475,4
97571,46,47,478,3.5
97572,46,47,480,4
97573,46,47,487,4
97574,46,47,488,4
97575,46,47,495,4
97576,46,47,496,3
97577,46,47,501,5
97578,46,47,508,5
97579,46,47,509,4
97580,46,47,514,4
97581,46,47,516,4
97582,46,47,517,5
97583,46,47,518,5
97584,46,47,520,5
97585,46,47,522,4
97586,46,47,527,3.5
97587,46,47,534,5
97588,46,47,535,3
97589,46,47,536,4
97590,46,47,544,5
97591,46,47,545,5
97592,46,47,547,4
97593,46,47,548,3
97594,46,47,550,3
97595,46,47,562,4.5
97596,46,47,564,4
97597,46,47,568,5
97598,46,47,574,4.5
97599,46,47,577,4
97600,46,47,580,4
97601,46,47,584,3.5
97602,46,47,587,3.5
97603,46,47,588,5
97604,46,47,589,5
97605,46,47,590,4
97606,46,47,593,4
97607,46,47,596,4
97608,46,47,602,4
97609,46,47,607,4
97610,46,47,608,5
97611,46,47,615,4.5
97612,46,47,619,4
97613,46,47,624,4
97614,46,47,627,4
97615,46,47,631,5
97616,46,47,633,3
97617,46,47,639,3
97618,46,47,647,5
97619,46,47,648,3
97620,46,47,654,4.5
97621,46,47,659,4
97622,46,47,662,3
97623,46,47,664,4.5
97624,46,47,670,5
97625,45,46,80,3
97626,45,46,86,3
97627,45,46,245,3
97628,45,46,344,3
97629,45,46,358,1
97630,45,46,391,4
97631,45,46,409,4
97632,45,46,414,2
97633,45,46,539,3
97634,45,46,564,5
97635,45,46,639,3
97636,45,46,641,4
97637,44,45,8,2.5
97638,44,45,19,3
97639,44,45,30,3
97640,44,45,36,4
97641,44,45,76,5
97642,44,45,80,4
97643,44,45,92,4
97644,44,45,102,4
97645,44,45,110,5
97646,44,45,111,1
97647,44,45,115,3.5
97648,44,45,128,5
97649,44,45,150,1.5
97650,44,45,247,3
97651,44,45,306,4
97652,44,45,308,3
97653,44,45,311,4
97654,44,45,312,5
97655,44,45,345,3.5
97656,44,45,373,4
97657,44,45,380,3
97658,44,45,385,4
97659,44,45,388,2
97660,44,45,391,3
97661,44,45,408,4
97662,44,45,439,4
97663,44,45,452,3
97664,44,45,457,3
97665,44,45,460,4
97666,44,45,509,3.5
97667,44,45,514,4
97668,44,45,536,3
97669,44,45,547,4
97670,44,45,548,3
97671,44,45,551,3
97672,44,45,555,3
97673,44,45,564,5
97674,44,45,585,4
97675,44,45,587,4
97676,44,45,602,4
97677,44,45,649,3
97678,44,45,650,3
97679,44,45,659,3
97680,43,44,15,3
97681,43,44,21,3
97682,43,44,22,2
97683,43,44,32,3
97684,43,44,73,3
97685,43,44,85,2
97686,43,44,92,3
97687,43,44,150,1
97688,43,44,161,3
97689,43,44,165,4
97690,43,44,192,3
97691,43,44,194,3
97692,43,44,199,4
97693,43,44,207,0.5
97694,43,44,212,2
97695,43,44,243,1.5
97696,43,44,247,3
97697,43,44,254,3
97698,43,44,285,2
97699,43,44,288,1
97700,43,44,294,3
97701,43,44,354,4
97702,43,44,366,3.5
97703,43,44,370,4
97704,43,44,390,3
97705,43,44,396,3
97706,43,44,453,4
97707,43,44,461,0.5
97708,43,44,468,1.5
97709,43,44,514,3
97710,43,44,516,3
97711,43,44,535,3
97712,43,44,548,3
97713,43,44,564,2
97714,43,44,580,2
97715,43,44,589,3
97716,43,44,603,3
97717,43,44,649,4
97718,42,43,67,4
97719,42,43,190,4
97720,42,43,211,5
97721,42,43,224,4
97722,42,43,311,1.5
97723,42,43,390,3
97724,42,43,452,4
97725,42,43,467,4
97726,42,43,514,3
97727,42,43,537,4
97728,42,43,564,4
97729,42,43,659,3
97730,41,42,19,3
97731,41,42,30,3
97732,41,42,67,3
97733,41,42,195,2
97734,41,42,388,2
97735,41,42,509,2
97736,41,42,534,2
97737,41,42,564,3
97738,41,42,650,1
97739,40,41,36,3
97740,40,41,86,4
97741,40,41,112,5
97742,40,41,119,4
97743,40,41,223,4
97744,40,41,265,4
97745,40,41,318,3
97746,40,41,330,5
97747,40,41,343,2
97748,40,41,361,4
97749,40,41,388,2
97750,40,41,407,5
97751,40,41,431,5
97752,40,41,466,4
97753,40,41,484,4
97754,40,41,489,4
97755,40,41,508,5
97756,40,41,509,4.5
97757,40,41,537,5
97758,40,41,550,5
97759,40,41,555,3
97760,40,41,564,3
97761,40,41,667,5
97762,39,40,7,4
97763,39,40,121,5
97764,39,40,148,4.5
97765,39,40,173,4
97766,39,40,311,3
97767,39,40,530,3
97768,38,39,2,5
97769,38,39,5,4
97770,38,39,15,2.5
97771,38,39,19,3
97772,38,39,34,3
97773,38,39,43,4
97774,38,39,47,3
97775,38,39,50,2
97776,38,39,56,5
97777,38,39,69,4.5
97778,38,39,73,4
97779,38,39,77,2.5
97780,38,39,78,5
97781,38,39,82,5
97782,38,39,83,4
97783,38,39,86,4
97784,38,39,88,3
97785,38,39,92,2
97786,38,39,93,4
97787,38,39,98,3
97788,38,39,99,4
97789,38,39,110,5
97790,38,39,111,4.5
97791,38,39,121,4
97792,38,39,126,3
97793,38,39,128,4
97794,38,39,129,3
97795,38,39,134,3.5
97796,38,39,144,3
97797,38,39,149,3.5
97798,38,39,150,2.5
97799,38,39,151,3
97800,38,39,161,3
97801,38,39,168,4
97802,38,39,176,1
97803,38,39,187,4.5
97804,38,39,188,3
97805,38,39,192,3
97806,38,39,195,3
97807,38,39,212,2
97808,38,39,213,2
97809,38,39,219,4
97810,38,39,239,5
97811,38,39,240,4.5
97812,38,39,247,3
97813,38,39,254,2
97814,38,39,262,2.5
97815,38,39,264,5
97816,38,39,266,5
97817,38,39,268,3.5
97818,38,39,275,4.5
97819,38,39,288,3
97820,38,39,292,4.5
97821,38,39,294,4
97822,38,39,295,4
97823,38,39,306,5
97824,38,39,308,4
97825,38,39,311,3
97826,38,39,312,5
97827,38,39,315,1
97828,38,39,319,3
97829,38,39,338,3
97830,38,39,344,3
97831,38,39,358,5
97832,38,39,369,3
97833,38,39,373,5
97834,38,39,380,3
97835,38,39,382,2
97836,38,39,385,4
97837,38,39,388,3
97838,38,39,394,3
97839,38,39,400,4
97840,38,39,408,4
97841,38,39,412,3
97842,38,39,416,3
97843,38,39,421,3
97844,38,39,422,4
97845,38,39,424,3.5
97846,38,39,439,4
97847,38,39,447,3
97848,38,39,452,3
97849,38,39,457,2
97850,38,39,461,4.5
97851,38,39,463,3
97852,38,39,464,5
97853,38,39,465,4.5
97854,38,39,466,4
97855,38,39,468,3
97856,38,39,472,4
97857,38,39,487,4
97858,38,39,491,4
97859,38,39,500,2.5
97860,38,39,514,3
97861,38,39,516,3
97862,38,39,517,4
97863,38,39,518,4
97864,38,39,527,2.5
97865,38,39,534,2
97866,38,39,536,5
97867,38,39,547,3
97868,38,39,548,3
97869,38,39,561,2.5
97870,38,39,562,3.5
97871,38,39,564,5
97872,38,39,569,4
97873,38,39,575,3
97874,38,39,580,4
97875,38,39,585,4
97876,38,39,597,5
97877,38,39,598,3
97878,38,39,599,5
97879,38,39,605,4
97880,38,39,617,3
97881,38,39,639,4
97882,38,39,641,5
97883,38,39,649,4
97884,38,39,653,5
97885,38,39,662,3
97886,38,39,665,2
97887,38,39,666,2
97888,37,38,514,1
97889,37,38,624,3
97890,36,37,102,1
97891,36,37,306,3
97892,35,36,9,5
97893,35,36,15,1
97894,35,36,17,4.5
97895,35,36,18,3
97896,35,36,19,3
97897,35,36,21,3
97898,35,36,24,3
97899,35,36,36,4
97900,35,36,70,4
97901,35,36,73,4.5
97902,35,36,86,4
97903,35,36,88,4
97904,35,36,90,4
97905,35,36,102,4
97906,35,36,105,3
97907,35,36,113,4
97908,35,36,118,4
97909,35,36,119,3
97910,35,36,120,3
97911,35,36,130,4
97912,35,36,134,4
97913,35,36,156,5
97914,35,36,160,4
97915,35,36,161,4
97916,35,36,162,3
97917,35,36,182,3
97918,35,36,183,4
97919,35,36,198,5
97920,35,36,212,4
97921,35,36,214,4
97922,35,36,220,4
97923,35,36,223,4
97924,35,36,224,5
97925,35,36,240,4
97926,35,36,241,4
97927,35,36,242,5
97928,35,36,245,4
97929,35,36,256,3
97930,35,36,265,4
97931,35,36,266,5
97932,35,36,283,3
97933,35,36,284,4
97934,35,36,312,4
97935,35,36,318,3
97936,35,36,338,4
97937,35,36,342,4
97938,35,36,343,4
97939,35,36,345,2.5
97940,35,36,350,5
97941,35,36,373,4
97942,35,36,381,5
97943,35,36,383,3
97944,35,36,385,4
97945,35,36,387,3
97946,35,36,388,4
97947,35,36,407,4
97948,35,36,422,5
97949,35,36,433,3
97950,35,36,434,5
97951,35,36,442,4.5
97952,35,36,447,4
97953,35,36,452,5
97954,35,36,459,4
97955,35,36,461,3
97956,35,36,466,3
97957,35,36,472,4
97958,35,36,490,3
97959,35,36,501,4.5
97960,35,36,502,5
97961,35,36,507,5
97962,35,36,509,4.5
97963,35,36,510,4
97964,35,36,511,5
97965,35,36,514,4
97966,35,36,527,2
97967,35,36,529,4.5
97968,35,36,530,5
97969,35,36,533,4
97970,35,36,534,4
97971,35,36,537,4
97972,35,36,545,5
97973,35,36,547,4
97974,35,36,548,3
97975,35,36,562,4
97976,35,36,564,5
97977,35,36,570,4
97978,35,36,573,5
97979,35,36,575,3
97980,35,36,596,3.5
97981,35,36,602,5
97982,35,36,605,1
97983,35,36,608,4
97984,35,36,616,4
97985,35,36,627,4
97986,35,36,633,3
97987,35,36,636,4
97988,35,36,640,5
97989,35,36,641,4
97990,35,36,650,5
97991,35,36,654,4.5
97992,35,36,659,4
97993,35,36,667,4
97994,35,36,670,4
97995,35,36,671,4
97996,34,35,19,3
97997,34,35,86,4
97998,34,35,102,4
97999,34,35,224,4
98000,34,35,306,3
98001,34,35,391,5
98002,34,35,409,4
98003,34,35,492,4
98004,34,35,514,3
98005,34,35,564,2
98006,34,35,659,3
98007,33,34,4,5
98008,33,34,7,4
98009,33,34,15,3
98010,33,34,19,4
98011,33,34,20,3.5
98012,33,34,21,4
98013,33,34,23,3.5
98014,33,34,30,4
98015,33,34,43,4
98016,33,34,48,3
98017,33,34,57,5
98018,33,34,61,2
98019,33,34,67,5
98020,33,34,69,4
98021,33,34,73,2.5
98022,33,34,77,3.5
98023,33,34,78,3.5
98024,33,34,82,5
98025,33,34,86,3
98026,33,34,91,3
98027,33,34,92,5
98028,33,34,93,4
98029,33,34,102,4
98030,33,34,108,3
98031,33,34,110,3
98032,33,34,114,5
98033,33,34,121,5
98034,33,34,126,3
98035,33,34,130,3
98036,33,34,151,3
98037,33,34,153,4
98038,33,34,157,1
98039,33,34,159,2
98040,33,34,160,2
98041,33,34,166,4
98042,33,34,172,3
98043,33,34,176,2
98044,33,34,182,5
98045,33,34,183,4
98046,33,34,188,4
98047,33,34,191,2
98048,33,34,192,5
98049,33,34,195,4
98050,33,34,201,4
98051,33,34,210,2.5
98052,33,34,212,3
98053,33,34,213,1.5
98054,33,34,219,3
98055,33,34,220,4
98056,33,34,224,5
98057,33,34,240,4.5
98058,33,34,241,4
98059,33,34,242,4
98060,33,34,243,3.5
98061,33,34,253,4.5
98062,33,34,254,5
98063,33,34,259,3
98064,33,34,262,2
98065,33,34,266,3
98066,33,34,268,4.5
98067,33,34,279,3
98068,33,34,294,3
98069,33,34,306,4
98070,33,34,311,4.5
98071,33,34,312,2
98072,33,34,313,4
98073,33,34,324,5
98074,33,34,328,4
98075,33,34,338,4
98076,33,34,344,1
98077,33,34,345,4
98078,33,34,353,0.5
98079,33,34,358,5
98080,33,34,363,5
98081,33,34,373,4
98082,33,34,380,4
98083,33,34,382,4
98084,33,34,383,5
98085,33,34,384,3
98086,33,34,400,4
98087,33,34,409,5
98088,33,34,410,1.5
98089,33,34,415,4
98090,33,34,419,4
98091,33,34,421,3
98092,33,34,422,4
98093,33,34,428,3
98094,33,34,430,3.5
98095,33,34,434,4
98096,33,34,439,1
98097,33,34,442,3.5
98098,33,34,447,3
98099,33,34,452,4
98100,33,34,457,1
98101,33,34,458,3
98102,33,34,461,3.5
98103,33,34,466,4
98104,33,34,468,3.5
98105,33,34,472,5
98106,33,34,480,3.5
98107,33,34,486,2.5
98108,33,34,487,3
98109,33,34,491,4
98110,33,34,493,5
98111,33,34,495,5
98112,33,34,496,2
98113,33,34,500,2.5
98114,33,34,508,5
98115,33,34,509,3
98116,33,34,510,1
98117,33,34,514,4
98118,33,34,516,3
98119,33,34,518,5
98120,33,34,527,1
98121,33,34,529,5
98122,33,34,531,3
98123,33,34,534,3
98124,33,34,536,5
98125,33,34,545,4
98126,33,34,547,4
98127,33,34,550,4
98128,33,34,555,4
98129,33,34,557,2
98130,33,34,559,4
98131,33,34,560,3.5
98132,33,34,562,4
98133,33,34,564,3
98134,33,34,575,5
98135,33,34,577,5
98136,33,34,582,3
98137,33,34,585,4
98138,33,34,587,3.5
98139,33,34,590,4
98140,33,34,595,3
98141,33,34,597,5
98142,33,34,602,4
98143,33,34,605,5
98144,33,34,608,4
98145,33,34,623,4
98146,33,34,629,2
98147,33,34,641,4
98148,33,34,647,5
98149,33,34,653,4
98150,33,34,654,4.5
98151,33,34,658,4
98152,33,34,662,4
98153,33,34,665,2
98154,33,34,670,4
98155,32,32,8,5
98156,32,32,15,4
98157,32,32,17,4.5
98158,32,32,18,5
98159,32,32,19,3
98160,32,32,20,2.5
98161,32,32,21,4
98162,32,32,22,4.5
98163,32,32,23,4
98164,32,32,25,4
98165,32,32,26,4.5
98166,32,32,30,2
98167,32,32,31,4.5
98168,32,32,34,5
98169,32,32,36,5
98170,32,32,44,3
98171,32,32,47,4
98172,32,32,55,4
98173,32,32,59,4.5
98174,32,32,70,4
98175,32,32,73,5
98176,32,32,75,4
98177,32,32,77,4
98178,32,32,78,5
98179,32,32,80,5
98180,32,32,86,5
98181,32,32,87,3
98182,32,32,90,4
98183,32,32,92,5
98184,32,32,97,4.5
98185,32,32,100,5
98186,32,32,103,5
98187,32,32,105,4
98188,32,32,110,3
98189,32,32,111,3.5
98190,32,32,112,3
98191,32,32,118,4
98192,32,32,119,4
98193,32,32,120,3.5
98194,32,32,134,4.5
98195,32,32,137,5
98196,32,32,144,5
98197,32,32,145,5
98198,32,32,148,4
98199,32,32,151,5
98200,32,32,152,5
98201,32,32,153,5
98202,32,32,155,3
98203,32,32,157,4
98204,32,32,161,3
98205,32,32,168,3
98206,32,32,172,3
98207,32,32,173,4
98208,32,32,177,4
98209,32,32,183,5
98210,32,32,188,4
98211,32,32,194,4
98212,32,32,197,3
98213,32,32,199,3.5
98214,32,32,200,4
98215,32,32,201,5
98216,32,32,211,5
98217,32,32,212,3.5
98218,32,32,213,1.5
98219,32,32,214,3
98220,32,32,223,4
98221,32,32,224,5
98222,32,32,232,5
98223,32,32,236,4
98224,32,32,237,2
98225,32,32,240,4.5
98226,32,32,248,4
98227,32,32,252,4
98228,32,32,256,1
98229,32,32,261,4
98230,32,32,268,3
98231,32,32,271,4
98232,32,32,282,3.5
98233,32,32,283,4
98234,32,32,284,4
98235,32,32,285,5
98236,32,32,292,4.5
98237,32,32,299,5
98238,32,32,300,4.5
98239,32,32,303,3
98240,32,32,312,2
98241,32,32,313,3
98242,32,32,324,3.5
98243,32,32,327,4
98244,32,32,329,3
98245,32,32,330,4
98246,32,32,343,4
98247,32,32,345,5
98248,32,32,346,3
98249,32,32,348,5
98250,32,32,352,3.5
98251,32,32,353,2.5
98252,32,32,355,4
98253,32,32,357,5
98254,32,32,358,3
98255,32,32,361,3
98256,32,32,363,4
98257,32,32,369,4
98258,32,32,370,4.5
98259,32,32,379,4
98260,32,32,380,5
98261,32,32,383,5
98262,32,32,386,4
98263,32,32,388,4
98264,32,32,390,1
98265,32,32,394,4
98266,32,32,396,3
98267,32,32,400,4
98268,32,32,403,3
98269,32,32,407,4
98270,32,32,408,4
98271,32,32,409,3
98272,32,32,410,4.5
98273,32,32,416,3
98274,32,32,420,4
98275,32,32,423,4.5
98276,32,32,426,2
98277,32,32,430,5
98278,32,32,432,5
98279,32,32,433,4
98280,32,32,434,4
98281,32,32,435,5
98282,32,32,440,3
98283,32,32,449,4
98284,32,32,457,3
98285,32,32,459,4
98286,32,32,460,4
98287,32,32,463,4
98288,32,32,468,3
98289,32,32,472,3
98290,32,32,480,3
98291,32,32,481,4
98292,32,32,482,4
98293,32,32,484,5
98294,32,32,487,4
98295,32,32,490,3
98296,32,32,502,5
98297,32,32,506,3
98298,32,32,507,4
98299,32,32,508,3
98300,32,32,509,4
98301,32,32,514,4
98302,32,32,516,4
98303,32,32,520,4.5
98304,32,32,522,3
98305,32,32,524,4
98306,32,32,525,3
98307,32,32,527,3.5
98308,32,32,529,4
98309,32,32,533,4
98310,32,32,534,4
98311,32,32,537,4
98312,32,32,544,4.5
98313,32,32,546,5
98314,32,32,547,4
98315,32,32,548,3
98316,32,32,550,4
98317,32,32,561,3.5
98318,32,32,562,4
98319,32,32,564,4
98320,32,32,571,4.5
98321,32,32,574,4.5
98322,32,32,577,4.5
98323,32,32,580,4.5
98324,32,32,588,4
98325,32,32,590,3
98326,32,32,593,5
98327,32,32,596,5
98328,32,32,597,4
98329,32,32,602,3
98330,32,32,603,5
98331,32,32,604,3.5
98332,32,32,607,3.5
98333,32,32,608,4
98334,32,32,615,3
98335,32,32,616,3
98336,32,32,624,2
98337,32,32,628,3.5
98338,32,32,636,4
98339,32,32,637,5
98340,32,32,641,4
98341,32,32,649,4
98342,32,32,650,3
98343,32,32,654,5
98344,32,32,655,4
98345,32,32,659,4
98346,32,32,660,4
98347,32,32,664,5
98348,32,32,665,4
98349,32,32,667,5
98350,32,32,670,3
98351,31,31,1,2.5
98352,31,31,7,3
98353,31,31,31,4
98354,31,31,32,4
98355,31,31,36,3
98356,31,31,39,3
98357,31,31,73,3.5
98358,31,31,88,3
98359,31,31,96,2.5
98360,31,31,110,4
98361,31,31,111,3.5
98362,31,31,150,2.5
98363,31,31,161,3
98364,31,31,165,3.5
98365,31,31,186,3
98366,31,31,242,4
98367,31,31,254,3
98368,31,31,288,3
98369,31,31,310,1.5
98370,31,31,311,3
98371,31,31,325,4.5
98372,31,31,338,3
98373,31,31,341,4.5
98374,31,31,386,2
98375,31,31,394,2
98376,31,31,452,2.5
98377,31,31,457,1.5
98378,31,31,461,2
98379,31,31,468,1.5
98380,31,31,485,4
98381,31,31,487,5
98382,31,31,496,4
98383,31,31,511,4
98384,31,31,516,4
98385,31,31,525,4
98386,31,31,590,3
98387,31,31,596,3
98388,31,31,601,3
98389,31,31,607,3.5
98390,31,31,619,3
98391,31,31,639,3
98392,31,31,641,4
98393,30,30,86,5
98394,30,30,224,4
98395,30,30,236,4.5
98396,30,30,409,5
98397,30,30,492,2
98398,30,30,509,3
98399,30,30,516,4
98400,30,30,564,5
98401,30,30,608,4
98402,30,30,636,4
98403,29,29,17,4.5
98404,29,29,19,3
98405,29,29,41,4
98406,29,29,56,4
98407,29,29,86,4
98408,29,29,90,5
98409,29,29,103,5
98410,29,29,119,3
98411,29,29,134,5
98412,29,29,148,3.5
98413,29,29,170,2.5
98414,29,29,185,5
98415,29,29,211,5
98416,29,29,224,4
98417,29,29,254,5
98418,29,29,262,3
98419,29,29,299,4.5
98420,29,29,344,3
98421,29,29,346,2
98422,29,29,363,4
98423,29,29,383,3
98424,29,29,388,3
98425,29,29,396,4
98426,29,29,430,5
98427,29,29,450,4.5
98428,29,29,452,4
98429,29,29,460,4
98430,29,29,461,3.5
98431,29,29,470,4
98432,29,29,472,4
98433,29,29,514,5
98434,29,29,537,5
98435,29,29,577,5
98436,29,29,580,4
98437,29,29,597,3
98438,29,29,602,5
98439,29,29,628,4
98440,29,29,636,4
98441,29,29,659,4
98442,29,29,664,4
98443,28,28,67,5
98444,28,28,86,4
98445,28,28,99,3
98446,28,28,102,4
98447,28,28,122,3
98448,28,28,212,4
98449,28,28,224,5
98450,28,28,280,5
98451,28,28,294,4.5
98452,28,28,311,2
98453,28,28,312,5
98454,28,28,414,4
98455,28,28,434,4
98456,28,28,493,4
98457,28,28,509,4
98458,28,28,529,4
98459,28,28,575,5
98460,28,28,614,4
98461,27,27,135,3
98462,27,27,311,2
98463,27,27,412,3
98464,27,27,452,3
98465,27,27,487,3
98466,27,27,496,4
98467,27,27,641,4
98468,26,26,9,3
98469,26,26,70,5
98470,26,26,86,4
98471,26,26,119,5
98472,26,26,294,3.5
98473,25,25,15,3
98474,25,25,17,4.5
98475,25,25,18,5
98476,25,25,19,3
98477,25,25,30,4
98478,25,25,36,4
98479,25,25,44,3
98480,25,25,70,5
98481,25,25,73,4.5
98482,25,25,80,4
98483,25,25,86,3
98484,25,25,87,4
98485,25,25,90,2
98486,25,25,93,3.5
98487,25,25,100,4
98488,25,25,102,4
98489,25,25,105,4
98490,25,25,111,4
98491,25,25,113,4
98492,25,25,128,2
98493,25,25,150,4
98494,25,25,152,0.5
98495,25,25,159,4.5
98496,25,25,161,3
98497,25,25,182,1
98498,25,25,195,3
98499,25,25,199,4
98500,25,25,214,3
98501,25,25,224,4
98502,25,25,232,1
98503,25,25,242,4
98504,25,25,252,5
98505,25,25,256,5
98506,25,25,265,4
98507,25,25,284,3
98508,25,25,288,4
98509,25,25,303,3.5
98510,25,25,304,5
98511,25,25,306,4
98512,25,25,312,4
98513,25,25,313,3
98514,25,25,328,3
98515,25,25,329,5
98516,25,25,330,3
98517,25,25,338,4
98518,25,25,342,4
98519,25,25,343,5
98520,25,25,345,4
98521,25,25,361,4
98522,25,25,373,4
98523,25,25,380,4
98524,25,25,381,5
98525,25,25,383,2
98526,25,25,385,3
98527,25,25,386,4
98528,25,25,388,4
98529,25,25,399,4
98530,25,25,403,3
98531,25,25,407,4
98532,25,25,409,4
98533,25,25,413,4
98534,25,25,422,5
98535,25,25,430,4.5
98536,25,25,434,5
98537,25,25,442,1
98538,25,25,447,4
98539,25,25,459,5
98540,25,25,461,2.5
98541,25,25,463,3
98542,25,25,466,3
98543,25,25,468,3
98544,25,25,472,5
98545,25,25,484,2
98546,25,25,493,3
98547,25,25,502,5
98548,25,25,509,4
98549,25,25,510,1
98550,25,25,511,4
98551,25,25,514,5
98552,25,25,516,5
98553,25,25,527,3
98554,25,25,529,4
98555,25,25,533,1
98556,25,25,534,3
98557,25,25,544,5
98558,25,25,547,4.5
98559,25,25,564,5
98560,25,25,574,4.5
98561,25,25,587,4
98562,25,25,588,4
98563,25,25,590,5
98564,25,25,593,5
98565,25,25,596,4
98566,25,25,602,5
98567,25,25,605,3
98568,25,25,608,4
98569,25,25,616,4
98570,25,25,636,4
98571,25,25,659,5
98572,25,25,667,2
98573,25,25,670,5
98574,24,24,23,3.5
98575,24,24,35,2.5
98576,24,24,95,4
98577,24,24,113,5
98578,24,24,119,3
98579,24,24,180,4
98580,24,24,185,4
98581,24,24,188,4
98582,24,24,207,0.5
98583,24,24,213,2.5
98584,24,24,311,1.5
98585,24,24,331,4
98586,24,24,348,2
98587,24,24,366,4
98588,24,24,380,3
98589,24,24,396,3
98590,24,24,411,5
98591,24,24,414,2
98592,24,24,452,2
98593,24,24,463,2
98594,24,24,468,2.5
98595,24,24,489,3
98596,24,24,514,1
98597,24,24,518,3
98598,24,24,529,3
98599,24,24,580,2.5
98600,24,24,629,1
98601,24,24,637,3.5
98602,24,24,639,3
98603,24,24,644,3
98604,24,24,652,5
98605,24,24,654,4.5
98606,24,24,656,4
98607,24,24,659,3
98608,23,23,19,1
98609,23,23,30,4
98610,23,23,85,3
98611,23,23,91,3.5
98612,23,23,110,5
98613,23,23,150,2
98614,23,23,177,3
98615,23,23,199,3.5
98616,23,23,203,3.5
98617,23,23,254,2
98618,23,23,286,4
98619,23,23,311,2
98620,23,23,344,3
98621,23,23,384,3
98622,23,23,388,2
98623,23,23,389,2
98624,23,23,496,4
98625,23,23,516,3
98626,23,23,534,4
98627,23,23,536,4
98628,23,23,548,3
98629,23,23,596,3.5
98630,22,22,15,2.5
98631,22,22,19,3
98632,22,22,39,4
98633,22,22,66,2
98634,22,22,105,2.5
98635,22,22,165,3.5
98636,22,22,177,4
98637,22,22,188,3
98638,22,22,242,4
98639,22,22,245,3
98640,22,22,254,3
98641,22,22,274,2.5
98642,22,22,282,3
98643,22,22,330,3
98644,22,22,380,3
98645,22,22,385,3
98646,22,22,388,4
98647,22,22,389,3
98648,22,22,409,1
98649,22,22,416,4
98650,22,22,452,3
98651,22,22,461,2
98652,22,22,487,5
98653,22,22,496,5
98654,22,22,516,5
98655,22,22,518,4
98656,22,22,534,4
98657,22,22,536,5
98658,22,22,548,3
98659,22,22,564,5
98660,22,22,577,3
98661,22,22,580,1.5
98662,22,22,590,3
98663,22,22,608,3
98664,22,22,641,4
98665,22,22,652,4
98666,22,22,659,4
98667,22,22,664,3
98668,21,21,7,3
98669,21,21,15,4.5
98670,21,21,19,3
98671,21,21,21,3
98672,21,21,28,5
98673,21,21,30,5
98674,21,21,34,4
98675,21,21,36,3
98676,21,21,39,3
98677,21,21,50,3
98678,21,21,56,2
98679,21,21,57,4
98680,21,21,60,3
98681,21,21,66,4
98682,21,21,73,3.5
98683,21,21,80,4
98684,21,21,82,3
98685,21,21,83,1
98686,21,21,85,4
98687,21,21,86,1
98688,21,21,88,3.5
98689,21,21,92,5
98690,21,21,93,5
98691,21,21,105,3.5
98692,21,21,113,5
98693,21,21,119,4
98694,21,21,130,3.5
98695,21,21,135,3
98696,21,21,144,2
98697,21,21,150,3.5
98698,21,21,151,5
98699,21,21,152,3.5
98700,21,21,161,3
98701,21,21,165,2.5
98702,21,21,168,4
98703,21,21,182,3
98704,21,21,224,4
98705,21,21,240,3
98706,21,21,242,5
98707,21,21,263,3.5
98708,21,21,265,4
98709,21,21,268,2.5
98710,21,21,279,1
98711,21,21,306,4
98712,21,21,311,4
98713,21,21,312,2
98714,21,21,321,5
98715,21,21,353,3
98716,21,21,358,4
98717,21,21,367,3
98718,21,21,369,3
98719,21,21,380,4
98720,21,21,383,3
98721,21,21,385,4
98722,21,21,387,4
98723,21,21,390,5
98724,21,21,400,4
98725,21,21,408,5
98726,21,21,409,5
98727,21,21,414,4
98728,21,21,419,3.5
98729,21,21,430,5
98730,21,21,447,3
98731,21,21,461,3
98732,21,21,462,3.5
98733,21,21,468,2.5
98734,21,21,472,4
98735,21,21,491,3
98736,21,21,508,5
98737,21,21,509,4
98738,21,21,510,4
98739,21,21,511,5
98740,21,21,514,3
98741,21,21,516,5
98742,21,21,518,1
98743,21,21,525,4
98744,21,21,534,2
98745,21,21,535,3
98746,21,21,537,5
98747,21,21,547,4
98748,21,21,548,3
98749,21,21,562,4
98750,21,21,564,4
98751,21,21,580,3
98752,21,21,585,4
98753,21,21,588,4
98754,21,21,594,5
98755,21,21,602,2
98756,21,21,605,2
98757,21,21,607,3.5
98758,21,21,619,3
98759,21,21,624,2
98760,21,21,633,4
98761,21,21,649,3
98762,21,21,667,3
98763,20,20,23,1.5
98764,20,20,80,1
98765,20,20,113,5
98766,20,20,135,3
98767,20,20,168,2
98768,20,20,253,1.5
98769,20,20,311,1.5
98770,20,20,388,1
98771,20,20,416,3
98772,20,20,457,2.5
98773,20,20,496,4
98774,20,20,593,4
98775,20,20,624,3
98776,19,19,15,1
98777,19,19,23,2
98778,19,19,32,3
98779,19,19,33,3
98780,19,19,58,1
98781,19,19,69,4
98782,19,19,73,1.5
98783,19,19,85,3
98784,19,19,86,1
98785,19,19,91,4
98786,19,19,92,1
98787,19,19,95,4
98788,19,19,105,2
98789,19,19,110,4
98790,19,19,115,4
98791,19,19,124,4
98792,19,19,130,1
98793,19,19,134,2
98794,19,19,145,5
98795,19,19,150,3
98796,19,19,151,3
98797,19,19,163,0.5
98798,19,19,165,1
98799,19,19,176,2
98800,19,19,192,3
98801,19,19,194,3
98802,19,19,212,1.5
98803,19,19,213,2
98804,19,19,219,3
98805,19,19,243,3
98806,19,19,247,4
98807,19,19,253,1
98808,19,19,254,3
98809,19,19,255,1.5
98810,19,19,261,5
98811,19,19,262,2.5
98812,19,19,268,2
98813,19,19,285,1
98814,19,19,288,5
98815,19,19,298,4
98816,19,19,306,4
98817,19,19,313,2.5
98818,19,19,324,3
98819,19,19,353,2.5
98820,19,19,355,3
98821,19,19,357,4
98822,19,19,358,1
98823,19,19,380,4
98824,19,19,384,3
98825,19,19,385,3
98826,19,19,389,1
98827,19,19,412,3
98828,19,19,416,3
98829,19,19,430,2
98830,19,19,433,2.5
98831,19,19,447,3
98832,19,19,452,1
98833,19,19,457,1.5
98834,19,19,468,1.5
98835,19,19,487,3
98836,19,19,496,2
98837,19,19,500,3
98838,19,19,506,3
98839,19,19,516,3
98840,19,19,517,3
98841,19,19,518,3
98842,19,19,522,3.5
98843,19,19,527,1.5
98844,19,19,528,2.5
98845,19,19,532,3.5
98846,19,19,535,1
98847,19,19,536,2
98848,19,19,548,3
98849,19,19,560,3.5
98850,19,19,562,3
98851,19,19,564,3
98852,19,19,574,3
98853,19,19,580,1.5
98854,19,19,588,2
98855,19,19,596,2.5
98856,19,19,604,2.5
98857,19,19,605,4
98858,19,19,607,1.5
98859,19,19,624,2
98860,19,19,627,1
98861,19,19,641,3
98862,19,19,649,3
98863,19,19,653,3
98864,19,19,654,4.5
98865,19,19,659,1
98866,19,19,662,2
98867,19,19,666,3
98868,18,18,18,3
98869,18,18,30,2
98870,18,18,36,4
98871,18,18,67,4
98872,18,18,86,5
98873,18,18,111,2.5
98874,18,18,112,3
98875,18,18,135,4
98876,18,18,154,5
98877,18,18,177,4
98878,18,18,255,2.5
98879,18,18,408,5
98880,18,18,452,3
98881,18,18,457,2.5
98882,18,18,461,1.5
98883,18,18,502,3
98884,18,18,507,4
98885,18,18,549,1
98886,18,18,564,2
98887,18,18,571,5
98888,18,18,596,3.5
98889,18,18,607,4
98890,18,18,616,4
98891,18,18,636,3
98892,18,18,655,4
98893,18,18,659,1
98894,17,17,2,5
98895,17,17,9,4
98896,17,17,15,3
98897,17,17,18,4
98898,17,17,44,2
98899,17,17,57,5
98900,17,17,67,4
98901,17,17,70,4
98902,17,17,74,4
98903,17,17,86,5
98904,17,17,93,4
98905,17,17,99,3
98906,17,17,121,5
98907,17,17,122,3
98908,17,17,161,5
98909,17,17,162,4
98910,17,17,172,4
98911,17,17,182,3
98912,17,17,211,4
98913,17,17,212,3.5
98914,17,17,220,5
98915,17,17,224,5
98916,17,17,232,5
98917,17,17,233,5
98918,17,17,240,4
98919,17,17,268,3
98920,17,17,280,5
98921,17,17,283,2.5
98922,17,17,284,1
98923,17,17,294,4
98924,17,17,306,4
98925,17,17,308,4
98926,17,17,311,2
98927,17,17,312,3
98928,17,17,319,3
98929,17,17,338,4
98930,17,17,358,5
98931,17,17,361,5
98932,17,17,371,4.5
98933,17,17,382,4
98934,17,17,385,3
98935,17,17,390,4
98936,17,17,391,4
98937,17,17,396,4
98938,17,17,408,4
98939,17,17,413,3
98940,17,17,431,5
98941,17,17,434,5
98942,17,17,447,3
98943,17,17,452,4
98944,17,17,461,4.5
98945,17,17,463,4
98946,17,17,465,5
98947,17,17,468,3.5
98948,17,17,472,4
98949,17,17,484,5
98950,17,17,487,5
98951,17,17,493,4
98952,17,17,509,4
98953,17,17,510,4
98954,17,17,514,3
98955,17,17,517,5
98956,17,17,518,5
98957,17,17,529,4.5
98958,17,17,530,4
98959,17,17,534,2
98960,17,17,537,5
98961,17,17,539,4
98962,17,17,547,5
98963,17,17,554,5
98964,17,17,555,3
98965,17,17,559,4
98966,17,17,564,3
98967,17,17,575,5
98968,17,17,577,5
98969,17,17,578,3
98970,17,17,595,4
98971,17,17,598,2
98972,17,17,608,3
98973,17,17,616,3
98974,17,17,636,3
98975,17,17,640,4
98976,17,17,650,4
98977,17,17,654,4.5
98978,17,17,659,4
98979,17,17,667,2
98980,16,16,15,3.5
98981,16,16,19,5
98982,16,16,23,4
98983,16,16,30,5
98984,16,16,36,3
98985,16,16,38,4.5
98986,16,16,39,5
98987,16,16,56,4
98988,16,16,60,4.5
98989,16,16,63,5
98990,16,16,67,4
98991,16,16,73,4
98992,16,16,74,3
98993,16,16,78,5
98994,16,16,80,5
98995,16,16,94,3.5
98996,16,16,95,5
98997,16,16,105,5
98998,16,16,109,3.5
98999,16,16,110,4
99000,16,16,113,5
99001,16,16,118,4
99002,16,16,119,3
99003,16,16,134,4
99004,16,16,171,5
99005,16,16,187,4
99006,16,16,193,4
99007,16,16,199,4
99008,16,16,204,4
99009,16,16,208,4
99010,16,16,210,2.5
99011,16,16,212,4
99012,16,16,217,4
99013,16,16,219,2
99014,16,16,220,5
99015,16,16,221,3
99016,16,16,224,5
99017,16,16,240,3.5
99018,16,16,242,5
99019,16,16,253,2
99020,16,16,271,3.5
99021,16,16,275,4.5
99022,16,16,292,4.5
99023,16,16,299,4.5
99024,16,16,306,4
99025,16,16,311,2
99026,16,16,330,3
99027,16,16,373,4
99028,16,16,380,4
99029,16,16,385,5
99030,16,16,386,4
99031,16,16,388,3
99032,16,16,393,2.5
99033,16,16,408,2
99034,16,16,409,4
99035,16,16,423,3.5
99036,16,16,428,5
99037,16,16,433,4.5
99038,16,16,442,4.5
99039,16,16,452,4
99040,16,16,457,3.5
99041,16,16,461,3
99042,16,16,468,3.5
99043,16,16,472,4
99044,16,16,475,4
99045,16,16,476,5
99046,16,16,481,4
99047,16,16,509,4
99048,16,16,511,5
99049,16,16,523,1
99050,16,16,534,4
99051,16,16,544,4
99052,16,16,547,4
99053,16,16,550,5
99054,16,16,562,3.5
99055,16,16,564,4
99056,16,16,574,4.5
99057,16,16,580,3.5
99058,16,16,596,5
99059,16,16,607,3.5
99060,16,16,608,4
99061,16,16,624,5
99062,16,16,628,3
99063,16,16,647,4
99064,16,16,659,5
99065,16,16,664,4
99066,16,16,665,4
99067,16,16,667,2
99068,15,15,73,2.5
99069,15,15,213,3
99070,15,15,311,2
99071,15,15,390,3
99072,15,15,396,4
99073,15,15,409,1
99074,15,15,496,3
99075,15,15,564,1
99076,15,15,598,2
99077,15,15,650,2
99078,15,15,654,2
99079,14,14,15,2.5
99080,14,14,18,2
99081,14,14,19,5
99082,14,14,30,4
99083,14,14,70,3
99084,14,14,86,4
99085,14,14,102,4
99086,14,14,233,3
99087,14,14,256,4
99088,14,14,266,4
99089,14,14,284,3
99090,14,14,304,4
99091,14,14,306,3
99092,14,14,311,3
99093,14,14,341,4
99094,14,14,342,3
99095,14,14,361,4
99096,14,14,383,3
99097,14,14,388,4
99098,14,14,390,2
99099,14,14,407,4
99100,14,14,452,5
99101,14,14,459,4
99102,14,14,490,3
99103,14,14,509,3
99104,14,14,514,3
99105,14,14,530,4
99106,14,14,547,3.5
99107,14,14,588,3
99108,14,14,640,2
99109,14,14,659,4
99110,13,13,182,3
99111,13,13,213,2.5
99112,13,13,287,4.5
99113,13,13,402,4.5
99114,13,13,516,3
99115,13,13,518,5
99116,13,13,564,4
99117,13,13,595,5
99118,12,12,67,3
99119,12,12,70,3
99120,12,12,91,3.5
99121,12,12,157,2
99122,12,12,199,4
99123,12,12,247,3
99124,12,12,252,5
99125,12,12,284,1
99126,12,12,294,4
99127,12,12,358,1
99128,12,12,361,3
99129,12,12,396,4
99130,12,12,516,3
99131,12,12,551,3
99132,12,12,564,1
99133,12,12,580,3
99134,12,12,624,2
99135,12,12,640,3
99136,11,11,15,2.5
99137,11,11,19,3
99138,11,11,23,3.5
99139,11,11,30,4
99140,11,11,57,5
99141,11,11,58,5
99142,11,11,59,2.5
99143,11,11,63,3.5
99144,11,11,68,3.5
99145,11,11,86,1
99146,11,11,88,3.5
99147,11,11,92,4
99148,11,11,93,3.5
99149,11,11,95,4
99150,11,11,105,3.5
99151,11,11,110,5
99152,11,11,111,4
99153,11,11,121,4
99154,11,11,125,4
99155,11,11,161,4
99156,11,11,182,5
99157,11,11,219,4
99158,11,11,232,4
99159,11,11,235,3.5
99160,11,11,239,4
99161,11,11,242,5
99162,11,11,247,4
99163,11,11,249,4
99164,11,11,268,3.5
99165,11,11,280,3
99166,11,11,292,4.5
99167,11,11,294,3
99168,11,11,306,4
99169,11,11,311,5
99170,11,11,312,3
99171,11,11,319,4
99172,11,11,354,5
99173,11,11,358,3
99174,11,11,380,2
99175,11,11,382,5
99176,11,11,385,4
99177,11,11,387,4
99178,11,11,390,5
99179,11,11,396,3
99180,11,11,402,4.5
99181,11,11,416,4
99182,11,11,421,5
99183,11,11,433,1.5
99184,11,11,447,3
99185,11,11,452,4
99186,11,11,461,1.5
99187,11,11,463,3
99188,11,11,468,2
99189,11,11,472,3
99190,11,11,487,4
99191,11,11,491,3
99192,11,11,493,4
99193,11,11,496,4
99194,11,11,508,3
99195,11,11,509,3
99196,11,11,511,4
99197,11,11,517,5
99198,11,11,518,5
99199,11,11,534,3
99200,11,11,535,3
99201,11,11,537,3
99202,11,11,547,3
99203,11,11,548,3
99204,11,11,550,4
99205,11,11,562,4
99206,11,11,564,3
99207,11,11,569,5
99208,11,11,575,3
99209,11,11,597,4
99210,11,11,598,4
99211,11,11,602,3
99212,11,11,605,3
99213,11,11,639,4
99214,11,11,641,4
99215,11,11,650,5
99216,11,11,654,4.5
99217,11,11,667,3
99218,10,10,2,4
99219,10,10,4,4
99220,10,10,7,3
99221,10,10,15,3
99222,10,10,19,3
99223,10,10,21,3
99224,10,10,39,5
99225,10,10,47,4
99226,10,10,50,4
99227,10,10,56,4
99228,10,10,73,3
99229,10,10,74,5
99230,10,10,77,3
99231,10,10,78,5
99232,10,10,80,3
99233,10,10,82,3
99234,10,10,85,5
99235,10,10,92,2
99236,10,10,105,3.5
99237,10,10,108,4
99238,10,10,110,4
99239,10,10,111,3.5
99240,10,10,113,3
99241,10,10,114,4
99242,10,10,121,3
99243,10,10,122,3
99244,10,10,126,3
99245,10,10,130,3.5
99246,10,10,134,4
99247,10,10,135,3
99248,10,10,137,4
99249,10,10,144,5
99250,10,10,145,5
99251,10,10,150,4
99252,10,10,151,5
99253,10,10,152,1.5
99254,10,10,157,3.5
99255,10,10,159,2.5
99256,10,10,161,4
99257,10,10,164,4
99258,10,10,165,2.5
99259,10,10,177,4
99260,10,10,188,4
99261,10,10,191,2
99262,10,10,199,2.5
99263,10,10,205,3.5
99264,10,10,212,3.5
99265,10,10,214,3
99266,10,10,224,3
99267,10,10,236,3
99268,10,10,243,3.5
99269,10,10,247,4
99270,10,10,249,4
99271,10,10,253,4
99272,10,10,268,3
99273,10,10,279,3
99274,10,10,282,3
99275,10,10,285,4
99276,10,10,288,3
99277,10,10,290,4.5
99278,10,10,292,4
99279,10,10,294,3.5
99280,10,10,295,4.5
99281,10,10,302,3
99282,10,10,311,3
99283,10,10,312,1
99284,10,10,313,3.5
99285,10,10,353,3
99286,10,10,355,3.5
99287,10,10,369,3
99288,10,10,375,4
99289,10,10,384,3.5
99290,10,10,385,3
99291,10,10,388,2
99292,10,10,389,4
99293,10,10,390,3
99294,10,10,396,3
99295,10,10,399,3
99296,10,10,400,3
99297,10,10,405,3.5
99298,10,10,415,4
99299,10,10,416,4
99300,10,10,418,2.5
99301,10,10,428,2.5
99302,10,10,430,3.5
99303,10,10,447,3
99304,10,10,457,2
99305,10,10,458,4
99306,10,10,461,2
99307,10,10,464,5
99308,10,10,468,3
99309,10,10,471,4.5
99310,10,10,487,4
99311,10,10,516,4
99312,10,10,525,3
99313,10,10,535,3
99314,10,10,548,4
99315,10,10,550,4
99316,10,10,552,3
99317,10,10,555,3
99318,10,10,560,4
99319,10,10,561,3.5
99320,10,10,564,3
99321,10,10,568,4
99322,10,10,574,3
99323,10,10,577,3.5
99324,10,10,588,3
99325,10,10,589,4
99326,10,10,590,3
99327,10,10,592,4
99328,10,10,593,2
99329,10,10,596,3.5
99330,10,10,602,3
99331,10,10,607,3.5
99332,10,10,608,3
99333,10,10,624,4
99334,10,10,641,3
99335,10,10,649,5
99336,10,10,650,4
99337,10,10,654,4
99338,10,10,662,3
99339,10,10,666,3
99340,9,9,18,3
99341,9,9,19,3
99342,9,9,55,3
99343,9,9,70,3
99344,9,9,95,3
99345,9,9,110,5
99346,9,9,113,4
99347,9,9,182,3
99348,9,9,247,3
99349,9,9,254,3
99350,9,9,256,3
99351,9,9,318,4
99352,9,9,361,3
99353,9,9,383,2
99354,9,9,390,3
99355,9,9,490,4
99356,9,9,507,1
99357,9,9,516,3
99358,9,9,518,4
99359,9,9,640,3
99360,8,8,30,4
99361,8,8,113,5
99362,8,8,128,4
99363,8,8,182,5
99364,8,8,614,1
99365,7,7,18,3
99366,7,7,19,3
99367,7,7,55,2
99368,7,7,70,3
99369,7,7,79,0.5
99370,7,7,80,4
99371,7,7,87,3
99372,7,7,88,4
99373,7,7,100,3
99374,7,7,110,4
99375,7,7,111,3.5
99376,7,7,128,5
99377,7,7,154,3
99378,7,7,162,3
99379,7,7,182,5
99380,7,7,213,2
99381,7,7,223,3
99382,7,7,233,3
99383,7,7,236,3.5
99384,7,7,247,3
99385,7,7,252,4
99386,7,7,256,3
99387,7,7,283,3.5
99388,7,7,284,1
99389,7,7,294,5
99390,7,7,306,2
99391,7,7,311,3
99392,7,7,312,1
99393,7,7,329,4
99394,7,7,358,4
99395,7,7,361,3
99396,7,7,382,5
99397,7,7,390,3
99398,7,7,413,5
99399,7,7,416,4
99400,7,7,452,3
99401,7,7,459,3
99402,7,7,461,0.5
99403,7,7,463,4
99404,7,7,472,2
99405,7,7,493,4
99406,7,7,505,3
99407,7,7,516,4
99408,7,7,518,3
99409,7,7,537,5
99410,7,7,543,5
99411,7,7,547,2
99412,7,7,551,4
99413,7,7,564,3
99414,7,7,575,4
99415,7,7,607,3.5
99416,7,7,616,3
99417,7,7,641,4
99418,6,6,15,4
99419,6,6,17,4.5
99420,6,6,18,4
99421,6,6,19,3
99422,6,6,23,3.5
99423,6,6,24,5
99424,6,6,30,4
99425,6,6,34,3
99426,6,6,36,3
99427,6,6,39,4
99428,6,6,44,3
99429,6,6,55,5
99430,6,6,67,5
99431,6,6,73,4.5
99432,6,6,77,3.5
99433,6,6,80,4
99434,6,6,83,5
99435,6,6,90,4
99436,6,6,92,3
99437,6,6,95,5
99438,6,6,100,3
99439,6,6,105,3
99440,6,6,110,4
99441,6,6,112,3
99442,6,6,113,4
99443,6,6,119,5
99444,6,6,121,4
99445,6,6,152,4
99446,6,6,162,3
99447,6,6,173,5
99448,6,6,177,5
99449,6,6,195,4
99450,6,6,199,4.5
99451,6,6,201,5
99452,6,6,215,3
99453,6,6,223,4
99454,6,6,224,5
99455,6,6,235,4
99456,6,6,236,3
99457,6,6,242,4
99458,6,6,252,3
99459,6,6,256,3
99460,6,6,268,2.5
99461,6,6,284,5
99462,6,6,288,3
99463,6,6,295,4.5
99464,6,6,298,3.5
99465,6,6,311,4
99466,6,6,312,5
99467,6,6,318,3
99468,6,6,329,5
99469,6,6,340,4
99470,6,6,343,5
99471,6,6,345,2.5
99472,6,6,355,4
99473,6,6,358,3
99474,6,6,367,2
99475,6,6,380,4
99476,6,6,383,3
99477,6,6,385,5
99478,6,6,388,5
99479,6,6,404,4
99480,6,6,413,5
99481,6,6,430,4
99482,6,6,433,5
99483,6,6,434,4
99484,6,6,447,3
99485,6,6,452,4
99486,6,6,457,3
99487,6,6,459,4
99488,6,6,461,4
99489,6,6,468,3.5
99490,6,6,472,3
99491,6,6,490,5
99492,6,6,496,5
99493,6,6,502,3
99494,6,6,509,3
99495,6,6,516,4
99496,6,6,525,4
99497,6,6,534,5
99498,6,6,544,4.5
99499,6,6,547,2.5
99500,6,6,548,3
99501,6,6,562,4
99502,6,6,564,1
99503,6,6,574,5
99504,6,6,577,4
99505,6,6,580,3.5
99506,6,6,588,4
99507,6,6,590,4
99508,6,6,596,4
99509,6,6,603,4
99510,6,6,608,5
99511,6,6,615,3.5
99512,6,6,616,3
99513,6,6,627,4
99514,6,6,633,3
99515,6,6,641,4
99516,6,6,647,4
99517,6,6,648,4
99518,6,6,659,3
99519,6,6,664,4
99520,6,6,666,5
99521,6,6,667,4
99522,5,5,15,4.5
99523,5,5,18,3
99524,5,5,44,3
99525,5,5,55,3
99526,5,5,69,5
99527,5,5,70,5
99528,5,5,85,3
99529,5,5,98,3
99530,5,5,110,4
99531,5,5,111,3
99532,5,5,113,5
99533,5,5,127,4
99534,5,5,134,1
99535,5,5,140,4.5
99536,5,5,150,2.5
99537,5,5,154,3
99538,5,5,162,4
99539,5,5,182,4
99540,5,5,196,4
99541,5,5,212,2.5
99542,5,5,223,4
99543,5,5,235,4.5
99544,5,5,239,3
99545,5,5,241,2
99546,5,5,256,3
99547,5,5,284,4
99548,5,5,292,4
99549,5,5,294,3.5
99550,5,5,306,2
99551,5,5,313,3.5
99552,5,5,318,3
99553,5,5,329,3
99554,5,5,344,2
99555,5,5,345,2
99556,5,5,358,2
99557,5,5,381,4
99558,5,5,382,3
99559,5,5,389,4
99560,5,5,431,4.5
99561,5,5,452,3
99562,5,5,457,1
99563,5,5,514,1
99564,5,5,516,3
99565,5,5,518,3
99566,5,5,543,3
99567,5,5,548,3
99568,5,5,562,3.5
99569,5,5,564,3
99570,5,5,590,3
99571,5,5,621,4.5
99572,5,5,624,3
99573,5,5,640,3
99574,5,5,641,4
99575,5,5,650,3
99576,5,5,654,4
99577,5,5,665,3
99578,4,4,19,3
99579,4,4,113,3
99580,4,4,128,3
99581,4,4,168,3
99582,4,4,182,3
99583,4,4,239,3
99584,4,4,391,2
99585,4,4,460,3.5
99586,4,4,461,1.5
99587,4,4,518,1
99588,4,4,644,1
99589,4,4,649,3
99590,4,4,650,1
99591,3,3,5,4
99592,3,3,19,3
99593,3,3,25,3
99594,3,3,44,5
99595,3,3,70,5
99596,3,3,75,3
99597,3,3,85,2
99598,3,3,100,4
99599,3,3,110,4
99600,3,3,112,5
99601,3,3,115,5
99602,3,3,128,2
99603,3,3,154,4
99604,3,3,162,2
99605,3,3,165,2.5
99606,3,3,182,4
99607,3,3,217,4.5
99608,3,3,233,3
99609,3,3,239,4
99610,3,3,256,3
99611,3,3,275,4
99612,3,3,284,3
99613,3,3,285,3
99614,3,3,329,3
99615,3,3,358,1
99616,3,3,361,4
99617,3,3,390,5
99618,3,3,416,4
99619,3,3,425,0.5
99620,3,3,430,1.5
99621,3,3,442,4.5
99622,3,3,452,1
99623,3,3,457,1.5
99624,3,3,459,4
99625,3,3,468,2.5
99626,3,3,484,4
99627,3,3,496,3
99628,3,3,505,3
99629,3,3,507,2
99630,3,3,509,2
99631,3,3,514,1
99632,3,3,516,3
99633,3,3,534,2
99634,3,3,543,5
99635,3,3,548,4
99636,3,3,559,3
99637,3,3,564,3
99638,3,3,574,3.5
99639,3,3,603,2
99640,3,3,605,2
99641,3,3,607,3.5
99642,3,3,614,2
99643,3,3,616,3
99644,3,3,624,3
99645,3,3,640,4
99646,3,3,641,3
99647,3,3,646,5
99648,3,3,650,3
99649,3,3,665,3
99650,2,2,15,2
99651,2,2,19,3
99652,2,2,30,2
99653,2,2,32,4
99654,2,2,41,3.5
99655,2,2,47,5
99656,2,2,48,3.5
99657,2,2,49,5
99658,2,2,61,3.5
99659,2,2,68,3
99660,2,2,69,3.5
99661,2,2,72,2.5
99662,2,2,73,2.5
99663,2,2,78,3.5
99664,2,2,79,2.5
99665,2,2,80,2
99666,2,2,85,5
99667,2,2,88,3.5
99668,2,2,92,3
99669,2,2,99,2
99670,2,2,113,5
99671,2,2,115,5
99672,2,2,119,3
99673,2,2,124,3
99674,2,2,126,3
99675,2,2,128,4
99676,2,2,134,4.5
99677,2,2,150,3
99678,2,2,151,4
99679,2,2,157,2.5
99680,2,2,161,4
99681,2,2,165,3
99682,2,2,176,3
99683,2,2,177,5
99684,2,2,182,5
99685,2,2,185,4
99686,2,2,187,3
99687,2,2,188,4
99688,2,2,192,4
99689,2,2,200,3.5
99690,2,2,212,3
99691,2,2,213,3
99692,2,2,218,2.5
99693,2,2,224,4
99694,2,2,241,3
99695,2,2,253,4
99696,2,2,262,2
99697,2,2,268,3.5
99698,2,2,279,3
99699,2,2,285,3
99700,2,2,287,5
99701,2,2,288,4
99702,2,2,292,3.5
99703,2,2,298,5
99704,2,2,306,4
99705,2,2,312,2
99706,2,2,313,3
99707,2,2,324,4
99708,2,2,338,3
99709,2,2,346,2
99710,2,2,353,2
99711,2,2,355,3
99712,2,2,369,3
99713,2,2,382,3
99714,2,2,389,4
99715,2,2,396,3
99716,2,2,418,2
99717,2,2,426,3
99718,2,2,428,3
99719,2,2,440,4
99720,2,2,442,4
99721,2,2,447,3
99722,2,2,466,3
99723,2,2,468,2
99724,2,2,471,3
99725,2,2,473,5
99726,2,2,479,4
99727,2,2,480,5
99728,2,2,487,4
99729,2,2,496,4
99730,2,2,500,1.5
99731,2,2,506,3
99732,2,2,517,5
99733,2,2,518,4
99734,2,2,522,2.5
99735,2,2,525,2
99736,2,2,531,4
99737,2,2,534,4
99738,2,2,535,3
99739,2,2,537,3
99740,2,2,548,3
99741,2,2,561,3
99742,2,2,564,4
99743,2,2,575,4
99744,2,2,580,3.5
99745,2,2,590,3
99746,2,2,593,3
99747,2,2,595,2
99748,2,2,602,4
99749,2,2,603,4
99750,2,2,607,3
99751,2,2,624,3
99752,2,2,641,4
99753,2,2,654,3
99754,2,2,655,4
99755,2,2,662,5
99756,2,2,665,3
99757,1,1,7,3
99758,1,1,9,4
99759,1,1,13,5
99760,1,1,15,2
99761,1,1,19,3
99762,1,1,20,3.5
99763,1,1,23,3
99764,1,1,26,5
99765,1,1,30,4
99766,1,1,37,4
99767,1,1,43,4
99768,1,1,44,4
99769,1,1,47,5
99770,1,1,48,4
99771,1,1,55,3
99772,1,1,56,4
99773,1,1,63,5
99774,1,1,67,3
99775,1,1,68,4
99776,1,1,69,5
99777,1,1,70,5
99778,1,1,72,3.5
99779,1,1,73,5
99780,1,1,75,3
99781,1,1,77,4
99782,1,1,79,2
99783,1,1,84,3.5
99784,1,1,86,3
99785,1,1,87,3
99786,1,1,89,5
99787,1,1,90,4
99788,1,1,91,5
99789,1,1,92,5
99790,1,1,93,4
99791,1,1,94,4
99792,1,1,97,1
99793,1,1,99,4
99794,1,1,100,4
99795,1,1,106,4
99796,1,1,112,5
99797,1,1,119,2
99798,1,1,120,2.5
99799,1,1,121,4
99800,1,1,122,3
99801,1,1,124,4.5
99802,1,1,125,4
99803,1,1,126,5
99804,1,1,128,5
99805,1,1,130,3
99806,1,1,134,3.5
99807,1,1,136,4.5
99808,1,1,138,2
99809,1,1,142,4
99810,1,1,146,5
99811,1,1,149,3
99812,1,1,150,3
99813,1,1,152,3.5
99814,1,1,153,5
99815,1,1,154,4
99816,1,1,157,3.5
99817,1,1,163,3
99818,1,1,164,3.5
99819,1,1,165,2.5
99820,1,1,168,5
99821,1,1,169,4
99822,1,1,173,4
99823,1,1,175,4
99824,1,1,176,2
99825,1,1,177,5
99826,1,1,178,4
99827,1,1,179,5
99828,1,1,184,5
99829,1,1,185,5
99830,1,1,187,4
99831,1,1,193,4
99832,1,1,200,3
99833,1,1,201,5
99834,1,1,205,4.5
99835,1,1,212,3
99836,1,1,213,3
99837,1,1,215,3
99838,1,1,219,5
99839,1,1,220,2
99840,1,1,224,4
99841,1,1,232,3
99842,1,1,237,3
99843,1,1,240,4.5
99844,1,1,241,3
99845,1,1,242,5
99846,1,1,247,4
99847,1,1,252,3
99848,1,1,253,4.5
99849,1,1,261,1.5
99850,1,1,262,2.5
99851,1,1,268,5
99852,1,1,272,4
99853,1,1,273,4.5
99854,1,1,275,5
99855,1,1,282,4
99856,1,1,283,3
99857,1,1,284,3
99858,1,1,285,4
99859,1,1,287,5
99860,1,1,292,4
99861,1,1,293,4
99862,1,1,294,4
99863,1,1,306,3
99864,1,1,311,3
99865,1,1,312,5
99866,1,1,313,4
99867,1,1,314,2
99868,1,1,318,1
99869,1,1,321,3
99870,1,1,324,4
99871,1,1,328,4
99872,1,1,329,5
99873,1,1,333,4
99874,1,1,334,5
99875,1,1,336,2
99876,1,1,343,5
99877,1,1,344,4
99878,1,1,345,4.5
99879,1,1,350,4
99880,1,1,353,3.5
99881,1,1,354,5
99882,1,1,355,3
99883,1,1,357,5
99884,1,1,358,5
99885,1,1,361,3
99886,1,1,363,5
99887,1,1,379,3.5
99888,1,1,380,4
99889,1,1,382,3.5
99890,1,1,383,5
99891,1,1,390,4
99892,1,1,396,5
99893,1,1,401,5
99894,1,1,402,2
99895,1,1,403,4
99896,1,1,406,3.5
99897,1,1,407,4
99898,1,1,408,2
99899,1,1,409,5
99900,1,1,410,5
99901,1,1,412,4
99902,1,1,417,3.5
99903,1,1,418,3.5
99904,1,1,419,4.5
99905,1,1,421,2
99906,1,1,422,5
99907,1,1,425,4.5
99908,1,1,426,3
99909,1,1,428,5
99910,1,1,430,4
99911,1,1,431,4.5
99912,1,1,432,5
99913,1,1,433,4.5
99914,1,1,434,4
99915,1,1,437,4
99916,1,1,440,4
99917,1,1,442,4
99918,1,1,447,3
99919,1,1,448,3
99920,1,1,452,3.5
99921,1,1,455,3.5
99922,1,1,456,3.5
99923,1,1,457,1.5
99924,1,1,458,3.5
99925,1,1,459,5
99926,1,1,460,4.5
99927,1,1,461,3.5
99928,1,1,463,3
99929,1,1,466,5
99930,1,1,468,4
99931,1,1,470,3.5
99932,1,1,471,3.5
99933,1,1,472,5
99934,1,1,475,4.5
99935,1,1,480,5
99936,1,1,481,4
99937,1,1,484,3
99938,1,1,486,5
99939,1,1,490,1
99940,1,1,491,5
99941,1,1,500,2
99942,1,1,501,5
99943,1,1,502,4
99944,1,1,503,4
99945,1,1,506,4
99946,1,1,507,3
99947,1,1,509,3
99948,1,1,510,1
99949,1,1,514,4
99950,1,1,518,5
99951,1,1,520,3
99952,1,1,525,2
99953,1,1,526,4
99954,1,1,529,4
99955,1,1,530,5
99956,1,1,531,3
99957,1,1,534,5
99958,1,1,537,5
99959,1,1,538,5
99960,1,1,542,4.5
99961,1,1,543,5
99962,1,1,547,3.5
99963,1,1,548,4
99964,1,1,553,4
99965,1,1,559,4
99966,1,1,560,4.5
99967,1,1,561,3
99968,1,1,562,4.5
99969,1,1,564,4
99970,1,1,568,3
99971,1,1,570,1.5
99972,1,1,574,4
99973,1,1,575,3
99974,1,1,577,5
99975,1,1,580,4
99976,1,1,584,5
99977,1,1,585,4
99978,1,1,586,4
99979,1,1,594,4
99980,1,1,595,5
99981,1,1,596,3.5
99982,1,1,597,5
99983,1,1,598,4.5
99984,1,1,603,4
99985,1,1,607,4.5
99986,1,1,608,4
99987,1,1,615,4
99988,1,1,616,4
99989,1,1,623,4.5
99990,1,1,624,5
99991,1,1,630,4
99992,1,1,636,3
99993,1,1,641,4
99994,1,1,646,5
99995,1,1,647,4
99996,1,1,649,4
99997,1,1,653,4
99998,1,1,654,5
99999,1,1,660,2.5
100000,1,1,663,4
100001,1,1,664,3.5
100002,1,1,670,4
100003,1,1,671,5
